10000

996
2634
20970
1601
13450
16632
10813
1388
9944
476
27241
23969
28746
23184
16237
18037
28274
25968
262
1086
12698
6572
4469
22730
31403
24988
27266
27729
20557
27475
31681
17063
28496
26486
15892
4278
6731
10831
8305
1580
3202
25373
12774
24433
5133
23982
11482
21468
5943
560
18325
13350
2341
1861
28163
19743
4536
2645
18612
25247
27827
552
13608
22208
17441
16308
4938
20810
2545
28979
3130
31599
5348
23417
13903
9145
1193
15749
14941
24128
12614
4694
24115
29984
10681
9472
6248
15658
1503
11006
4440
8922
3990
22730
13673
905
1822
9387
15507
9956
1734
11214
19231
27805
18884
28057
4014
609
23140
20796
638
13833
27493
10633
10729
14356
24735
11013
2094
25173
19178
2111
5748
22249
23356
10336
28940
2924
4369
11268
6391
5228
10256
13384
28328
17694
2283
8228
18954
30544
16775
13308
21445
3999
18525
24433
958
4586
3872
5501
26844
23047
10399
27327
7698
19636
1518
28179
4250
5328
3776
28518
31614
16587
6424
10441
15453
21595
1057
32195
25964
8816
31321
17644
12475
875
7925
20407
14522
15242
10882
9360
6651
9639
15048
7975
25145
30243
23027
27403
28826
10781
245
3194
11057
30439
6438
27512
11719
19898
16685
5406
21979
18344
22820
10037
20455
3539
6647
6659
2533
4573
15373
23653
12050
10911
28971
30238
4338
26910
13717
9327
8596
14778
15478
9448
25367
9641
31617
8829
28781
18596
6617
30940
863
20192
17966
16894
7121
3904
14377
25084
11336
5577
24843
1317
28585
12886
3985
17485
19524
24461
2842
25447
26640
5649
27147
24151
21048
24569
10099
14337
26071
16514
15339
16294
18944
17408
15809
16496
13058
19483
19541
20299
18666
27703
19138
10999
22345
27188
11713
25179
10807
14168
24779
13597
15511
30089
1662
25199
7069
23744
6210
23084
9102
5306
10540
1059
31175
22257
20515
4531
26625
27850
32065
3480
31955
24080
15995
7684
5496
25505
14213
11505
13523
29287
20720
27318
19376
29322
25238
24281
22093
30436
23863
31525
29465
2230
14180
25852
22203
23449
8604
26862
16726
32183
17846
19594
22796
22586
5502
29299
3521
5125
27811
1207
27169
13986
2513
6493
30180
2940
8986
1341
3408
11599
6554
20757
20992
17372
4187
1240
6373
18913
27254
15689
31114
28488
29819
16329
25244
27551
15635
109
22441
21704
24804
20052
15400
19954
19893
6712
20410
8904
16595
2882
16303
8935
1203
22051
29132
20886
12760
2656
27723
15793
30455
18925
32548
5607
11354
7934
4747
19750
13954
25626
16058
25426
31760
29297
4336
9789
29414
2671
8634
32468
2185
10897
24689
7830
27081
18552
14340
8523
28069
8252
28919
30450
10089
3586
29868
10747
25625
9681
21986
21942
5906
32161
17019
24844
31215
23989
17026
20845
25514
19243
26732
18953
6915
8402
22174
2883
10278
10811
15920
1634
27016
29971
15089
22922
28690
19631
12459
18412
26241
5097
3496
569
2061
28971
5748
21340
27208
201
7909
1384
7754
404
21593
4815
27915
12204
32063
30678
13072
16789
20953
14405
8010
15245
21055
28003
22843
3357
15784
28705
21082
11503
3813
29590
18105
9951
8750
9131
12517
20564
26657
7192
13581
5841
18952
19343
18279
7367
9051
5942
4560
6318
29830
21083
23731
10835
13035
24164
32555
6772
23083
1796
6764
14474
8865
28341
9311
19174
304
8034
1420
17663
21567
4963
20029
14347
25089
19119
18144
12748
3066
16461
24494
32173
23487
21516
17290
31757
19709
31860
4652
987
30908
21756
1406
611
1509
23678
1606
19815
770
30695
29702
23410
3398
3379
9248
22121
26829
19097
23614
15459
28196
28162
19441
698
28940
8384
18841
28515
1147
15229
22148
7290
16356
1649
11866
23073
27064
18905
26040
25227
11053
17060
23579
5204
12606
20335
1280
10004
24307
27059
19529
3635
29922
16189
6627
32255
20982
32735
14502
18171
12655
13158
9340
31610
2602
11211
966
4973
29475
26542
20475
634
12600
30975
29074
29774
21040
17407
21283
9011
30971
10855
12233
31973
16187
30438
8394
2465
20484
7377
11898
18816
8160
8215
26716
31747
26135
14707
18571
1519
15149
2789
26200
26971
171
30818
15413
1031
30243
30923
1234
2031
8046
29468
29573
25120
24632
31718
19439
971
28863
1791
7389
16792
4055
24951
8812
15676
5682
1999
4977
3406
20190
11366
24087
5974
14607
564
6090
20520
5919
8122
9300
22128
28371
3641
22598
7053
24288
22819
6810
3747
28077
12751
18838
32235
13659
31600
26356
8782
4355
21320
20287
2355
12094
26905
128
20629
11755
15325
13338
26968
9004
3766
20467
21469
14258
10792
29396
2772
13883
15750
8211
4177
13400
29866
20079
20770
14452
5609
24123
21089
274
15431
15039
23877
20822
486
10971
7485
26311
11973
5357
25664
31827
16295
14837
2398
32404
22864
11255
5532
21841
31735
929
13054
26184
2809
6446
4581
13610
31947
17546
14491
17640
18226
26807
28973
7725
23478
20079
18809
7979
18516
4619
22919
30875
20595
10403
17437
31743
4633
16503
9613
7979
2911
141
25810
22787
5154
27548
6875
15238
8188
27177
1063
28428
23666
16368
12434
29387
32623
28805
25967
18080
23026
22331
26070
25101
771
30277
5439
7294
12011
16667
10320
27344
1700
26144
22516
5651
5007
23425
19117
20367
4965
13152
10283
17926
18544
31538
2845
8249
6651
10853
17735
173
6407
25670
10709
30383
15679
4387
20975
150
28206
4780
3981
840
11440
6047
653
23296
28838
21157
1027
26958
3822
6263
23504
17503
15251
10564
29814
27518
31808
10583
298
9435
7931
3317
18987
26763
2319
31620
4947
31953
29258
28147
20715
10140
24681
3157
7876
6480
30417
3791
11651
29897
28288
9653
6717
6302
19010
11504
25668
3490
6952
11939
30016
16049
26934
30990
28545
23977
5212
19378
13971
6582
16808
24501
26131
2771
10425
20361
10946
30349
21879
8649
12760
21002
12801
31587
8859
9547
27879
15612
22063
13230
3994
3984
16816
3511
22816
9305
18046
28687
12556
11251
23768
5069
18094
18621
19629
21493
12423
130
26798
19518
8191
29017
32680
21785
32091
19913
30737
238
32745
25649
18913
32425
5757
13671
19107
1397
13345
24224
32715
11719
21769
23184
27466
23455
20421
24018
1632
7691
18106
21129
24241
10220
19923
14152
2460
17916
6260
25903
25032
30224
17328
343
17151
923
4283
7537
14400
19828
9122
19369
20495
6361
6713
10705
2832
5555
3925
10171
6356
30747
24124
3302
22259
19230
14938
349
18011
24765
28470
7645
27367
824
23716
18230
18740
19341
827
22771
30384
16699
13577
25405
28659
10059
16006
32765
10579
6801
7111
833
3506
25904
3572
2785
24475
11100
9468
12642
12430
21860
4487
26650
25239
23279
21293
15509
26661
21381
5861
3384
13850
28754
22976
28964
7199
17191
9175
22366
30522
30402
28545
8492
29346
23631
4298
15298
19154
29231
12577
32029
18140
18423
13137
18480
23552
25532
5043
15422
12157
3214
6305
29575
27303
7746
26413
5414
5434
19061
20499
15930
27118
27341
26861
1604
22859
18562
17830
8912
11967
32029
26161
28248
3054
20608
11387
22117
11849
14375
28318
29943
13026
23469
31063
22823
19582
17042
5818
17163
8172
3899
27940
22234
14998
27450
19058
2896
22358
2256
12144
22356
25995
23984
12180
25305
1643
31494
30957
16130
29851
9912
6230
27017
2557
6636
19951
8033
22473
2250
1486
17050
1247
22403
18673
22406
26203
8338
14967
23834
1642
28738
29968
1174
3421
22896
23731
3177
16636
18322
14479
16974
3613
12792
10563
28860
20597
5202
20305
15229
19629
20595
13776
12188
4280
23892
21858
2693
11877
26460
17254
31848
1072
17886
24943
27102
2142
27108
8436
28879
19017
10795
12105
13459
7672
4206
7629
13655
9714
3047
23142
14019
12116
11540
3114
31194
5154
20151
10335
20001
6107
20512
21414
15875
29264
17582
25459
23156
31925
15508
5056
27093
13561
2777
17667
32279
2899
11427
22109
13860
11806
13748
28692
11898
18406
26165
21059
25881
25539
19890
31696
5280
27621
8039
15775
19123
30321
7098
3589
15775
21644
13064
12416
9537
6068
17828
1445
6948
343
9501
5977
17897
4254
15040
13636
21484
8842
30558
13699
2340
22595
28752
11677
25675
14253
19895
14265
7999
14907
28168
6158
3753
15880
25289
22170
9436
3364
10901
8471
7168
28459
19558
2347
2927
31005
14356
29407
27743
3945
4120
18258
20930
20043
16534
16303
22378
19544
1947
23644
3185
27480
21155
23668
23768
11091
5470
18808
15982
13295
32179
27457
9459
2041
10502
14393
382
5953
16054
5579
20764
8875
5098
32024
32442
9859
15502
22508
7237
16145
11672
10736
14095
15213
21648
23073
19317
21141
18511
12416
7103
11965
30471
23563
28231
17126
30083
5357
30430
7858
21424
12018
28523
13431
6749
12349
9173
17810
22079
16445
29987
26878
21560
733
6114
24613
29400
13307
4551
11765
11557
5916
14998
9271
17047
3934
17474
23324
8295
29614
3670
18201
28682
29498
18579
24821
28408
7721
10459
5153
29617
26250
14414
26439
17410
11659
31666
4901
8324
12524
31512
31644
10599
27827
27836
16132
109
17696
1838
20419
19513
3299
16047
19486
202
15245
29150
2127
4419
26693
18836
32471
28397
23740
20492
6933
31102
21603
839
4632
17564
15323
26286
15794
22173
1196
22522
11725
17553
24891
11089
25602
20354
31990
21169
28008
26362
1234
5266
20138
13510
5111
5575
30301
5626
22713
15014
10640
9525
1483
9064
7844
14886
25519
18387
14942
591
5745
30230
9018
5897
27541
14580
7938
13513
17486
26916
28320
30625
28657
28152
7217
16650
2728
28990
28506
10976
13419
2660
31711
11182
13356
9439
32369
20524
23378
9676
31688
11782
15721
5336
22002
29663
4120
19550
19435
14998
18259
29904
5997
31688
16849
20312
7433
20886
6593
5055
25207
25512
28089
25997
16171
9585
13807
9330
31528
18869
31147
7140
20505
3913
30972
22026
158
19227
7851
5593
31204
21362
20077
15485
13176
12406
25436
7674
16733
13810
29352
2323
19548
27225
9866
1643
25755
24327
17786
4842
25201
24010
14754
22882
18809
4001
11410
12146
25061
195
2869
22955
31765
9699
1540
23282
4713
18099
24953
21285
15699
29095
10951
12546
11696
23803
9416
15172
8536
22775
311
13582
1523
14194
14879
8589
15887
19605
8083
27354
15472
27873
28064
28701
27047
3187
32384
16120
2023
25479
27920
31779
2323
15420
15237
16211
2843
19863
21082
26209
28297
18377
27532
9128
15191
30133
15882
19375
18436
6061
32103
9736
22247
23420
467
17783
7618
5546
11337
11095
27546
8187
23306
14906
24774
313
585
15312
27975
16947
15656
32266
2391
5126
27363
19326
23620
11163
11339
17166
17791
30321
21879
21188
31728
3229
10166
23041
14221
1039
26567
14039
6443
2326
9293
17075
17556
24615
16509
575
24793
13530
5914
3206
29418
23093
18851
27994
18019
24621
4043
1778
22697
8810
6953
14040
31286
13387
25393
16899
6705
20010
28003
19519
28738
8161
26050
24278
30884
11404
7048
17001
30332
5009
13848
12319
28777
27358
13876
7682
23388
3698
6000
10917
26538
2335
9702
27658
9311
31374
23596
9668
27862
7811
23939
10841
21638
22882
24657
27626
1311
28147
7378
22
17110
16482
5130
6939
2812
19082
17150
17982
214
9586
5667
21870
7337
19480
12567
24612
20756
31598
24207
16781
6818
21411
15505
25579
11680
7843
30947
23353
13868
24545
12739
4877
24207
4436
20184
5059
4045
12735
26217
8920
8314
2102
717
17044
26062
16606
23586
21740
23292
18164
23106
26022
21184
17
29427
24510
26423
19628
14430
12809
7156
29152
11203
10008
26192
20591
10346
29791
4097
3336
31453
17558
10223
3525
30804
16736
30019
28920
10865
24619
8384
24871
25389
30295
2134
27221
19731
22682
28916
13443
19372
2467
2719
18295
16442
15357
31425
15292
1704
11063
24771
31978
16066
4162
2269
296
13730
13594
16685
6638
874
27560
1287
16912
12601
27624
29325
3320
31575
23879
15999
6962
947
3919
6740
14383
2192
9605
16521
1346
29563
14994
6969
21999
21632
16034
14574
8549
7581
5386
951
11593
12919
13613
28282
21941
8268
21152
3212
5761
4649
20620
18303
14785
21853
1108
10043
20366
557
2936
24656
21258
7369
14522
7307
8350
17023
23679
12744
8582
14127
27767
15110
20624
26367
20096
18369
31776
12367
19144
5500
27000
2544
26930
1949
15670
22928
15868
20861
19742
3705
27038
1728
16154
21628
20469
1506
6527
29479
19104
28947
10386
11583
23211
10565
23883
13418
7530
32643
2393
1323
2216
4228
7269
16147
12802
32384
18075
19766
9613
32066
9319
29405
4031
25727
22396
4218
16012
15462
12571
13537
15823
30840
20882
20148
4844
21658
24835
4639
23475
2152
17766
26310
21640
17613
31185
29180
2497
12240
27383
4406
14416
21169
31984
22719
8610
11829
7736
27309
22215
26942
3065
14867
16082
19870
11149
3704
23683
1837
7486
23432
5923
22810
27729
16650
2736
15742
68
18194
9018
9015
13139
10872
1933
15859
12865
19848
5904
7307
2388
8443
32493
31123
674
6439
10866
31279
14731
882
4792
20263
1927
20492
12674
27710
11810
9182
7015
18880
25156
18109
1332
25691
7350
16868
14476
28463
21474
17057
15313
27688
730
5454
12616
7820
8604
19587
12663
3024
29333
26762
9426
32432
18787
4883
24727
16511
11999
17193
2807
31931
1627
23909
2678
740
6184
9314
1172
23182
9564
3440
12205
23990
26833
19853
31774
19794
10609
12945
22697
5163
16817
7336
5659
11247
16476
11269
11819
22658
1682
30421
29094
11670
1808
23410
25033
4731
2738
17114
14574
14392
7733
26463
26220
13786
3394
29600
440
16140
3752
3511
30928
10472
1514
8884
32217
12557
32249
1611
30726
15090
16706
15049
31677
30586
13035
30028
3573
10952
19802
12852
14051
1108
27128
28117
10197
15678
13876
21870
30814
28899
31178
1119
16051
25519
4677
8598
1877
11314
18370
29003
28656
29301
24312
12013
27011
14734
3189
17244
26050
26482
11562
11096
29625
32523
26666
8762
4017
16522
7599
25825
10839
9215
18270
8432
11035
25126
11724
25655
29143
32644
5952
8302
7089
3507
21435
5929
3906
5883
18997
16904
5112
26658
27434
2862
30904
11396
11349
27125
3528
4198
29116
14304
30189
23943
2028
20946
4816
17912
4998
22909
4262
20782
6650
11036
21776
8022
1939
23397
21824
30440
22196
20921
5982
20607
15457
21151
25386
21736
32256
3696
26082
376
21601
2132
19814
26275
32765
26988
7834
13515
29307
5201
19212
2902
12665
3262
18903
15875
22152
1929
14279
1150
20600
14040
17085
18482
18903
9873
25685
1118
22708
15634
12231
27755
23464
13347
14091
19581
10264
7720
19265
22600
28084
19356
7247
23589
29507
9402
31692
1124
4259
19325
18205
12004
2571
6603
15581
31458
12436
20461
16771
2831
27640
1859
22334
11749
4505
15670
19748
24634
11461
2669
27020
24086
7224
23108
5048
13762
10466
13946
16568
4385
31211
31529
10122
10563
2549
1788
134
6200
417
15260
21498
32034
6996
25195
7185
9870
29755
18805
15865
14085
28300
11428
7748
30685
2319
16179
21647
20053
20446
26980
16994
1762
19049
3702
4440
27331
2748
28369
23680
21467
16901
31365
2306
12992
32336
10226
4614
15120
30102
8904
19409
10756
502
26419
25137
23367
13122
7503
5660
8200
6589
18658
32404
3150
11811
8522
20685
11915
31466
9652
29586
25973
27336
16783
25061
18449
24693
5441
8422
21520
31666
14104
19702
22111
12170
131
539
16890
3544
15234
9126
26881
27657
17499
18196
19469
17699
29583
17971
29636
32006
25612
15494
2219
26867
27044
29673
7484
16714
19390
1144
24121
24728
6219
11182
7487
29648
8956
7882
27038
32729
1202
23671
11112
24649
12087
16811
29896
9073
26923
26064
32149
26521
17985
546
32039
7564
28587
26712
22122
21592
20690
19590
18992
29263
31819
26178
9164
32593
23814
11526
5084
25678
1993
13269
11622
17414
16605
26657
14631
20755
2568
14317
21287
17706
19643
25391
1681
23966
29835
31864
23490
293
3557
23766
3232
29407
15614
3834
21293
13972
8458
30102
1628
2622
30638
12553
31011
6343
5303
2110
20433
18963
524
22737
16290
21569
23521
21108
27792
29230
15662
402
22893
25403
20576
27954
7727
6225
22606
19485
22667
12834
17774
5443
2757
13489
11081
28507
23750
5140
10796
17354
29551
32376
8481
30918
21037
1895
15389
5819
31437
6214
12923
23789
16274
18978
18857
2400
31621
3244
28706
22517
9485
16001
1180
31957
28351
6831
7554
7698
27255
8053
25764
4236
25256
21067
23342
23570
24048
1314
6614
19146
240
237
24922
2003
16986
14688
3882
4392
9547
28152
19041
200
28124
23611
31994
28948
1012
26433
27969
120
30816
22643
2951
14413
24613
7571
18458
23294
31252
10237
1397
23914
21152
20780
31411
3978
23021
26751
6730
14420
8233
20029
20725
10463
11295
16344
12530
2759
8201
14702
23918
28115
8358
4245
19006
22741
12941
11352
9167
25042
449
32381
29536
4451
18309
8714
21358
5467
17010
17159
18544
1706
29894
13188
4549
18050
7423
20958
1771
14008
7337
9279
21745
20844
16756
19812
12335
25580
9353
16035
20020
28886
5150
19244
15360
32125
15176
143
25716
20110
31761
26750
23302
22516
12235
6100
16057
25592
16804
11991
18765
13741
22394
11962
24242
10891
31984
18535
12483
8026
1217
2171
19249
7250
5204
1169
7101
3200
3473
28099
19115
1131
19188
11374
30579
23544
25055
26934
11705
8075
24373
10058
9855
7279
12836
21481
10650
3192
14658
28454
9058
9446
9692
12776
17070
3213
10634
21812
13056
32051
8711
24239
18172
5178
14144
5726
10015
5759
8107
2481
22701
11137
32474
16320
12523
21446
4688
724
2191
7802
8339
25385
17269
25178
24195
22258
147
32208
16105
7070
1583
25183
24659
15450
15951
28482
3360
25047
22386
24400
471
20301
23933
20003
28093
12480
24312
6265
24998
7810
29306
7130
8459
31225
12386
6524
2397
1954
29896
16483
921
27222
32180
8908
13341
25548
14733
6860
23738
32352
22996
25141
9482
1042
32274
25017
15619
26322
2830
31570
3533
32251
580
21473
27857
15645
28051
24597
1299
18431
13110
14478
27329
2020
26101
31042
3340
9742
26012
12320
31286
3969
25517
7924
10732
26121
8274
21643
16855
638
29589
24855
2158
27719
30419
10708
31246
27165
25198
8172
13388
4113
29635
24217
11146
28369
28508
29833
24264
18471
4966
23686
32189
27842
3685
26966
13606
10041
20006
10464
5471
22605
15093
657
18224
10351
13073
5374
745
29314
23133
5835
32177
19425
4696
16075
16667
19876
11855
30568
8442
799
14290
24902
17271
8620
22372
26915
28512
28075
13686
29954
5315
28870
26519
27784
17340
25978
15845
8358
1419
31698
1223
22136
19433
23414
3806
31085
27293
1765
6968
14505
20298
1023
27591
5031
27531
28102
8210
6691
1345
21349
10283
25399
24876
2162
25569
32708
31673
19056
16950
27667
17435
24472
29972
17596
3485
4825
3387
17095
11063
12573
4734
17170
26975
27598
27695
23794
23073
17560
11736
19485
10098
26225
7211
12744
24514
4055
32316
28940
28880
29273
3822
10894
17602
11097
8875
7007
13685
14864
21849
25377
18962
5843
21641
30060
29410
20372
6641
14960
14179
19883
10780
8923
2715
10455
11104
13053
14764
11135
26897
18729
10409
27710
5876
9055
20904
8351
26870
26665
14872
3365
21278
14019
21077
13967
1473
638
29562
14425
31221
15718
28535
25734
8775
5667
26467
4253
5041
19741
23571
13298
15046
25828
11499
15142
28976
12750
30964
13553
1884
3298
5679
15391
5748
11764
4905
17113
11918
28946
30416
8998
13603
2847
12933
6322
1986
29118
31346
1997
14085
31346
30750
13750
28101
29955
2878
22042
22666
17699
3279
4568
8517
16209
18529
27399
21314
19710
8118
8762
15192
7150
3211
258
6243
23778
29878
11701
12276
21876
1137
27758
6982
18754
758
29013
24692
32334
21836
10273
11242
24741
9056
5339
15897
2367
21335
12772
24944
11303
20259
28473
31879
12763
18516
14070
5277
32758
28209
6937
21572
13580
18952
4233
27227
23510
13762
23383
21821
22927
8378
4163
28216
7069
5840
20354
18753
18548
15801
7358
15589
30648
15513
30815
9859
13729
16851
7689
16057
21924
6943
3173
4636
22608
5086
14885
29228
26742
3499
7234
29319
13196
1843
24968
18012
8531
1350
1877
4643
11960
4654
11166
1419
28664
18239
16434
20916
32264
5295
835
20383
21300
15272
24866
27363
23302
11932
9034
9377
14697
19417
4256
17081
3342
9821
25337
32574
12559
20715
13789
19496
16851
24414
21131
32585
26929
4670
32060
31363
13784
24721
10156
9271
494
21491
11479
17408
11511
27369
31232
6050
11513
30067
18680
13373
15069
8160
20381
1991
7705
8166
2209
3768
23436
14322
31117
4615
19369
1213
6661
342
23512
18720
16461
15722
32537
11305
14092
26333
4587
7534
24656
1303
13676
21409
2515
6522
26049
6501
22141
29405
20408
23648
24873
21820
10668
12946
31916
18861
5034
18917
13587
10902
17105
30213
30253
16414
31743
20593
31562
225
8618
7891
27713
19176
22795
29581
19384
10456
2690
15508
6815
30569
16694
13441
21758
32538
11772
27109
11249
22052
20858
20701
8432
7852
4492
4839
26196
30012
15846
4340
10519
9076
18427
19391
10204
27389
12830
9820
15151
31935
31207
14100
13069
28756
473
6768
11687
20412
15937
31892
19299
2898
10593
19662
25636
27134
17102
20335
8651
18861
7703
474
9214
17406
17575
1242
4392
2878
28397
313
14528
5015
22714
14990
10959
23684
13546
17494
26796
28296
1094
3398
4874
24864
21417
13536
14645
31990
9570
24389
11673
20055
2522
31562
900
15335
11127
11981
6701
30100
20927
23882
22772
20424
8129
31913
235
24291
4528
11354
14230
26344
32210
17060
12015
29558
7320
17466
3757
11259
23567
31248
710
14372
631
6508
4915
18584
25648
12864
10483
6117
12510
22455
25682
30650
7109
14094
10347
15960
25461
4261
32748
10307
31916
18262
16153
573
25720
31237
1812
12148
23964
23416
3675
24571
7477
15465
21138
2935
10909
31706
6019
1051
30352
20905
22371
13782
28045
10084
2134
26058
2431
29534
23350
1537
9885
18947
22416
29019
8079
6504
30960
9163
29906
17191
12639
17091
861
2153
29993
2541
3717
31812
13284
28700
8478
28744
25261
6274
2531
3924
31669
25635
30488
6830
5885
14217
30061
32083
93
18618
22054
10636
28363
2407
16505
29890
16602
358
29239
26003
25217
11619
29615
10278
16414
13778
17104
7355
27322
4647
14733
13446
20879
27722
13190
4285
13511
22597
14052
6128
13703
13376
9348
30105
10028
17584
13145
14324
1493
24779
15115
16
13857
17215
4580
30758
29242
21283
493
1067
2066
31022
6484
24737
19692
21799
23057
9138
27167
26524
3273
21631
26390
983
15091
3254
5276
7694
5177
22626
15702
18906
17185
18440
16273
31978
29932
26863
29759
27129
6335
6079
1851
2045
6656
24910
9429
6562
6659
26038
8330
18678
27878
29099
30995
11110
23993
16907
23970
16873
32226
9655
6248
18811
960
29090
602
28621
31887
31527
25653
16443
21900
3232
26815
23806
89
2100
1104
22691
13986
11504
30098
17339
8449
12825
17285
17109
25887
11457
23750
16553
24349
29593
15376
4246
2610
29958
13827
5455
23701
13175
21540
16337
6813
23541
24870
31384
25894
11004
2664
21778
1848
5001
15038
852
18147
23668
4724
1548
15725
10240
8336
3766
31408
6577
16728
29715
30653
3677
17940
19159
7365
6790
18965
30370
24122
17127
22774
18226
13617
9037
18978
30167
30475
30632
30102
5927
20564
15202
9705
21746
26347
21231
27529
1145
26467
29606
13639
27866
426
15823
21014
20943
6376
15613
16399
5784
10922
17054
27833
3382
12608
20176
19080
17882
1379
31606
24483
29341
796
7563
12778
13169
30177
4279
13368
24152
4096
24864
6373
6100
28993
18307
11664
20382
198
11139
9243
30106
7735
8257
27894
31499
28188
3884
1697
29700
17802
1307
26220
27935
30978
21913
24194
18800
4758
2175
9509
15548
13133
17865
24891
13799
9161
13218
24586
19884
22567
31425
22592
3473
27431
25848
24118
8985
21645
18954
28021
21307
24263
16062
11130
16915
8143
14897
18358
25304
31059
9584
7385
9230
25620
2374
30544
11260
2700
20051
9484
14689
30419
17246
12934
31843
22467
24045
30976
31688
8539
26898
25101
23144
3169
5767
1107
4322
14667
9725
32144
28559
31328
5810
11739
31924
2331
5954
14381
764
10960
10175
27679
25637
2193
8707
31989
1017
15955
7237
10716
24448
25933
23019
15216
9332
7585
16031
31361
23797
23358
30629
1047
894
31237
20332
7859
4888
23851
24419
29912
26573
7646
5133
22730
864
3371
14168
30102
2619
3359
29995
4434
3241
1324
3646
17574
28741
30159
11566
19340
3507
28528
4561
21331
22157
28810
1735
27114
6048
28427
21841
29275
11097
4350
11110
17046
12410
22631
10244
20080
6417
18030
453
1003
9643
14784
31666
15544
8389
3123
7259
26874
28291
13225
23336
22349
17573
27190
14314
15879
7862
8581
28853
27070
17030
17783
18930
13578
26843
4622
7344
11659
24164
138
7995
2606
12526
4049
7152
22189
15578
27668
2639
30805
11983
14768
15954
28684
19884
1874
8701
32146
8385
11103
11575
2055
17982
4243
4056
28590
3563
13800
16899
11504
11290
26041
28342
24740
6363
26663
27807
14733
28526
13500
14642
21284
25086
26446
10744
29080
5516
31782
18474
16148
31273
5986
2686
28224
29544
23448
24897
26122
25875
5052
18598
23206
30749
13380
21854
30675
11224
30601
28520
97
1896
6513
12075
1776
32632
30283
4290
9210
25643
4346
29079
19732
27477
17494
3123
12656
10988
9167
26196
16295
6073
20308
25920
14517
23635
15987
31834
29765
7246
18113
10739
14896
30640
24956
13922
21824
25252
29807
26967
17209
9587
8726
10604
9754
6319
25859
14845
23200
29106
31360
2874
22540
13127
24694
20602
15654
5798
27277
20691
11906
166
12949
9703
27138
22318
26661
23808
13212
19180
17281
11872
32605
26954
8129
16082
31918
2718
48
8069
26327
28833
1267
26
16065
10531
4843
18172
20992
2301
13020
1008
13072
21318
27598
28909
1759
24778
7347
29997
19340
23479
6475
24196
31855
25498
3653
17649
14169
11658
28839
19571
18205
29859
31855
14621
14159
20151
1658
2413
21835
14655
9638
2778
17017
29336
30516
7340
31696
29548
624
5392
31385
7278
32659
31852
21110
27722
1512
4848
28834
20955
25902
21614
24698
28319
11838
28267
14653
23913
12013
23670
6416
20822
25908
7864
20805
8450
11662
16077
10204
4604
12450
5842
21066
30839
21538
3775
3450
32578
13043
17399
30482
11258
24718
20254
3063
29566
31654
7211
28691
29347
21515
2238
25430
7977
10190
15539
2042
1262
15270
28919
24076
25442
21138
6298
6184
16187
18624
8230
11652
15466
21934
14128
19759
21581
14735
22572
5787
15398
23024
646
15194
4044
4507
23278
28197
5280
14267
9715
17186
10435
8770
20691
25959
12934
10120
31889
17850
9250
25396
16201
9882
26538
16992
4033
10628
18237
6904
3904
16751
9600
21091
9635
11929
6731
22374
9133
26501
18339
29509
24479
4932
31465
13867
8
30965
28240
715
26847
2184
16021
32072
32463
24775
26858
24914
13522
30358
25907
915
6145
16761
12404
585
19883
4440
23434
26932
14244
29055
29210
19634
13023
15593
19912
8233
9279
18366
10665
19365
18347
16922
2554
17602
30049
14352
19474
11981
20876
21231
29333
17958
6680
16323
491
6888
1733
24351
240
24268
28538
8730
29165
19019
11485
14488
22472
23811
26400
29899
7031
32092
18205
2041
26042
15211
15782
31871
16650
15127
21782
4374
6092
2426
16684
22869
25291
24970
8474
18295
7141
9208
10200
863
18693
1624
7870
13017
13137
15747
30290
5923
7844
10041
22879
9132
5438
14091
30279
29211
7098
10872
29337
14227
24897
18519
15590
7989
16382
12149
12497
11751
8657
30846
16742
4948
7496
12065
7597
3124
24267
26223
894
14798
12822
27780
13462
4795
16365
24938
16875
20716
21514
13626
8509
239
16219
20868
16622
5741
10858
29169
3603
10744
27677
28711
8395
17411
14495
1773
720
22834
15518
20624
17483
23509
30903
1157
21229
1711
28974
14415
18235
17659
1507
10148
7209
23473
1665
18379
1259
14341
22265
10824
21768
1840
14383
29371
11952
31604
2290
25606
27471
25178
4914
18606
29282
28735
14701
14980
29322
25870
6251
3460
12510
28239
28971
25085
25222
27233
28445
8690
17542
28931
7826
28096
26071
17690
10096
15362
22460
5038
8234
12466
14419
9269
3311
28561
19306
24084
24354
28104
5525
18275
2315
1743
11645
24816
31180
22670
14203
903
5526
10946
16230
8817
32284
26019
25769
5947
16200
23492
3224
23225
13357
27450
3844
20297
14398
14848
4364
92
30909
4506
567
31539
31350
7673
28608
9447
10156
5023
8753
12716
31316
259
14643
8534
5761
20279
14757
25885
26912
13768
16875
4765
7909
9702
22665
18465
1925
28868
2288
9760
14630
11586
17047
520
2067
8394
11854
13883
9909
12151
28112
13143
447
6013
31127
14011
11432
31685
4340
19015
29278
471
28766
29026
24121
1789
16907
10050
20781
12453
31933
4712
30533
23560
9439
4457
12620
12553
9168
1268
18125
23648
10623
31505
29759
13559
19512
8103
10617
20628
23229
5697
3180
19385
5273
8465
5136
18633
15537
14646
20383
27243
14876
31802
11778
19763
15156
4831
22920
17536
3821
29979
31710
24224
10342
12129
32316
29755
190
3362
6620
18158
19241
19604
19632
29494
12099
16306
1620
14736
32164
32388
8514
25310
4788
3744
31813
17421
23488
9201
18480
9461
12878
24247
24015
3712
430
10959
12318
17423
27346
9269
11961
27673
23136
9415
11412
11285
17668
24395
7916
15259
32267
11188
18557
12998
23598
26785
9462
6108
8363
5671
10410
28721
21659
3536
10376
22600
4223
31715
32333
26428
25116
32230
15608
24926
17545
2658
2430
32288
24198
1510
27584
17714
31503
10574
11194
18154
28721
7493
3837
13289
26653
28425
2655
6140
16507
17007
15345
15424
29696
25894
16689
29834
16963
10047
15745
23557
2508
7405
9432
17693
2158
11658
7864
24732
30168
5083
5472
24595
11366
13205
17730
6012
21565
26656
24759
25117
17558
12442
7154
20144
3930
23839
13618
22208
27376
8520
19772
9558
28242
12273
9225
12501
21351
17472
3516
11299
13197
15331
13271
4873
29300
9880
30381
21981
19251
28403
795
26718
13205
92
28787
14303
2484
3671
31417
19624
16330
24840
11538
6809
31299
19190
4217
17680
21527
11279
12980
23053
15702
9708
6534
18580
10245
25943
30247
5715
30504
9482
11505
6277
25632
19898
1372
13334
20023
22356
5676
26888
10362
20359
16873
11541
31175
10626
22416
22934
8998
15103
11144
12451
24668
2688
15575
15740
14014
21208
14998
5159
17988
24558
32162
13403
12510
10430
19093
5021
3083
19104
28661
4777
4263
18893
5291
25107
32004
15135
19126
6702
23869
15128
14880
2605
11719
22054
30769
648
3145
17957
24292
7842
27310
10534
30871
20904
30840
5487
21510
15036
13911
11971
21626
1107
26618
8419
21054
21211
22565
9044
8019
1698
8964
27235
17508
21747
31423
10599
2556
31874
6734
2630
8695
6409
23183
15930
1335
23092
7573
3029
22936
8635
1091
32323
29733
19661
8730
6608
19340
11445
9040
14761
28367
29368
6434
31463
21565
4924
24683
22729
5281
25648
22132
24129
26297
31399
20494
4275
28393
3014
1758
30713
14129
21729
28921
26538
25437
20193
14001
28060
30075
12521
15022
2471
13970
1593
26688
4780
6033
23378
15347
27862
7814
18010
14948
29984
13328
20163
18772
17944
25879
30760
7931
14818
27834
29815
15262
19839
6793
16725
8548
18768
26869
13502
15974
21205
22532
15596
15621
19387
24650
22395
11904
8726
4628
970
17350
30187
13542
13476
2184
14321
31528
1312
21651
9624
7708
13509
26461
17995
30227
12018
25053
19954
25313
8573
4768
2236
6286
26267
18458
13339
9294
17920
7482
26896
15795
20807
29761
31656
14370
24467
5075
29639
10372
27767
6734
804
4925
24083
15196
7317
13922
30336
31684
4237
17446
29807
24454
21218
8598
9996
15910
19924
32135
31017
12616
26188
21452
14232
20861
5473
12460
5848
13661
15136
18579
15349
26326
3725
14343
19625
17091
20197
32734
19143
30400
6694
4526
16089
4413
3281
134
30216
22482
3823
10715
22333
22482
29266
27333
4998
25891
17949
13676
13755
31565
903
6844
21857
13520
30683
7265
28878
19643
4035
23279
12942
24186
26567
29792
9734
22512
17937
9924
8023
20934
24947
2868
23174
16898
6571
32008
5593
15579
1253
330
11140
14283
30337
17002
28292
743
25367
29746
20172
27756
17848
13309
2207
17050
27255
14628
25405
10181
16936
27066
17089
27817
9064
10105
4426
25854
7390
26875
17241
27212
15552
29486
31610
257
29080
18178
4391
21441
26696
5988
32489
30973
2891
23408
31680
14023
1855
20706
17349
14564
30880
718
21518
27939
9943
10386
7634
31214
28787
28936
29901
799
19638
3584
15590
12565
1619
5101
6928
11782
4982
478
11630
3478
12037
1456
3770
21161
5925
20610
10471
1910
5377
3946
6917
7134
12743
23654
13926
32251
15602
15254
22271
8443
1999
30888
6928
26159
31290
30867
15880
7263
25769
21384
6819
2401
13165
19237
6229
12777
26420
28909
2027
21411
30417
4341
13168
17791
32320
13535
9549
12877
24292
21260
27317
24969
13588
32270
21824
632
18134
10332
32726
11636
20458
20554
6863
3971
20235
10296
17240
29743
14449
3849
27161
8594
12698
27863
3349
15025
14922
18404
18641
7179
26321
9684
1208
26225
3980
3354
16062
11287
6574
15025
14916
29676
15680
24588
5691
1831
27751
32079
3725
15650
16358
11199
27832
14700
3299
27767
27580
20506
2030
20318
4920
1117
6463
1621
19920
21850
17983
14517
16081
19765
21579
11000
6936
1647
2228
3766
2352
7027
10762
3796
19642
13419
9882
27640
16658
10072
1077
15679
26415
24162
32051
10547
2763
30828
28344
10999
17092
22508
31798
14277
20675
5114
3123
22683
9243
32679
589
3120
1012
15247
23163
1325
9384
1458
2453
6298
11373
15231
18199
28822
27445
16946
9250
22348
18898
18784
5059
11810
13406
7120
18552
25907
986
29325
2800
1792
11029
32313
28179
11362
10959
6820
1090
27844
4383
24734
31200
7822
2066
2569
14609
31716
14229
23602
31425
32657
32405
3169
26857
3646
18276
21166
13837
16360
31583
7959
19978
23953
22990
9424
1038
26421
13835
12250
25064
13823
24807
30935
31874
3773
16713
27421
29099
14482
24600
4361
29466
27626
27483
6805
688
11699
29855
12845
17406
27339
28313
5055
1799
26548
11789
6674
28743
22671
29167
13912
25076
13640
14023
1542
2691
7694
22874
31459
15470
25606
19590
18783
29493
2624
26222
4391
10659
21226
2263
29686
25938
11459
10450
3758
7025
5331
31132
2215
21189
16474
16066
11591
9966
8966
2440
17363
4332
9576
25996
6532
6369
8105
14503
29150
21784
27769
23060
20797
23111
10313
9428
21937
273
28858
2384
4619
9423
14421
25153
7992
16272
636
4301
22478
1886
7072
9202
29157
28868
8629
3880
27432
14989
28899
13378
31532
26317
18559
17558
0
17702
15417
15709
6405
29252
17815
861
25599
28842
2466
25029
4205
16049
9951
28760
15638
3533
8064
9421
21477
32531
13276
4982
22518
2296
16669
8993
23025
27228
30776
14396
1687
20167
291
6972
922
2034
24130
7743
3762
137
9250
17903
4845
19503
22889
31146
10311
30915
4877
32481
12666
1249
8389
17342
3095
8108
23997
15626
1750
5579
31118
23373
4650
4018
19821
23351
24345
1315
4514
30014
24651
2548
1853
12425
24929
22546
27140
23821
10376
15046
16047
30966
22093
16183
20824
1352
30643
20017
30765
3526
32386
4900
28264
26643
5091
21616
23425
28183
31018
8415
23201
14244
27379
30323
5723
5977
14960
18019
19607
24263
4353
31328
20174
11731
4613
24348
21117
20827
20209
6157
9683
29981
16799
111
7341
11476
16616
7560
18885
6307
9076
1583
22566
10423
1233
25487
6372
17449
24771
28457
6409
22305
30939
4632
21458
3137
14411
2457
21788
13633
2553
13514
24601
9942
21714
28594
28231
3033
4705
8066
6819
29605
13216
21530
19738
8129
18446
8911
14912
21695
6913
7788
2884
12899
15166
4214
16932
22280
8391
22453
11805
21056
25844
4079
1126
10939
16581
26359
28957
31594
17783
17127
13442
27619
853
7593
8291
2056
4817
14780
2519
15075
13267
5172
815
28885
30545
14339
29226
9456
10016
22136
22120
23969
24586
18693
21537
23698
4640
24645
22295
1486
23377
9277
25033
16935
28732
27107
23786
24789
1859
25052
31505
15455
31201
1162
1202
9919
4157
32582
8269
24769
11007
1770
27365
8364
16226
13203
29876
27684
22922
18853
30237
18767
6425
5135
20706
2871
23549
13264
12695
15727
2955
2234
25943
29434
16338
6005
14261
31848
11561
4296
27893
18754
4107
24084
11389
30888
2853
22305
28550
23865
11180
1309
18455
30771
2036
5858
5172
12251
11327
27256
29011
17696
18899
20443
1039
19579
23631
26878
26656
11801
14654
19215
23691
28988
15853
17661
22
22239
3962
28472
12799
1945
8494
26808
27373
22723
29964
25920
8743
27869
19114
28900
4868
13102
12352
3273
30371
2731
10751
2348
1499
3098
25508
16549
22389
16247
8268
6317
28313
16535
23690
27487
3463
5899
22199
15995
8328
17735
29065
27568
21795
21252
9447
7707
12691
22242
28924
18699
16505
17234
1931
31751
9423
31411
8066
14354
10781
28347
9937
10797
9455
20249
18044
28446
14214
2904
27887
17520
20174
11271
21139
19131
27536
18199
11422
15653
3049
4996
559
16937
18683
24632
22426
14743
31970
29228
9216
11228
1257
3536
17700
16004
29694
12205
25977
20989
18788
14408
2176
11422
32680
3914
12624
22247
2006
479
22390
3339
1260
24668
7680
27051
23439
7972
213
11749
27133
32460
27720
19085
31811
32637
29420
3770
20656
9114
5545
8069
16521
17827
21007
7437
24830
1370
27371
6335
12381
4132
7960
16596
9094
18609
17048
25882
10143
4575
28131
14584
27657
16604
14207
30380
2194
31371
11217
18392
21484
42
30515
5949
32350
12081
30279
12230
17593
14461
8330
19656
20366
21165
300
32648
4766
27597
12831
3582
16530
7730
3438
11992
9964
27812
2256
18114
1598
2499
28541
2789
15001
11939
28224
11437
18505
17594
9677
29392
8383
26364
14166
25484
13263
32324
32601
25648
8476
31990
29372
29149
7632
32226
21019
22414
25232
19052
10081
1366
13743
3050
16789
27881
26017
11342
8951
1886
18355
10757
5452
26675
3834
25375
22646
402
3977
7087
8007
32210
16871
17269
20119
21057
6849
16058
12948
28449
2779
13948
7770
12528
15180
13259
10692
30445
23019
2675
385
727
2565
22235
32106
1528
19793
4909
28946
32610
31013
1975
27295
20345
3049
6802
21465
9393
30413
17025
10625
9625
12215
8475
15588
31769
8063
2093
13232
9719
16479
28250
14853
11936
165
5892
6863
13862
15787
29040
12884
27013
27401
29476
28425
20522
14857
29076
21674
4790
21852
16126
13705
7935
1291
3731
5671
19799
20144
25559
28417
27410
26085
4426
16556
20034
253
2632
11812
22213
26098
3118
4450
130
17311
25278
15916
27375
11055
19397
26417
31191
15830
15866
22869
29530
25279
5930
330
16181
6469
30098
28512
11075
15205
16525
19870
22852
17523
9327
31761
14814
28685
1456
18276
14561
17742
12109
28081
32463
25155
16491
26007
27548
7075
7485
7053
11954
17594
26409
6517
8248
13223
16422
19573
16276
21959
23913
23810
31534
26737
11584
19773
9591
10724
5182
20867
15147
5757
1432
5951
24275
1582
31439
28163
11661
15915
3727
1752
20751
19174
16088
15826
29418
13886
6747
8679
29964
28147
23847
12032
5001
28254
16516
28241
21403
1375
543
28902
25575
16790
26216
22655
20993
25046
14905
25246
14643
22742
6072
10718
20090
14634
29310
4486
28114
7538
12025
3934
3251
24786
18702
18370
13788
15266
19971
12276
29263
6246
11677
10935
17309
13568
9861
21273
4963
25636
20976
27024
15381
781
4735
5960
3834
30574
27236
31676
31608
18860
31943
14468
15250
12106
15976
28525
10671
6565
6533
26319
9117
7393
2302
18459
7893
17187
28343
11444
20993
8192
10558
27904
6075
14390
11438
26046
28312
4506
8915
10138
14949
32594
22158
17662
10928
32324
28283
12844
27275
13774
15058
27530
32140
28856
6795
22076
28184
8807
15302
3832
12513
19539
15209
6934
25006
22459
26635
12263
15707
14231
11281
1096
32032
26318
25366
24695
30486
5801
7825
24613
10230
8583
7601
6860
2596
5587
31884
9794
24045
27956
24185
10127
18189
17411
6074
26108
25461
9474
6751
5228
16203
15691
10854
17647
18993
3206
7463
14997
12746
25951
10224
3456
17786
21048
492
21821
18286
12826
23881
19797
20189
8690
31641
10270
8077
1530
24953
983
6808
18293
28017
13812
11376
6815
22044
24759
23585
24804
21385
1792
24534
31568
30688
4710
23199
8519
31561
32646
10097
3958
32521
9371
21871
8969
3054
18000
14695
13598
20462
28370
14496
19066
24331
15144
12499
27515
31610
4807
8567
14414
10499
32097
31297
3426
4011
2815
13036
19485
29073
591
4150
7117
14358
18751
14891
14049
23616
15306
1957
6233
11873
25874
8980
7547
16627
20144
27771
28616
31431
23112
15547
19246
5215
22880
28180
29823
1176
22386
19945
29730
8331
19007
23491
26889
29366
7271
31129
2018
3415
17975
29007
6802
23577
26818
29564
5087
14578
7987
29552
2924
18508
31329
1142
13803
24675
23204
7254
11662
32750
7144
24350
7870
6145
18431
22562
11536
11570
17212
17474
9333
5115
10045
20843
19121
19551
16392
30561
25870
16592
24410
19899
18001
27729
31291
815
30957
11224
17622
23055
22903
16118
16520
19988
13658
15289
28727
18267
16844
31186
9957
32429
32512
14579
9348
30467
23453
1659
29964
12361
11376
9813
17868
30563
19549
797
9469
30574
30876
27013
24477
28744
15650
4856
29051
13906
1372
17277
15246
24436
9507
32477
29834
16738
28141
6408
1973
9502
9280
9653
22007
21439
26989
2889
3377
24688
28026
15610
2512
21435
32096
24628
30370
7176
16759
24891
7912
26464
16430
15123
9900
19063
30975
30365
7509
22762
11170
9474
7800
4805
8065
22868
29937
19272
32621
25971
29747
27883
7567
24110
31708
16031
13217
10923
22925
3671
29534
8969
31992
25799
31542
579
12858
9835
839
12120
22124
17868
22153
8617
14964
27391
27720
25762
10273
13422
13784
32412
15736
29915
29828
16130
4680
4769
11207
14259
23557
27709
959
26024
978
26126
12254
19671
25312
1369
11747
2903
6391
15504
28936
10180
12626
19668
19837
7909
2480
24760
14358
29836
12200
17480
11841
19390
10301
24138
23098
18964
21938
20163
18306
19041
28576
22205
15245
8853
16709
27976
1722
226
8735
9663
24969
9245
23737
19276
10761
29542
30662
21934
5519
14603
5484
6970
10925
1194
23778
25632
5986
30870
8765
17136
14223
1660
16519
22109
24490
24391
23058
22592
16310
6720
29451
7648
29299
22394
6738
28016
3282
24941
5257
19673
16811
4577
15724
11706
28082
32270
4960
6829
8104
11777
8526
18893
28878
25409
15025
14453
16799
12979
15854
13386
11966
30139
20709
30075
21038
22180
19397
11847
9409
31810
17956
13248
5075
6357
31311
9167
7991
24625
29406
11385
4978
10524
13964
22624
13351
15864
26182
1165
27347
8354
386
25452
19899
17817
17618
12568
4898
2659
22201
31961
17598
27436
14013
11244
18285
15281
8893
6530
2853
26460
26245
30730
30505
31920
18848
22451
26243
2024
3949
30253
18606
219
15734
15280
14995
20515
7164
2368
11191
12158
9431
15407
25522
26996
21629
2787
31715
15419
4448
7898
8546
25559
7549
4074
13110
3973
17969
9422
4296
18010
17999
31966
11416
32552
3697
1822
14127
28577
26507
27258
30293
22207
9158
17232
7299
18019
20875
23087
13467
12348
9437
14303
30167
14826
2797
15009
5119
7267
7144
4279
24544
4758
24340
15399
19449
6991
5403
957
10615
4699
31911
30031
12644
25836
17710
23876
11803
25919
9232
22359
22783
379
16351
23705
16492
25053
26109
29365
18926
12818
15981
24696
9393
6628
29155
2961
16441
10521
30237
25493
6995
15000
29814
32326
32588
4814
32441
18708
31584
15696
1587
29668
13429
28098
18700
30993
23818
26615
10711
26288
26986
13145
9575
19737
21541
7564
23268
30371
1728
20558
23071
19630
15020
32418
11299
3559
26229
27949
18957
14791
2876
23008
30237
21853
30311
1751
11020
27982
19351
27777
5536
31002
27354
22274
19583
928
1827
29397
14913
15589
247
3254
28104
22801
22888
2239
17620
24762
20807
21713
9426
22117
2198
23093
13813
21834
12860
12931
21640
3416
12284
9155
11395
16505
10920
10195
13148
9495
31378
777
29727
20959
29764
11800
25025
5829
28017
5944
9138
26440
3627
32385
4273
14839
16981
29080
19428
308
24412
10894
14376
8504
21026
22021
13734
1879
26939
1173
23975
18053
3932
19310
12457
23834
2576
22590
27313
2002
4269
31829
29156
17944
20359
29447
4945
29572
11107
26449
530
6818
22831
31936
19603
25845
7664
24463
15409
19515
19195
8207
21255
28915
19048
23884
23556
14877
20420
750
16705
8769
262
7773
7314
21938
11204
3881
13916
1556
23207
5800
26278
5916
24349
2785
3186
2199
9037
12456
3917
16814
22608
267
7973
8552
21662
24045
9819
30832
14022
31217
8729
20505
8291
30618
21734
8863
7499
944
1911
26800
2825
28389
19400
8234
5262
2744
30316
12327
5667
19866
16930
20023
32162
591
20904
18668
31462
1688
980
23452
5248
23823
19936
28514
29867
5714
4102
28006
643
21859
6220
1630
7025
29519
18338
4949
234
1550
3370
29611
20057
20139
11223
3166
2905
21157
32313
19591
11816
9364
11415
23336
8792
8207
2367
21028
10184
7374
1818
10895
7635
23820
32387
15912
3783
15151
13401
548
3993
23211
22355
24366
18391
24612
26516
19115
13789
29907
15488
1346
844
6442
7373
8860
32184
2747
7389
15976
1953
16726
14155
675
5541
18289
21444
25366
3059
29133
12312
12832
4099
14935
24464
29365
8837
16973
21635
2983
5527
16289
10276
16420
13114
22946
5278
4481
10247
14553
21859
28213
1566
20017
25024
21033
29792
5468
13750
15407
24030
22129
7429
7375
13712
10970
13449
8778
8779
18797
5577
1497
9965
24025
24782
15926
6875
28484
6193
15197
1709
6706
888
3988
14631
8617
2979
10665
10347
7059
17921
1147
29550
15459
8520
28603
6057
1531
26853
22004
12049
24013
4753
9161
19016
20033
2597
13439
15125
30551
28591
26555
25362
29326
31685
17548
23204
11780
32281
19883
1072
734
10830
27394
24460
2794
9994
3180
12724
31107
4941
27068
21695
31670
30209
1024
17425
25507
19410
19463
14545
8997
10047
4640
27294
22965
5873
8997
18557
31115
17996
14008
15894
18439
3141
4813
22817
15696
23667
2153
25371
1851
20072
11688
17213
13166
12097
30981
15534
17605
20860
8662
23800
14324
3850
27158
11961
15214
12709
13671
1179
7814
13668
4439
28805
15316
6541
4835
15123
25307
13226
11578
28484
1256
14559
26051
20083
10557
29050
2400
16521
27759
19148
18165
5232
3853
15160
21284
9419
22402
11401
31067
13540
19261
24712
15889
6629
783
975
30284
1100
7892
25304
30823
32153
7253
30041
18962
28233
5485
13268
28570
16392
10603
27497
16491
28707
5560
1008
25811
9788
16826
27716
24840
9025
16887
8417
20845
7327
5758
178
15377
22450
10371
25636
7032
6528
19273
10879
1695
16040
17477
12662
6714
3989
7808
27389
1856
9463
19773
1370
27305
28788
25052
22911
21111
15770
22782
5015
5107
16153
17130
18911
22329
31791
19247
30135
31734
12899
25483
761
15217
32630
5644
27017
11208
26519
17013
1325
2172
3030
19171
8095
25648
9435
29616
24801
10158
5592
31384
6609
555
11196
10522
7421
11980
23722
26145
6584
13161
7081
2788
11630
31888
5277
32523
7988
31437
25718
24595
31139
9512
8615
14323
30439
1264
18649
1792
29459
11959
25057
9486
22711
19614
28912
15832
15285
7635
2058
27810
5712
3927
3258
15132
23686
20997
1539
1930
22944
4560
1689
5666
3079
12876
1874
20917
29529
13424
17879
32658
1212
10650
31647
27304
14707
22483
286
18922
27567
29524
12601
26104
30119
4426
8446
16891
18154
14295
32658
19408
25588
12121
12906
22378
1024
30958
446
26993
16670
3640
26939
5423
3717
20061
24825
29101
26922
15442
12972
27161
30354
29274
12062
28011
1508
28361
22493
16713
10050
7694
20784
31783
19801
17904
12368
27314
11575
13848
31189
25711
20573
25040
25711
21407
3350
18186
13270
29799
22791
18084
16388
3885
10758
20970
31905
12869
22832
4445
5311
11981
15413
26803
28359
23765
26871
31774
11443
27332
22356
6865
31870
15350
21823
12993
19673
6826
278
12712
14880
16668
15919
30544
18316
32238
22453
15630
14506
30668
17842
5772
7948
21584
18540
28620
28734
17955
19957
11370
14331
18022
22014
19490
15009
32080
18412
14481
7139
7704
28462
8256
23998
14869
4557
734
19374
20260
21828
21197
9761
5450
26003
20449
8748
20378
4751
32612
4477
9305
22396
25949
18065
16481
221
25361
2343
18883
25739
24267
12020
26032
24581
6361
11416
21914
4359
20951
13009
28566
31838
9776
11246
30213
5882
17121
11655
4723
25925
22400
12908
30655
9395
27005
12507
28540
13210
27817
24822
22168
11077
17652
18291
19771
24644
5499
22678
7666
15621
194
18268
8205
10921
15933
21754
6470
31760
10518
13445
25251
3894
11306
22259
21661
6339
12117
13122
16001
19933
27119
24311
27927
24641
16022
2762
1154
146
1070
14240
12647
23280
24615
14265
30033
16845
5630
20523
4692
31484
28679
3727
23025
25355
9577
9978
25402
23251
24938
28207
27702
13133
20461
17426
27271
2984
21304
608
3914
21912
18171
17310
16959
29680
29838
5711
22570
10099
7291
28778
2169
15847
14652
30475
26150
14188
24390
28265
24543
22028
24134
26120
2917
19347
1962
30000
16434
31137
15971
7069
17758
30717
13289
6776
5827
21804
30336
22918
1376
17731
13499
11424
14075
13049
23102
3427
18698
26368
27079
7464
6868
14742
14448
822
724
599
28206
31543
29534
14933
28574
10217
21125
1130
5377
32278
2363
4045
21124
23494
3514
2276
13766
8115
27939
3161
23700
21757
6245
20592
18679
18207
30817
30872
13936
4642
3404
18240
21634
785
7508
8683
2673
23724
13958
7047
10314
21600
2031
30970
10531
23415
22017
25599
27300
2189
3641
16432
32198
13635
15871
22115
29915
9271
28878
19002
21199
17203
14740
3574
32685
23972
27484
18572
26212
21326
17706
25083
8140
10047
5414
10716
20196
31489
5885
19515
4702
18964
4485
2213
12125
31131
30624
24450
22909
4182
4194
10662
15380
10960
27254
20002
10423
32730
7869
2656
3840
2359
9785
111
8591
9369
18218
32667
19535
16589
23926
15169
24570
27442
590
25569
5856
20847
22287
22133
22244
2917
30566
22017
21703
16739
22200
876
31913
665
3265
1934
17356
24528
21883
9098
18332
7768
18497
7006
24044
5953
2612
11960
31363
5838
32734
5132
3543
20518
16917
10723
16664
14669
23074
21110
13168
25427
2339
11643
7306
8907
7854
9279
30801
7295
8887
31733
8186
2658
22196
25165
29764
19654
20990
10313
31998
7119
15739
8013
8650
27944
29306
19573
24610
25076
222
26154
8856
20744
24703
20472
7522
16727
20941
2202
21525
26797
12727
15959
11441
673
17611
32146
13278
5061
15774
11676
30325
27935
622
20428
5186
989
30214
13522
28681
28996
18402
7240
8390
12010
3988
29322
2105
25381
14182
8392
12962
20931
31297
9049
25546
17659
30925
23122
30018
676
10714
18520
27119
8613
10751
13234
23239
21421
11904
23970
8405
30500
8053
17398
24707
1377
7465
8410
23064
12573
29889
7408
9088
18727
18462
26531
12108
13146
27908
10680
17657
5069
18299
1573
20085
29769
9077
7463
7903
0
20914
17807
5774
10107
3041
28764
18518
16597
25608
27279
1030
30759
17189
28987
27189
9283
15126
19420
27967
21413
12214
24809
25482
9638
6985
30893
3854
17395
29210
8786
15892
4158
26978
28479
26941
23091
9580
30884
29383
12718
4855
25426
27404
10539
28636
21969
32331
7294
18160
5292
28587
20420
25388
14608
17789
31385
32267
13717
2754
5003
11572
7516
18925
28623
21337
24922
9450
2867
6239
30707
11870
3156
11455
8907
26673
22801
23596
18137
2890
20287
13174
2749
31897
30110
15790
12115
4955
14604
7307
22152
5273
2553
12
11372
2034
28187
16735
9865
18843
23139
9474
19828
32164
26927
2088
17569
18557
16577
32094
1147
28856
15856
7278
31412
19984
14109
2435
1242
10667
27497
30607
31020
29596
29221
10730
12715
29100
16011
14652
19828
19290
2987
8092
7244
5920
17575
20473
26749
19704
15651
23737
4833
16927
19960
29089
13628
4633
10792
9461
16078
6389
23
25568
16169
25298
15096
32277
21313
13474
30853
5303
26818
4654
1779
28791
19366
25947
32549
764
12806
10923
20256
6023
14896
18182
18623
30423
3835
27323
2215
586
9815
9666
18814
2630
20008
4420
30552
25559
31573
12892
6002
409
3867
31264
22563
5081
1704
1755
23823
29687
18661
2717
7070
24334
1683
31478
23469
17367
24729
28158
12419
10187
18588
18584
32262
26504
20433
8696
24110
22134
22543
99
31419
426
23337
21302
12067
6667
15482
20010
1743
18867
22721
2518
27526
30872
18480
3446
6186
17515
1727
9706
9122
12224
30406
11778
14359
19568
29131
11256
19043
25915
23448
26686
26054
27314
27537
24954
24539
10069
8261
16848
2251
32504
4419
14687
11201
15723
4911
25102
29598
14425
25109
4232
2029
18545
17916
13957
30233
24004
26047
14924
15069
13166
15384
26485
32765
26233
25342
23796
25140
29694
10545
7251
21357
25229
9747
7743
27958
6863
16313
4166
18289
13162
22338
8159
10060
13349
3943
30379
6772
5197
24916
19450
21126
30807
29622
12177
21703
29382
26646
29099
21012
19536
4709
19517
15132
5948
20184
12670
25804
4622
27126
25511
20747
7526
20207
14839
28584
18726
28719
14075
27536
15571
7731
21516
22597
32574
16539
9753
21387
24931
9601
16295
28517
4241
23306
29717
30783
5067
18234
24613
27501
14447
29197
23480
12756
12821
13763
14553
29415
29114
18811
29693
5078
30750
23043
14729
14081
10090
9455
25749
20403
22550
18920
23280
7693
13578
17991
27236
10048
8963
20195
2875
32256
14137
31782
11265
28469
319
31847
27276
26355
11306
16499
24122
8620
15093
22125
22394
32164
25636
26329
14478
166
20648
2035
19343
26102
16899
23365
14769
18566
25516
10616
1992
15724
19381
28779
15371
29332
28331
6018
4376
9650
2750
15937
23097
1915
20001
22809
31974
24341
15540
4225
9099
460
6369
5705
3467
29446
21443
25899
8324
16505
18574
7844
7893
28315
18219
31490
10077
2394
12834
32701
25222
11534
13245
28682
130
7084
20075
11182
27861
12860
19554
28688
23316
21133
21128
12179
4332
5415
6804
29474
4453
22401
6256
31245
3432
31348
3810
3091
15744
25840
22380
12736
2269
7918
24945
18169
7582
6309
11416
7125
24144
29185
17014
6062
18609
22097
29543
4728
14778
16448
23228
22610
13021
14854
28188
2907
1164
28127
7204
22471
506
6844
15953
11826
8741
16697
25120
30771
12820
7376
11635
31541
31837
15692
25143
23938
2539
21632
17732
417
24574
3128
27780
11234
24435
30832
14424
9783
10566
31172
31799
22085
11349
9256
6809
31163
16487
32217
6163
31971
29292
10900
27075
8055
26119
22277
750
23477
28745
30850
26088
17333
20416
13561
15412
18683
9648
1831
14829
8777
5280
29451
20580
17334
10264
24219
29707
7428
27050
25269
31122
4655
18223
10328
20047
25154
11859
9748
4067
28782
340
20927
18203
9053
18694
6762
18964
20164
18459
16019
2467
23352
21409
21149
19955
8258
5324
2941
9840
9397
6134
8629
4324
14655
19684
24710
7136
8511
23627
13665
2142
15830
30354
21408
11940
28481
32730
16499
10860
8294
15676
23325
4673
12460
26449
13664
15916
12304
17912
20533
24976
8566
14675
4289
31827
14140
21523
389
26430
15893
27382
13269
32679
10773
15757
21899
13901
31240
7235
20220
1411
25864
12187
32043
4753
1615
17593
23613
32343
31561
17188
13869
10547
10221
12234
10689
28197
5454
24901
7613
6449
7789
18780
29782
7429
24402
30669
4841
19420
6747
14922
4589
6050
2003
32193
10535
7513
17350
21728
11292
32699
19988
18393
10956
21793
20677
20834
2717
11427
8348
11520
11158
28289
11247
23174
28109
7106
19382
31448
11043
12570
10977
27125
31022
12561
14319
14901
18295
6498
21692
29903
11750
18337
14490
17309
32634
4385
14500
26660
30013
4629
27215
9167
1400
30709
21570
30075
15139
19236
8552
20536
8607
31695
2627
12110
6312
13848
26755
11135
9349
16756
10455
30092
3713
28497
3843
23035
27039
23805
51
12822
20362
3267
18318
26167
27083
6743
2319
25923
6974
3700
22160
13685
24007
5571
6952
605
10305
7935
20663
19496
28855
9303
13247
7201
7895
9235
26998
25208
675
3195
19481
24898
9066
7924
20866
18626
31479
3693
16381
26855
28936
23801
9560
7189
11010
15549
17465
20265
994
30733
27572
19127
16503
9426
27933
8597
21455
10031
9243
26782
18415
18276
17662
7088
7878
24306
25939
21495
16228
24832
29365
13166
17256
16893
3046
10658
14519
647
28702
30138
11124
24971
30882
2484
3116
31150
20633
13041
18000
19948
24347
11252
6889
2431
6028
31591
4999
30467
9256
17502
8570
29399
7902
27616
15685
23750
19554
14244
6736
19687
3454
18968
17117
4033
31401
8103
12349
11699
24026
28988
13124
404
32414
8194
16634
8854
29801
3695
30611
9584
29481
2688
28578
30908
17953
11590
11657
24733
27893
21409
18228
21926
3841
5196
4615
19191
14575
22297
27924
8105
6281
29054
31634
16237
10955
27729
25482
13935
4157
22224
25812
15489
31616
19172
23618
31605
28198
1703
1819
5322
14279
16163
6859
10892
27472
4189
1240
28533
16031
11922
26392
600
2125
15552
9250
6336
20427
27752
4098
15572
9137
19090
6449
8829
10834
24083
32196
22475
8340
31499
24803
21653
15103
28593
21629
11616
7443
28243
11066
28034
23263
22680
9905
23688
14543
20489
21980
13012
7622
12239
14280
395
27500
21438
30353
20910
12490
20627
20110
16006
27412
378
30153
3910
18629
3796
6066
5100
8945
21046
14612
18792
8407
15285
6215
2304
14775
7265
23976
18163
2275
31247
12358
9308
10263
20572
734
22618
1037
25326
11530
13422
24397
1277
9397
18468
30531
31250
27602
26614
32659
21519
1613
7021
26545
29296
3138
13961
7852
1744
11374
8803
18762
17071
13027
6417
7770
4722
26623
22730
23878
2475
23454
4682
4840
25755
28815
5752
8350
17142
15429
1863
14753
32741
3791
4058
19090
19281
14091
26603
32598
26719
22294
9837
23332
13623
23814
10096
5852
24586
29660
2374
14747
27987
180
1252
8076
29533
63
9610
25345
12037
22643
9127
23490
21953
29313
26359
10404
18657
12552
29678
30558
3605
5768
18521
32409
12592
12313
27459
24134
29483
6237
13333
23092
27245
9907
3330
8930
30793
7853
13474
8338
14281
29637
17117
29854
18858
30027
29963
9487
8615
30370
1369
9836
14587
18348
4463
14288
18977
4483
21584
17727
31198
27498
14209
17466
4481
15363
32621
16017
11882
15042
5896
32633
2761
9633
16051
5854
17320
32533
8800
9979
16428
26689
6902
12327
7703
27498
7927
20210
18322
19116
9824
8304
5674
9963
1488
16597
10008
4876
1261
6210
17605
26468
13315
27103
2445
26992
17647
22826
8131
7111
27452
22927
17142
19022
1931
15416
26227
9899
8760
20518
9483
2300
31034
18561
24087
10440
9547
23852
9145
25141
6730
22941
24164
23420
1757
3564
18846
7835
22362
22057
11780
31562
24552
11251
31887
17711
29153
30278
12055
16981
24699
2965
4629
24027
14504
6681
23469
29417
12346
27240
13292
17384
4171
12361
4686
29171
7900
24007
5251
2184
19388
11396
12914
29060
9388
20816
29567
25934
21696
3578
2313
11090
13064
5478
29239
16049
9328
30176
3317
11062
21733
32176
14393
13965
3001
19951
27531
10671
8009
3993
26564
20129
19421
32483
25878
30302
29135
16590
25164
6930
32496
14076
31059
29320
1831
17858
23802
1254
20571
16512
25590
7064
21907
28717
17705
7306
1372
26678
26916
9626
16236
7561
29930
31821
21892
29676
29174
9664
5019
13716
14208
15074
4920
10483
30973
19681
24096
14545
7653
28130
9265
25246
18104
12789
2190
24327
9027
15432
18940
14535
32288
11419
19084
17856
8572
243
14971
13898
31004
16275
27222
11979
5538
32040
2145
8072
29965
4932
19770
20154
13440
6925
23482
18661
3908
55
22556
11109
20239
16431
31329
32073
4487
10649
8178
2661
1794
12285
8328
29859
3728
10173
27209
28570
21307
32331
10548
23138
20109
17048
32190
11174
21587
4560
1725
25594
2977
15428
17030
31343
30998
13992
2898
30565
32353
11134
13031
12705
29444
16594
372
24992
14936
26152
7100
32554
31442
16051
5238
7466
23172
31687
11508
14268
25831
15249
2308
10376
32215
16390
23060
13647
1503
4633
17817
27843
5047
25905
2737
17820
26379
20186
11014
13288
30846
9914
6902
10402
19183
8904
15602
12167
25083
952
11300
7973
451
26041
6741
3893
7151
2403
17677
2346
3571
10475
17916
9994
5264
11674
17048
5245
6302
22909
16136
9764
14602
14685
6209
31531
13851
29425
26991
23842
8697
17235
24726
21000
31343
16817
18041
5289
4080
14917
15803
26411
24024
13703
32068
29667
14325
32673
2534
12397
28998
17443
13120
30459
24578
4600
22499
18925
25308
23449
13492
30114
19334
18304
17298
1166
21108
25824
27960
14733
30690
6291
4708
1143
30232
22099
12345
9461
10477
31278
9185
28563
3722
22068
20856
26902
17776
18547
12837
11279
11197
27941
3466
19632
938
16679
25183
11999
16729
18605
16985
649
26062
3637
9553
23097
2875
3513
30626
4073
1664
24617
26579
27672
16882
15128
14198
17180
13659
6326
4943
31930
8003
7166
14009
14836
25454
1328
24134
3362
12966
19074
19878
30788
24507
10514
27850
9623
1479
16928
16456
3686
25526
6266
16642
1059
4358
567
22275
20406
28620
25256
31657
23317
32760
16524
18185
6421
30681
3203
27791
8064
17892
11206
27365
10087
24497
6932
29462
26553
582
15856
19188
32277
18328
11785
11959
23005
13647
7930
30182
23948
10442
10803
32635
10825
17507
5943
10562
18876
16884
29705
22146
10784
20122
4576
18911
8345
21432
14882
22143
26056
20799
12176
11372
16541
11565
20414
17465
21357
7252
26823
11753
16197
2141
5950
18188
4477
5900
16488
7211
12176
14022
31912
31078
13611
21584
1594
28252
30851
7641
36
18763
10476
30523
10602
19832
15272
894
20610
10450
6908
26525
6919
27858
19337
10893
30130
3749
31706
22140
16517

