1000

996
2634
970
1601
3450
6632
813
1388
9944
476
7241
3969
8746
3184
6237
8037
8274
5968
262
1086
2698
6572
4469
2730
1403
4988
7266
7729
557
7475
1681
7063
8496
6486
5892
4278
6731
831
8305
1580
3202
5373
2774
4433
5133
3982
1482
1468
5943
560
8325
3350
2341
1861
8163
9743
4536
2645
8612
5247
7827
552
3608
2208
7441
6308
4938
810
2545
8979
3130
1599
5348
3417
3903
9145
1193
5749
4941
4128
2614
4694
4115
9984
681
9472
6248
5658
1503
1006
4440
8922
3990
2730
3673
905
1822
9387
5507
9956
1734
1214
9231
7805
8884
8057
4014
609
3140
796
638
3833
7493
633
729
4356
4735
1013
2094
5173
9178
2111
5748
2249
3356
336
8940
2924
4369
1268
6391
5228
256
3384
8328
7694
2283
8228
8954
544
6775
3308
1445
3999
8525
4433
958
4586
3872
5501
6844
3047
399
7327
7698
9636
1518
8179
4250
5328
3776
8518
1614
6587
6424
441
5453
1595
1057
2195
5964
8816
1321
7644
2475
875
7925
407
4522
5242
882
9360
6651
9639
5048
7975
5145
243
3027
7403
8826
781
245
3194
1057
439
6438
7512
1719
9898
6685
5406
1979
8344
2820
37
455
3539
6647
6659
2533
4573
5373
3653
2050
911
8971
238
4338
6910
3717
9327
8596
4778
5478
9448
5367
9641
1617
8829
8781
8596
6617
940
863
192
7966
6894
7121
3904
4377
5084
1336
5577
4843
1317
8585
2886
3985
7485
9524
4461
2842
5447
6640
5649
7147
4151
1048
4569
99
4337
6071
6514
5339
6294
8944
7408
5809
6496
3058
9483
9541
299
8666
7703
9138
999
2345
7188
1713
5179
807
4168
4779
3597
5511
89
1662
5199
7069
3744
6210
3084
9102
5306
540
1059
1175
2257
515
4531
6625
7850
2065
3480
1955
4080
5995
7684
5496
5505
4213
1505
3523
9287
720
7318
9376
9322
5238
4281
2093
436
3863
1525
9465
2230
4180
5852
2203
3449
8604
6862
6726
2183
7846
9594
2796
2586
5502
9299
3521
5125
7811
1207
7169
3986
2513
6493
180
2940
8986
1341
3408
1599
6554
757
992
7372
4187
1240
6373
8913
7254
5689
1114
8488
9819
6329
5244
7551
5635
109
2441
1704
4804
52
5400
9954
9893
6712
410
8904
6595
2882
6303
8935
1203
2051
9132
886
2760
2656
7723
5793
455
8925
2548
5607
1354
7934
4747
9750
3954
5626
6058
5426
1760
9297
4336
9789
9414
2671
8634
2468
2185
897
4689
7830
7081
8552
4340
8523
8069
8252
8919
450
89
3586
9868
747
5625
9681
1986
1942
5906
2161
7019
4844
1215
3989
7026
845
5514
9243
6732
8953
6915
8402
2174
2883
278
811
5920
1634
7016
9971
5089
2922
8690
9631
2459
8412
6241
5097
3496
569
2061
8971
5748
1340
7208
201
7909
1384
7754
404
1593
4815
7915
2204
2063
678
3072
6789
953
4405
8010
5245
1055
8003
2843
3357
5784
8705
1082
1503
3813
9590
8105
9951
8750
9131
2517
564
6657
7192
3581
5841
8952
9343
8279
7367
9051
5942
4560
6318
9830
1083
3731
835
3035
4164
2555
6772
3083
1796
6764
4474
8865
8341
9311
9174
304
8034
1420
7663
1567
4963
29
4347
5089
9119
8144
2748
3066
6461
4494
2173
3487
1516
7290
1757
9709
1860
4652
987
908
1756
1406
611
1509
3678
1606
9815
770
695
9702
3410
3398
3379
9248
2121
6829
9097
3614
5459
8196
8162
9441
698
8940
8384
8841
8515
1147
5229
2148
7290
6356
1649
1866
3073
7064
8905
6040
5227
1053
7060
3579
5204
2606
335
1280
4
4307
7059
9529
3635
9922
6189
6627
2255
982
2735
4502
8171
2655
3158
9340
1610
2602
1211
966
4973
9475
6542
475
634
2600
975
9074
9774
1040
7407
1283
9011
971
855
2233
1973
6187
438
8394
2465
484
7377
1898
8816
8160
8215
6716
1747
6135
4707
8571
1519
5149
2789
6200
6971
171
818
5413
1031
243
923
1234
2031
8046
9468
9573
5120
4632
1718
9439
971
8863
1791
7389
6792
4055
4951
8812
5676
5682
1999
4977
3406
190
1366
4087
5974
4607
564
6090
520
5919
8122
9300
2128
8371
3641
2598
7053
4288
2819
6810
3747
8077
2751
8838
2235
3659
1600
6356
8782
4355
1320
287
2355
2094
6905
128
629
1755
5325
3338
6968
9004
3766
467
1469
4258
792
9396
2772
3883
5750
8211
4177
3400
9866
79
770
4452
5609
4123
1089
274
5431
5039
3877
822
486
971
7485
6311
1973
5357
5664
1827
6295
4837
2398
2404
2864
1255
5532
1841
1735
929
3054
6184
2809
6446
4581
3610
1947
7546
4491
7640
8226
6807
8973
7725
3478
79
8809
7979
8516
4619
2919
875
595
403
7437
1743
4633
6503
9613
7979
2911
141
5810
2787
5154
7548
6875
5238
8188
7177
1063
8428
3666
6368
2434
9387
2623
8805
5967
8080
3026
2331
6070
5101
771
277
5439
7294
2011
6667
320
7344
1700
6144
2516
5651
5007
3425
9117
367
4965
3152
283
7926
8544
1538
2845
8249
6651
853
7735
173
6407
5670
709
383
5679
4387
975
150
8206
4780
3981
840
1440
6047
653
3296
8838
1157
1027
6958
3822
6263
3504
7503
5251
564
9814
7518
1808
583
298
9435
7931
3317
8987
6763
2319
1620
4947
1953
9258
8147
715
140
4681
3157
7876
6480
417
3791
1651
9897
8288
9653
6717
6302
9010
1504
5668
3490
6952
1939
16
6049
6934
990
8545
3977
5212
9378
3971
6582
6808
4501
6131
2771
425
361
946
349
1879
8649
2760
1002
2801
1587
8859
9547
7879
5612
2063
3230
3994
3984
6816
3511
2816
9305
8046
8687
2556
1251
3768
5069
8094
8621
9629
1493
2423
130
6798
9518
8191
9017
2680
1785
2091
9913
737
238
2745
5649
8913
2425
5757
3671
9107
1397
3345
4224
2715
1719
1769
3184
7466
3455
421
4018
1632
7691
8106
1129
4241
220
9923

