10000

26293
11589
27450
17888
23567
15376
13714
14573
27109
17878
17829
10950
12140
8267
16490
31311
26247
23061
1275
10508
28219
27509
10918
12517
22883
23082
9537
26406
21925
21650
959
4298
32420
2067
32001
3065
29047
14009
16110
13007
13403
20512
13254
23391
18084
4501
12723
6392
27898
29048
18594
8871
3521
23012
8784
764
12761
30355
10408
29969
32136
6651
26188
4809
13748
32189
21874
14422
9558
25152
4337
16638
30507
20889
7067
286
22445
2479
12750
8559
29505
20892
22854
16264
9394
15958
9013
30628
26590
10894
21654
15270
25775
26072
26814
7002
9805
24333
8756
25086
21138
19949
7618
11521
30143
8201
7116
24586
13933
11489
29665
6716
1478
30025
26256
4281
8180
29201
16765
29284
28890
13796
2484
14572
12546
26225
8252
2822
20183
20681
5360
5113
30741
7432
7050
29792
22397
25912
22273
12331
23245
13170
28437
15848
5359
11078
9255
6977
4209
25182
21839
2757
9781
11357
11433
24299
11370
24077
26095
30291
4538
19386
25421
19792
14533
1753
1136
18596
10191
7918
29665
7562
24757
27052
24209
31482
29990
5725
18869
22568
11023
4228
31443
3150
17751
30145
9757
5035
17613
8950
22271
9675
13663
7336
18164
266
23436
22184
5789
3924
22044
7922
7444
18478
2062
12245
16766
29690
24274
11604
4831
13430
18616
4557
4659
30343
28585
19928
25274
12597
3093
8050
21651
5622
25644
25691
32140
5679
19281
27580
21561
25080
13771
2829
323
17440
13502
31286
23299
32624
28250
15092
16207
4404
26195
3967
16276
31992
10897
17514
21285
1424
14376
20938
979
30555
11402
6042
18622
26568
5884
14686
875
3608
32326
23815
21270
6502
28335
20759
12873
10213
9256
24069
4781
17258
9416
18147
27425
1834
24440
15678
27657
21188
8944
19526
19944
11906
226
32558
28210
17627
29044
18134
11867
5437
19188
25256
18740
17418
25031
20672
4727
11233
25763
2383
21664
5150
18687
2369
16639
12452
23495
28701
9740
20186
19027
13613
24570
21491
14234
14304
14223
28787
12707
12140
9010
11502
6973
15799
7750
13331
24048
10616
2742
32234
30771
921
20689
16474
15327
15329
12633
18670
20708
26831
32214
9177
20539
18121
11056
13367
2844
12918
29309
8597
21104
8808
29720
16052
21129
25598
4339
19850
22289
8072
28206
17546
2880
26541
22248
31013
2642
22538
28757
21393
21561
1820
29712
28617
31375
20320
25779
20437
6606
13240
28838
843
29379
25361
30516
26646
14400
8003
25572
26742
25874
2872
21510
23112
11826
9297
14988
25480
25920
27397
30235
2068
24364
32460
3426
17586
13111
12603
1451
23381
26138
21616
1967
13468
21892
18608
18095
31388
30666
3407
24000
20703
17370
22736
5991
19884
21874
31822
21349
6281
8591
5659
32468
20991
20263
22438
21107
10397
2074
25250
19263
16192
22119
356
4419
18577
24987
16013
16560
31694
8336
8170
18736
18126
21331
2200
22392
24895
22886
1644
32028
9523
14376
3729
2728
20699
26001
28019
20460
5521
11042
28124
13975
6172
13596
31581
27400
17968
8689
17392
1888
9525
9720
7387
29916
32329
5988
11992
30562
2952
30327
11634
5977
2699
17907
7602
23998
22574
18386
28667
5748
31127
29238
28979
3292
13940
12451
22307
30374
10371
17772
27681
231
25688
24427
7660
13163
8027
14325
29655
7756
30480
19725
12330
1475
15771
3032
8389
63
28547
32594
25350
15028
14006
22334
7917
22326
7885
23395
32126
6598
24210
7925
24167
22380
23231
2130
4323
23430
17929
239
5086
14175
605
24977
8538
12291
10090
28352
2321
15954
21087
31096
7772
21844
8950
30755
15699
25292
2481
11204
11062
15888
19299
9589
22028
30999
24051
16403
14217
18388
605
25144
24373
29122
16377
7273
26571
449
9472
30609
23519
10272
28748
1966
19908
763
2143
5835
9901
16583
25511
31790
28946
20779
17921
29650
8790
6161
30587
2584
10150
22270
22622
28601
14884
16542
30316
18943
15941
27300
1894
21301
12919
4561
27857
24412
28936
25681
9466
6431
18755
17998
19768
2825
13276
17600
6513
18678
9870
10882
25823
19911
19202
27563
16404
24922
7411
23323
8252
6842
13200
24148
5027
21138
14881
5004
8055
6632
23534
7680
10958
2311
10076
3210
6890
31421
11354
3702
1212
1991
23035
27282
6056
22154
24420
27780
9608
4868
5097
15456
27635
8961
10867
21626
703
27282
13349
2425
5060
13499
13887
22701
16355
5228
22338
28835
21832
20914
26453
10230
15083
14127
18407
22119
13661
21448
30358
17456
26817
1181
16207
9110
15384
23358
22967
18622
451
13340
30154
5057
2370
4413
31682
16642
32322
3380
827
5056
14551
31313
17812
3815
25350
533
3992
12332
6022
22760
30302
24920
24007
23054
21357
5092
10036
8152
19492
15047
12726
27671
26714
5772
29561
29910
31809
1959
29682
26953
27024
23305
13857
17152
31713
17650
6163
14176
25687
32263
19372
23892
6277
13988
19619
23360
6283
21619
30670
12599
24706
11838
10144
29549
2331
14849
31216
2287
23426
24900
8955
17041
23689
28583
29101
24104
4866
20415
26908
18938
3436
2592
4950
15475
27347
15035
29020
29722
27377
28779
11374
13251
18841
10954
27785
20229
26966
27209
30767
23278
4431
1664
358
22262
17005
16066
17411
25138
26560
14581
22824
20682
26143
25248
25612
13741
20239
26694
31738
13443
15079
14067
30621
12260
3633
15380
32122
10183
11858
22411
32190
23613
26990
13315
31034
2143
5510
31105
14764
18820
10979
3644
24384
1720
23992
22959
26454
27754
31491
15852
4230
20581
3252
15155
16353
4610
2321
29123
19322
19099
4441
30192
20006
25154
935
10870
26751
23731
25626
5389
4911
29320
24883
24894
26219
19116
30590
1396
31421
26642
30837
15958
18183
8103
30881
21588
8133
10885
26882
24448
15250
10345
24497
32160
24814
9831
21444
11905
8510
32220
20594
19086
17684
8101
25464
18336
19889
8078
19130
16408
12232
5133
9518
28716
11141
7729
10998
7550
26062
11733
12492
7411
9929
22041
31395
27330
24990
17939
8587
2251
27006
14785
4310
5931
30692
30530
24185
23309
26650
11334
693
10178
19456
16324
13046
24085
15881
27627
25595
30168
5254
13402
14135
17859
23079
3219
22391
32127
12222
17069
2246
1533
31559
586
28557
15372
2086
969
21247
14635
31919
15293
24244
7835
18667
7837
10132
5817
29337
19645
30711
139
25204
14972
9995
31129
5812
10431
32629
14846
24279
415
31035
30398
1185
27999
19169
15962
1634
13217
5586
930
18039
15577
12802
19147
21523
18433
23762
11457
12608
10383
20276
9406
14880
8356
32527
23580
4473
11142
4069
26728
13936
19536
14003
12215
10133
13544
5400
26429
14112
22834
20410
24603
29818
17027
25574
5753
20224
14169
118
14037
22019
2889
26104
3482
14867
11064
4620
5365
29565
14798
14862
5348
12818
20520
22773
2448
31274
14029
21627
17372
4841
10980
32127
30782
10689
932
28583
12238
20280
19467
5193
20380
12524
9427
19596
10823
13524
674
1738
20427
22984
7297
17209
3995
324
7823
19403
24816
1641
29942
9042
9568
17988
17183
28648
31154
32083
23330
25742
2289
7749
18817
28179
5567
1538
18709
10040
11756
12523
13128
22545
15431
21859
16517
1198
27828
1934
11501
20219
5759
19032
5452
12261
8432
12730
8267
19390
5664
31289
18407
26083
22538
14767
22305
14236
11237
3405
28663
11843
4018
26849
11668
21673
3601
27477
14020
27573
1112
23672
21674
30286
3814
14338
25013
15483
4021
27090
9424
2505
815
8057
27865
10990
5955
21244
85
28331
14519
29398
13666
11767
2752
19261
17900
8025
31952
5286
13348
31126
29359
19339
21294
10636
13005
13676
18458
8030
3799
14100
5910
30417
31368
24605
4322
32502
1218
20406
13444
25866
26333
22180
22844
1690
7743
31367
13498
12010
17452
15967
4495
17304
6112
21582
18914
9341
28379
7328
23140
17108
32637
5640
8582
13214
14802
9004
7913
16709
8879
18788
18197
16511
25854
19647
16239
11381
3414
19784
5733
20005
9167
18823
19436
29444
6164
10826
15916
30440
13241
15269
20089
9510
1743
14135
21126
13559
694
17327
9685
25889
14131
3471
28530
31443
26050
23856
28641
10192
24366
19974
27477
7119
24414
2854
1059
17698
23410
13573
6517
1175
30223
21635
32323
22684
3574
32552
7295
17318
6876
4269
22672
29139
19574
7614
18690
25038
8147
1022
5756
5363
24302
15180
6130
2739
16004
19525
32539
2874
3619
4105
10534
1360
11908
7490
26537
893
16922
1635
21978
31857
19435
19758
3585
674
12447
12153
21293
5943
19926
12593
806
9253
7103
1951
25764
24984
3303
18922
9662
10900
8270
2782
7845
1244
22976
16363
11410
24595
5218
6513
14589
20513
25484
12347
16656
18136
30166
11337
29019
4312
11894
18642
10697
6575
26825
22921
32211
15173
6703
13600
1267
7288
17948
10506
3932
25347
30828
23174
4840
15524
14839
14553
25682
894
13158
25818
4261
444
29253
12724
27380
6263
1113
8936
8780
19929
23859
2961
29671
1667
14853
13036
19874
28205
30645
8727
29873
21388
3888
32537
1170
31609
11265
6435
23103
12111
4386
2582
16296
2709
16401
4420
27488
19421
5671
2939
10391
11499
21542
11328
15176
1562
17425
23640
21683
16636
28992
24973
11278
24129
9907
13230
3960
4826
10151
8920
302
16478
22119
13044
13569
19628
15717
20609
520
7378
11913
17044
7314
14125
27849
32284
11358
20690
5114
15979
4879
18989
13029
1778
30426
24296
19358
29260
25986
3342
11793
29311
9094
30577
24798
26238
31641
18249
3175
10482
8786
20765
7206
31801
549
231
2629
30639
914
20851
2408
23085
9628
21256
206
26064
31357
1354
3736
10492
23704
2143
1128
22688
28591
26961
4654
8123
16982
3507
4927
2079
9127
648
12712
24693
312
12896
21441
17281
24906
18116
2053
9383
19779
14548
25376
1454
16479
21807
1098
14789
28322
14099
13268
22979
30737
32454
20480
19891
23585
18228
31766
3984
16752
7897
17844
2893
26035
2017
13414
16408
18927
17294
30582
1760
28397
27867
9734
8725
13800
9823
17755
31407
14728
24435
2428
11889
13076
29847
1020
21359
16355
12050
13588
5326
6931
26585
13045
3275
8062
20914
23387
32766
9706
11929
17254
24032
4992
29795
22950
10892
11392
9377
28276
13762
32562
23495
5769
17201
31520
23438
7113
2038
2178
5270
28768
8544
13306
29520
22544
26870
17025
29723
15305
18875
16801
17069
23419
31408
26598
26805
21032
17051
22927
20414
8253
10503
9608
6743
12322
14476
3741
6257
2320
13904
29928
23304
9251
29390
29579
11014
6064
6102
1701
26468
3288
6101
19838
3730
13149
8791
15621
30489
10165
16842
22141
31615
32605
1669
13939
7530
28528
25353
4083
25609
16760
7558
26619
31152
2692
31393
9520
19650
22651
1396
18384
14292
18863
6358
24040
29967
17077
3549
1991
24790
13941
13218
8370
20393
13437
29764
24537
31562
12699
19248
1418
19230
16042
28831
26789
31701
8620
24160
30800
27214
1305
4567
1515
1460
12663
12102
27463
11502
1323
27211
24850
31542
7823
22442
6550
18439
27716
3149
29604
24125
6090
11657
22986
11896
32333
22179
8652
193
11202
30611
82
26992
3123
4359
25823
1356
18263
29099
20994
16629
31334
22696
1488
12159
17451
8554
1681
13408
22363
23719
26554
1164
1829
31389
23324
17118
522
27291
25178
15290
12015
21442
13472
1009
24689
19213
11410
32484
21112
10895
21123
4077
9743
28156
22248
31482
20339
14443
4364
14459
10857
26458
22021
16511
10453
22259
15334
4377
20361
15246
7478
29705
30043
13430
28833
18328
30842
31728
18670
20164
24066
22649
4401
19613
4045
13136
22850
28399
11405
30772
18029
19489
7703
8815
31851
30813
27138
6931
4753
30194
28785
19588
26952
1270
3373
3894
29629
5679
20215
21432
18906
25908
14620
11762
5748
32207
17225
9643
13766
12454
2977
28750
6174
15130
28429
30701
15574
9840
31699
21382
22918
8750
29291
5253
376
24008
18574
3467
24924
9596
25231
30318
25405
18043
30446
4481
20148
32329
20523
13845
14684
31078
24792
25663
23429
9518
24050
17884
7469
22782
21361
16595
28460
6808
26398
32410
17582
457
15781
3324
16614
32585
13803
31769
27905
2786
28321
7598
2649
31956
18970
18838
21740
5753
25689
19345
18956
32293
12143
24133
18264
12880
10756
22402
5610
14327
25651
27082
13778
2111
18075
7953
32195
348
20402
28865
25357
24241
15197
8449
32203
31800
18622
14647
7518
26917
4685
20939
282
3526
11307
1839
2366
26798
31923
16412
29738
10002
849
10526
31692
7283
407
2386
26460
23933
14989
21614
25929
560
15433
7683
16755
21309
26560
20991
19354
26291
10972
22134
534
28634
8399
31394
21705
18015
3238
22312
5203
26802
25121
924
24964
32173
20674
17736
12567
6518
1316
6953
14237
18854
5262
19259
20919
11435
18120
21751
15496
6251
12845
27929
12906
5161
24066
26278
16352
10669
24326
11566
25805
20895
8778
13390
21987
32565
23107
122
29277
3854
16926
11513
16881
7517
11091
4913
3840
1865
2429
30501
28945
7060
28777
23868
23421
15995
14445
27972
1131
1246
15611
1718
14335
2721
26997
27196
27599
2130
2115
7280
9879
27660
2084
26087
4141
31131
11201
5230
15799
13792
22408
24979
3611
8567
29111
8808
10935
1688
2231
9347
83
24123
13228
23625
17491
4224
24906
18541
23089
5197
2282
11955
11563
12857
29149
5626
21049
28329
1280
8569
1602
24376
23696
12617
23695
28509
1600
27683
12672
22600
11145
5740
13694
20492
5186
23150
9264
13315
14192
26089
31730
12910
20063
202
18819
14173
7666
314
23549
8399
27191
16602
29963
32281
18494
30541
18774
24204
16940
7672
25920
29522
395
16645
18901
2201
29668
25006
22014
6644
7568
19896
20472
1533
3787
4157
8965
9536
12042
24495
9570
18516
21135
11546
31352
24907
20026
14505
25942
23629
32162
20332
8031
27519
28516
5720
1856
18985
11195
1680
15398
15129
18769
32483
31021
17986
17493
3733
17691
31145
19406
23906
19022
12674
31023
21696
27379
11157
9771
28261
25977
27111
21706
19465
7493
10391
23997
31853
23464
27398
22767
4508
7438
25658
29788
27760
15992
16005
11558
24921
7980
1633
7909
6746
2730
15519
23871
23124
32483
21441
3002
1415
8870
7332
10189
4950
91
26210
14653
19786
22771
21878
23719
32602
8991
13857
23640
32106
2752
19981
19301
8721
1183
28977
22265
10911
19039
24052
16873
5215
21168
9365
16014
24345
6597
7626
6867
22747
19975
13479
29325
22265
13579
1986
23563
83
23745
9621
17134
3286
27887
26659
25915
7750
11486
13279
9903
5690
4436
7625
11859
3432
26305
15578
592
20514
27581
10914
5635
1057
28594
30512
32340
23426
18902
5170
16452
30990
15453
31581
28102
27070
6124
5135
1232
22398
13136
7219
17585
22834
2928
6246
28069
1015
8064
3927
7847
8619
23928
5236
17798
12463
12997
26051
21819
4331
5438
8461
13946
531
6233
21570
9863
22313
25247
27929
30795
836
5981
19447
27559
25487
2205
32274
3848
27284
17748
25302
24380
4283
22493
16520
6532
11789
18598
3113
29674
8510
14634
26781
12244
26603
11039
8460
15066
3104
18416
8841
20949
2845
15469
14577
23096
6490
31938
4886
26020
26568
1189
21021
5046
20058
26580
10277
17956
32708
18111
18986
23304
10883
31617
14632
24955
11037
4885
9859
31846
13226
26311
30630
26517
3219
27112
11498
21261
21146
32710
12218
2208
22042
28124
19446
4030
32656
15941
22676
17294
23899
9847
21389
3901
16064
17965
29943
17559
49
21157
32110
16596
27855
524
17337
21428
22829
19255
17835
7374
23383
19859
16454
21284
17427
30047
4903
11004
15718
12312
29470
19947
12890
17717
12316
6451
25599
10005
4690
5711
20400
20534
4759
25035
19095
167
29194
29785
30324
28608
29945
546
29593
17936
17666
25690
29753
29591
15992
16663
5347
13877
11529
25955
7754
25699
15261
1423
5191
20513
7040
22475
13857
22063
9924
15604
21515
28032
481
27565
7662
19180
159
20913
20329
27941
21046
8040
23831
9452
14515
12728
1808
28037
20381
19997
29874
10600
9689
25852
15777
5945
11979
20020
1036
4858
20158
13303
1074
30592
1670
8152
15653
13347
611
24100
5838
27322
4137
11126
10546
10695
16542
24710
2291
5870
14372
4162
15642
7596
29336
19488
16915
30277
32377
690
15865
6398
29517
11387
18965
29069
10048
15105
30113
26318
26639
32291
26065
2743
15140
29613
14100
1678
26883
13610
919
5977
22500
30713
13066
11927
31137
21411
30632
2861
20691
17004
7281
24227
20792
4136
2234
21136
8025
11088
7400
595
29545
3157
19577
15620
9071
10036
6468
9131
6312
6987
21505
30639
13350
5483
17931
11665
26302
6190
10341
6105
33
7819
3067
15953
31049
19623
5931
13682
15895
8942
15492
2588
14906
26467
20174
5514
11602
14644
5706
19844
2645
658
19259
25814
26162
15551
6564
20482
14773
14953
4692
562
31403
27702
11552
30320
20550
21408
16496
22809
26307
6147
4605
25999
9801
29172
25816
19503
20757
24789
10415
13443
19668
24230
11852
12216
6992
1566
1374
12114
17999
24315
26492
21534
17080
17558
21607
10600
3832
6842
17295
8303
4260
17590
3801
24598
30048
4785
31392
15580
6911
6462
32506
27918
17132
10033
13884
19772
5320
19888
5312
18665
13396
11917
19941
15238
28306
1235
2648
23970
16935
7070
21394
4699
18180
10032
22690
10520
14661
13378
28717
26490
11097
8600
31667
28559
9060
22488
4115
22089
10209
13212
1874
32303
32652
21958
24472
2643
10367
19988
2939
32132
19099
21492
6016
22980
10537
409
18655
21501
22465
17742
6535
28655
13931
32010
13666
6253
30981
28741
23770
1993
15845
7179
20636
5261
30655
1359
10908
13931
11976
1409
18521
22391
23835
17763
10850
17812
27228
23064
27929
22572
2716
14461
16055
7717
1149
29373
30352
10256
8855
29728
12697
17059
21530
12068
6183
13673
16564
29135
12537
22968
21429
21571
25977
7652
625
30099
6975
18610
20965
31445
1751
4367
24478
1145
7108
24066
29143
3545
15812
17120
21218
27408
5974
3007
31689
22800
14714
28204
21044
21487
26808
12833
32141
10114
15203
26417
5987
28205
27935
31238
15116
29177
2977
15885
14479
9191
24758
16240
28353
7557
15751
28997
4269
24766
2843
3077
23097
18934
17437
12351
30727
26711
15328
8589
9882
12389
22176
11720
19642
15577
5899
5240
5401
4524
9471
654
19254
5490
12694
30294
32642
13545
23648
8103
14018
25810
32239
4189
10420
30207
31641
20744
20981
28590
2169
11750
23842
25621
30647
20495
10045
29502
1033
30448
25427
28693
12410
26106
8540
23488
9835
23195
15459
11054
13527
7790
29671
2803
21723
2479
13440
5459
22389
2545
21446
11932
8332
275
17262
31674
4912
4208
32694
9989
4900
9302
15620
26461
16281
21434
6345
32121
19261
26665
20908
7036
5492
8706
19173
27337
26853
3299
24294
9241
825
30817
17729
28107
18975
26876
4038
29819
20884
5457
747
29141
5985
17298
19826
5547
6117
6964
25413
1350
8212
16103
32677
25850
192
17099
4739
8189
1816
21217
7470
25210
24174
7616
16943
31200
16189
22409
3185
3968
3946
26908
12710
29015
22474
8076
21477
23848
13029
28625
1688
463
6393
8893
6805
10961
11586
32050
30091
18999
28793
14481
30880
21661
31899
24437
14936
9094
11755
25250
6073
20978
23866
31288
24749
18227
3942
10029
9127
25596
15905
26873
23689
1467
7667
31635
2758
21544
1410
12701
29379
3358
23058
16091
3716
17067
9544
1770
29060
16227
14387
17455
9188
1273
32653
6925
14536
6416
27965
27995
9215
5198
6945
533
4834
10162
2827
21841
19582
3112
10249
9333
23797
4187
27882
2728
4129
14539
21501
16774
32635
9759
29724
23064
14139
13756
28393
515
14017
4246
5208
10495
20532
7238
24430
6795
11113
606
12360
24544
28678
16889
26462
32291
23271
32662
17929
25822
17088
1830
14403
8369
20484
13411
27566
9797
27654
13668
22489
18818
11103
23406
7102
13570
14223
28174
21647
30149
31719
13412
20914
28454
6566
10434
18954
19213
26466
2678
30328
14951
32681
16867
13729
6611
8937
19159
7410
20126
28813
6424
6882
28658
15209
11072
3703
4170
32088
16331
30732
15145
11811
24687
10065
31500
421
14252
2707
31645
20781
25763
830
7209
13348
16683
25504
1620
3056
20002
31215
7436
1815
14849
19598
22459
24488
13747
27532
24001
22743
2984
31598
30241
16359
11557
23854
8058
29773
10718
6019
25658
15122
17862
25955
16142
24953
8486
3526
9117
29410
9964
26798
32629
1518
13638
13668
18245
25828
13424
9732
25678
5459
4043
17467
5652
761
17710
4944
7257
20964
32384
4961
15691
7127
27015
2544
31741
7407
16891
13214
4884
4998
16863
17205
1987
22360
27665
20972
26873
27620
25887
9447
3800
4630
20060
27646
28266
7458
22323
23999
21903
3763
30908
21686
9018
15941
3981
20972
20445
4047
18387
2221
23074
32166
4001
22414
27612
31134
903
21167
19261
26994
2407
17214
27721
16998
3460
16444
13962
2090
5596
17540
21254
13058
8120
26121
5742
16676
31617
4703
23448
30561
6869
29821
25135
5384
1242
26561
1450
32520
25810
7220
24698
9812
26352
20496
12168
11660
22378
17023
2526
4569
14288
17318
16548
23321
16028
1506
31567
5948
29962
5201
25621
9453
26410
4757
30884
4469
6707
10708
21267
3549
15642
18179
32537
16211
18275
3685
12157
28368
31288
10318
26573
23543
30648
19245
28243
14143
25745
9929
6725
1876
18385
5323
21052
32187
7417
12925
20199
32437
19539
18385
30209
24679
32134
8101
24960
9527
30824
13637
26384
13689
2067
23346
13247
23627
5179
16162
20474
3005
25791
28487
8120
11318
17277
17620
13045
31507
28779
22462
31330
15504
7140
24511
13403
17644
23359
9889
9753
7368
19366
28601
29993
17617
22309
30898
13596
23710
20482
30604
32129
12507
22093
14819
7184
29864
15287
18805
14120
10812
22952
14815
29820
32462
3467
935
30729
7605
20333
4223
20299
16078
5830
23752
7344
29726
406
21078
5965
31416
29108
16499
13007
4833
5219
5414
949
9075
2087
15285
13245
11391
5335
17512
6812
19766
10738
14736
20210
24842
5942
17864
17277
30736
13167
3963
17549
11945
25998
28070
27064
10337
17402
23007
20430
12823
15915
17303
12048
20319
1140
10396
8604
14116
8736
5857
11820
914
32193
31618
27392
6450
13253
25347
19737
2391
32586
3801
30632
29626
9524
1067
8134
11105
5500
30681
22629
8901
14026
15294
23175
25395
4167
4402
7598
4979
17836
1235
21651
20904
6560
14214
8730
25719
27200
14520
6790
1899
23551
21994
25833
22168
9904
876
4319
7551
14561
17000
29820
3378
9579
10275
9859
7609
3911
27264
26841
7859
1955
5574
5945
15168
4661
20386
28200
29983
17360
19312
15916
23316
12085
21430
24377
32397
5163
3313
30828
27780
1234
21909
28668
11687
30004
26447
5997
4535
26909
7565
26630
18990
13357
1344
25478
6180
43
6624
27923
4467
3484
21425
11891
16666
25236
27462
23934
9951
23501
30275
30163
23097
21494
16743
15051
21612
21837
3017
5547
9718
2416
1889
9246
6954
23408
17099
2786
5147
40
24648
24769
5051
22733
15878
17859
19012
25542
29601
31394
7895
12221
18665
3198
31843
1270
2534
26834
26057
14559
23577
28071
5438
24553
30981
18951
10992
20887
29166
17077
12012
13012
24801
12059
27199
31370
10996
17028
23387
9328
14287
30091
18877
1572
17003
9171
15565
31353
10010
12793
23046
22290
21192
20423
28246
24624
14208
10923
9928
11976
27186
9319
15456
15577
19891
25097
5958
3068
28421
18206
11560
6717
30425
12579
7897
6441
21586
1852
22846
6952
1292
29225
15722
11021
7773
20597
5128
492
31706
15088
20473
20267
14109
11616
25663
18140
19654
10100
12570
27210
4800
23033
19568
16082
25542
13392
10610
26357
9253
26144
25469
20907
963
10568
12350
29689
8544
26648
15642
16581
29468
5056
31693
21226
6201
16136
8785
32136
30755
20802
25089
13981
21165
25981
6654
4058
9630
10748
2258
12719
2924
21479
16723
3241
30535
31551
26314
13565
29273
29463
29781
7269
15949
29186
5002
7722
270
7880
18013
4482
24017
21853
26692
22045
8021
14355
19097
3835
22377
24846
28735
32640
6064
18424
11400
16074
10145
12279
10582
13634
23505
12764
6273
6257
29301
13982
5241
22806
6434
30214
29741
14197
32728
19883
5675
29169
7487
1057
26376
16861
2096
19566
9986
6800
2679
7613
13028
24247
20696
13143
21546
32752
23632
18638
23654
15508
6300
26235
4066
28627
15360
21035
9095
10247
21569
30742
20989
30530
9459
24593
19476
12841
15099
772
2147
4358
22860
5277
13871
26392
8948
5446
22414
25646
9820
16469
18123
5236
11723
10883
11021
4748
31021
9376
8244
8160
17683
13957
5636
5943
17146
17993
10885
28039
26320
16312
937
13578
11700
20480
27696
22164
16894
2478
14281
29988
8319
1241
12922
12217
8970
20381
8001
13671
5170
17100
2556
24489
12374
3807
28806
18169
14299
5427
1827
1438
30393
24946
7198
7366
25913
22350
24240
12244
17917
26742
3364
2555
25920
26306
20025
8716
23903
18097
14792
4236
1176
26134
21670
11274
26642
11022
972
16303
30750
3893
15029
4119
18877
27418
26888
8799
4450
5616
27511
31104
15097
11654
999
15835
17191
6777
7377
789
13780
9384
23528
8228
30183
11240
18428
19882
12880
22777
1566
32386
11340
23225
29189
9881
13028
920
5552
25600
30647
23372
17485
15935
8442
30918
23642
28651
15549
14436
29962
28283
31088
8808
31466
9303
18341
5545
32708
4402
18712
2696
16835
17562
12524
550
11737
26317
31031
30164
24926
17359
4545
23243
28410
3257
27657
3614
27332
17236
2185
15596
427
998
26939
7386
8214
8524
3420
2240
27591
18249
23152
21923
5381
5918
5766
29668
17146
29275
22461
12470
8026
26612
3335
11221
17733
30615
1069
21878
5999
7997
4372
2169
16766
26368
14910
5350
26803
24364
3731
20119
20429
17560
2146
29746
29226
16183
8611
603
23088
28394
32127
18215
14059
15000
19218
18899
29943
5505
17775
23222
24225
11983
29924
24436
1865
16238
5504
12149
1547
27166
18131
5269
17310
25031
26869
17437
24443
18956
19146
25587
28738
1570
3459
28685
9050
27107
24936
5163
32728
286
32725
19910
20643
24882
1667
27203
31189
14555
6153
13677
15716
4683
26019
27682
13057
31613
1585
18252
30528
2246
16003
13076
22010
26029
7891
1618
29680
26620
6547
20039
15280
22807
30570
654
4541
27021
19577
13648
5098
749
21218
5048
26631
27611
20107
19110
23999
29282
24095
9128
26561
4236
23894
28198
12318
16176
15479
2268
19442
27404
28955
8077
21063
16403
25651
28918
23094
16136
332
12546
9295
20812
19218
23356
29500
20213
6419
2441
22432
11039
25286
8983
29509
14983
15308
30609
30583
18518
25973
6805
25259
27962
6534
4967
16741
23739
29242
13543
30296
7373
4998
12736
19918
23457
31137
16611
24650
22465
4292
26164
2156
3676
31279
13186
28694
9182
8812
5565
30925
15044
3287
611
866
11439
30814
6460
23249
22967
16774
3655
18025
513
9646
28660
1837
23956
19352
7571
17531
26216
13605
525
11243
2240
32352
26322
18554
11706
3518
29458
21736
21541
6565
11056
3422
11154
10026
1140
17492
26030
26143
24832
16050
12751
3661
2053
6965
5836
8702
28214
18709
7954
14783
25213
20965
2804
15715
29421
31418
32067
11851
7673
143
22047
26341
9187
29672
12300
29555
3191
30646
13129
26638
13560
26491
13149
22506
31323
10414
19186
20955
21427
11105
27110
1560
28909
24097
2464
31040
12733
6430
31648
26778
2264
17548
1626
17313
8036
15944
17477
24256
19628
17087
31023
17242
13849
23820
20947
16653
11102
8800
16813
9272
4850
15527
29453
13754
31427
2152
32107
26621
8489
18925
22010
21812
2584
15781
11903
29408
29851
1990
13924
7833
17533
18230
29192
26635
13385
20396
7258
15423
25462
20243
18086
22044
5339
25135
10927
6189
12649
23682
25341
13220
25368
18289
32120
16543
23586
23715
7222
11179
7792
32682
6290
7302
22353
31461
23678
14890
9074
932
26138
28678
20235
18830
10629
6287
26198
5440
17650
12535
10821
14903
15103
31292
15732
24560
10051
11109
7517
26189
8486
6409
15307
26939
16630
30224
19601
10130
31543
4541
7035
20797
17978
14061
32389
154
15857
4249
14411
25379
14849
14242
24257
21839
2585
19918
6692
30131
19586
18957
20528
29549
4856
23042
3988
7106
18873
31934
20387
27398
5339
15055
22604
9404
6114
8057
26188
14079
23442
22339
24482
27937
17922
6070
11331
13713
22770
13409
1808
32514
10846
1312
23301
28873
19284
414
179
647
4354
13849
28656
14089
29715
30053
14797
32364
31292
27700
24264
901
24081
31124
21827
26752
26910
28857
21557
14022
13363
10237
13856
1573
16895
31013
2115
7979
10208
5862
6672
7378
14586
23464
8416
20835
26503
30089
17382
29332
20589
5029
9313
20723
9494
30869
13846
7816
26492
5685
31742
2230
11395
5802
32060
10595
22668
30372
1617
4953
2631
5345
2707
32235
10184
23283
14812
21467
16862
25410
7807
10619
16800
16468
22400
24083
5192
18764
17156
27779
18757
4017
11526
12073
22155
25201
22092
6917
30510
550
26521
13851
22575
27287
9509
19737
1942
21890
30282
11322
22976
23193
5504
24426
14587
20682
31883
15787
4944
21699
24819
17335
23200
6326
21685
487
19187
24921
24376
8531
27404
21554
8834
17467
31553
31505
24748
17830
18057
8414
30099
7240
2519
27540
6353
25769
26022
22414
31724
22148
3541
30722
6348
10605
11190
8395
17523
11447
9826
23915
23016
5781
17743
22864
4468
20095
24868
7510
22545
14040
5835
18062
15136
14797
12488
6718
15450
7552
15050
6952
8713
25446
29568
1039
6008
14061
4270
19320
12712
12131
2432
5294
11332
26899
23326
12808
29399
14769
31616
7278
19005
1016
28292
1050
11864
28305
12606
24220
14340
567
28559
5665
8012
29465
14329
15860
11742
6527
8625
28741
13756
23985
6390
14634
24629
6933
17826
13027
26900
16023
16383
14178
6679
9293
2011
19211
6818
30811
29151
9400
26549
7957
32540
30464
2076
26724
21223
24249
20709
4715
15079
6843
19991
24426
32108
28903
9121
17122
25090
25704
31377
27130
10311
8505
20102
8993
24825
16615
12136
26869
23891
19609
19286
5219
10394
8269
21728
31248
16371
4964
6519
30456
31863
2657
23585
12374
25481
21998
18546
2755
20839
800
4535
7329
12800
251
4724
8122
15366
16185
17
9765
25155
10823
1744
5738
28464
10385
25090
13029
32452
31999
17531
12400
19082
12991
9539
8252
31734
30278
17550
12544
30969
32657
31982
2902
24275
29105
13512
19809
7977
21382
1029
27060
29527
1483
25097
28015
6663
23122
28649
29099
4867
12433
13016
15385
19783
15198
21219
21221
31579
21495
12767
2017
479
32325
28319
16095
13415
610
10346
29534
21642
16216
5803
16746
1846
6956
18667
30141
13382
13339
8957
26922
1111
14115
27000
11068
28887
32709
29291
16410
6750
25866
20043
30125
22850
22468
32048
5125
15462
13846
1089
27897
27218
30774
30573
3854
6281
6770
19293
8091
3350
26737
934
8234
24169
3516
4418
8992
25953
3964
30017
13217
5546
4998
31676
29870
12361
6292
8971
15248
1141
981
823
10618
12969
10153
18866
2154
9719
10149
7494
28496
14239
24030
32332
29042
12512
9572
30494
23823
7950
11788
12495
19778
11749
15731
16409
4906
31773
319
16022
14920
7742
22184
1075
11304
17334
11064
5347
14148
12841
23246
5776
32037
2824
12009
25431
3019
3941
25379
3060
9807
22022
21244
24187
199
10168
13529
17738
29546
30181
1613
4667
26869
8041
3478
2590
3149
30626
5227
17510
31077
17350
16373
13090
30050
8826
10779
26415
29181
4512
8194
25772
24617
1648
10708
7087
5622
19402
16321
22838
19382
6858
20548
17505
29790
8606
31656
15326
29999
27796
10442
10148
149
25975
22304
4836
6223
23836
20986
8764
31440
21304
10504
14895
32741
28788
4637
27090
10393
26308
6194
28103
26198
11252
15278
24431
23884
17028
26597
25692
9750
1205
25054
29189
21147
9700
5209
31166
14899
24087
23824
4327
20748
29654
16190
26979
3787
6204
8030
11852
10358
18765
27701
6372
8593
11914
22802
20943
30855
9155
3413
29312
29260
26157
27950
15090
18753
6068
24487
20376
17240
3218
13797
5014
29560
5921
6058
29489
10787
17901
6431
12932
22870
18446
24017
5237
28592
27573
27897
28136
28375
27396
6912
31027
16664
31523
11330
32209
4685
20880
5395
8282
12292
5046
31487
28338
13533
25794
23382
31873
820
1458
31465
9188
21248
15278
782
15971
22267
28828
28650
27170
15620
16879
13295
12123
3521
29119
13475
6667
12168
28191
1187
7148
4224
25259
32488
19108
15363
2144
10058
20028
24391
10161
29762
5075
318
214
26100
6292
29114
3688
3693
24805
13269
22059
28457
28641
26512
15403
20440
21257
30394
3082
29281
5686
2324
11416
18472
13267
946
12708
3213
21832
6052
16402
26805
30649
9174
30766
1164
18673
28213
23104
10506
20633
30739
22881
22454
14766
29133
4236
31593
20530
4523
19960
5717
1825
20999
26789
4421
6822
23218
5173
4134
8847
6547
9982
28615
10495
20113
1629
20701
6498
3764
11597
21578
7078
646
312
27807
12201
25536
26893
26847
7405
32290
23186
7302
2707
14243
20988
18633
21383
25546
26557
11040
27384
26204
30877
21762
25867
26935
5132
12527
30672
10622
9398
22708
2165
8182
1881
8427
6329
2224
979
32193
10404
3561
23680
9468
24693
6702
26562
4412
5853
5572
26593
19072
1898
4934
5398
6125
19782
12176
3554
32459
30241
10460
8612
13009
16748
28971
10603
23458
24520
16359
25353
21399
18110
26310
617
17343
27824
28145
27938
16676
271
15206
21579
20304
29903
18842
8338
27664
26392
12643
25736
2168
19007
2838
18751
4903
21748
27372
10519
30669
5053
31915
19669
14314
11939
642
32501
216
14122
15156
26946
25355
4743
29561
28835
3736
21518
18081
824
14580
7146
21114
3237
4094
19984
25204
1198
24128
13686
22019
19461
17522
26495
17989
19295
11328
31674
12005
2253
22606
27597
7743
10058
13688
12204
12484
1168
20830
27151
23456
26929
6688
14626
19099
32482
19302
32638
21821
282
11428
14680
20278
23516
1180
12792
14333
11472
26148
11629
3510
23193
14889
23168
18265
13923
10996
8422
14865
23483
21676
8122
28130
17060
24348
28714
9615
14311
25783
112
7611
12202
19161
6916
18254
9796
28496
28175
282
848
20251
10019
5311
13056
2673
30506
31435
27061
27142
4765
10790
17868
18825
503
30382
17338
2929
22120
17182
14427
31225
5837
2612
17799
14697
30944
787
31975
12184
15020
25830
9478
1199
12357
3526
21675
8495
22965
4318
22631
19766
5433
28620
5738
21758
16814
843
25754
22182
25926
22287
1255
7477
11391
31985
15320
11484
21846
6988
13674
25723
23223
15015
11291
22631
29753
5780
1602
19051
15880
30167
23969
25356
7458
19915
9533
4113
13255
13570
24942
11331
31274
26924
9778
21618
20333
27706
20422
3512
5836
31939
10616
8450
13593
28070
30391
20427
616
8433
4716
17963
1035
10753
6285
28177
705
23275
19950
1996
20778
16667
14939
11217
22142
21819
10469
6584
12671
25175
633
30855
1964
26686
14007
27699
21688
32043
9984
9316
20026
29348
18385
18553
12198
16803
27728
25804
636
500
28709
15671
14015
28894
13195
10455
8105
19205
7591
23311
10397
32143
6424
15824
22109
29318
16079
16664
26749
31869
8993
17337
12056
9591
31002
31068
26817
25860
21
29125
15548
429
28553
9561
9583
8594
21798
10973
24339
20050
6433
31360
11951
28715
7372
25116
5447
1123
10089
3769
17232
4838
5440
20307
24680
10032
31983
29917
31556
20589
16130
29573
13802
27871
13251
10554
544
17537
27475
28011
548
14058
13306
19986
24989
115
23228
7666
15058
23196
23085
14364
23578
31660
27526
7352
403
14744
11767
19202
22295
21542
22591
31891
22124
10834
10363
9698
21947
24305
1595
24586
23108
12436
2779
8142
847
2223
25617
24026
8550
1531
17602
5195
19905
1560
22554
13682
5634
29303
27355
32725
4131
21623
16117
21367
27308
29902
15704
27738
19753
2603
31238
9793
7387
15130
15980
11706
31150
30503
3570
16988
1899
27462
22737
28238
22319
5490
20772
22281
1308
15253
5699
2910
24142
18856
10828
29370
8976
23323
26114
16809
14672
29559
24283
6041
25425
10818
29524
10721
20128
20003
29064
8193
3913
17222
3073
1323
23370
8450
4302
29443
6728
21177
5845
22948
7553
16384
5483
2275
5122
16384
6690
24279
3866
23580
4322
16281
11022
9685
21052
14920
12302
9194
27642
32592
16232
6851
22523
3052
24828
13327
5438
12010
1264
18861
22332
19119
19877
22472
16251
30842
13801
23111
21856
28909
26478
6500
12357
24009
21882
10650
1995
30969
28641
8901
7793
7378
561
21125
14950
10649
4908
28131
8348
25669
22651
1591
17950
12935
4768
17737
11171
22536
25901
13494
5987
6386
32563
5269
8489
26033
10238
1371
17578
29691
1023
2300
28181
26893
9738
8019
13547
31032
16578
452
14609
8349
3153
16928
22052
22837
13404
20680
8460
29204
25141
11798
25556
27630
14163
19192
3000
32474
19456
23774
15744
11606
1618
10455
1037
2187
23900
2550
19762
2515
23717
14075
10437
9593
31706
2863
32245
31424
7871
22160
10973
17702
20843
31022
16986
29417
5301
19925
23578
1227
20202
10220
10998
6930
13505
26781
19842
21460
16016
28471
3298
24177
32191
26832
32223
26721
26237
17198
14394
18224
25011
18152
6207
966
15158
7368
16030
10988
16449
17012
17015
1804
8738
12877
18868
10040
28979
17048
31643
22382
17420
32732
419
28187
24311
1674
2695
4829
28581
8163
922
25229
12575
9751
31834
5245
3070
29610
26695
1278
1759
25116
13046
18726
6930
7113
23137
12240
16786
17678
897
21475
19514
16557
15647
9176
24373
4979
25831
630
7863
11032
25278
25824
25834
3174
11861
4562
5164
11421
21246
26152
22903
31255
26047
17056
29472
22568
8613
1760
20421
4680
7771
15803
6529
2676
21755
24240
353
9937
26404
18611
24348
17043
23629
23089
30974
9757
18777
19022
2086
19049
5739
10097
19697
27563
22267
7938
18358
12081
26666
29298
27060
24718
18770
15740
21064
2551
25314
29099
27748
27629
12137
11037
60
6173
31472
17030
3394
13188
11405
16503
85
9174
20021
5601
6709
11297
18130
15829
6715
15533
31381
11405
327
31272
17806
12208
249
16383
1146
9170
27428
8719
8156
9018
13695
12669
19791
4585
26014
2274
31514
10968
31009
25516
6661
29312
7724
17601
14699
12959
20503
28773
10641
25402
11366
15709
6198
9438
5115
340
23403
12332
27786
7295
24229
24213
5710
26749
26129
12385
27130
3713
7207
29686
21235
2226
7554
29271
22972
21202
30447
17643
12977
3614
18884
14464
9465
7286
2675
24975
23990
30398
3422
17857
894
17028
21997
16051
7695
27363
23518
31222
9790
16551
15069
14939
21041
26033
85
15981
29134
1950
2949
28734
28531
11683
13270
16999
18664
7611
10604
24138
5266
7429
17403
1946
26345
3943
13276
22814
11308
14968
18784
16049
19027
12189
18020
20622
8005
8562
28197
29642
12107
10347
18262
25634
6084
15035
17520
2807
6683
23412
17994
18327
21239
17648
11497
3262
29105
4721
27289
30557
1035
11524
19772
17049
10783
32683
29155
15639
18069
14010
5787
9079
32537
3714
16010
1054
8460
29997
23610
4153
15994
1001
30260
32254
5965
4937
31185
24629
8896
28391
12365
5880
19734
27727
2589
15799
15755
26904
13442
14975
14475
29780
11615
21115
29218
10027
18760
26555
25780
28866
24539
17460
32750
22882
4691
5640
17404
214
24666
264
7420
23572
32543
26999
4787
30240
9897
23569
8319
14382
18795
14156
18829
32007
27160
31198
15692
29613
952
23167
8226
5442
14332
3312
19549
12838
14286
22588
8044
23136
6701
25150
10063
9535
5432
21603
17484
7232
19848
15794
4836
19763
12227
22025
12805
18330
2158
1705
14721
2386
19971
23540
29887
7797
20804
17526
13745
30846
18382
16675
21509
16558
25841
27359
11424
10671
29887
28996
13640
1144
11619
30367
30880
7280
10933
27963
3674
7894
18443
23011
25512
4448
19537
8098
26611
7202
7260
14541
29136
10930
26491
323
28720
10378
591
30196
15318
23725
25565
3488
7439
10382
30946
3809
22941
11821
16742
1900
24308
8579
27796
18580
23721
18720
26313
3344
25383
29203
3563
11261
23204
23306
32764
32039
26195
23226
14319
21124
2011
17793
27834
11009
5897
22090
26284
641
25025
7858
16129
25379
2107
17001
15796
7108
26988
474
18836
16326
13249
22542
7834
21519
28179
12237
15994
19796
3288
29703
20344
17303
26518
32627
23933
32494
8862
12150
12650
16775
24822
7750
12972
29417
21143
18511
1809
4220
29400
8406
25817
1868
2859
23004
19217
23306
19975
25413
5148
15956
7717
25913
5779
53
21999
14795
18511
29424
9014
10712
6083
12281
19235
28978
28559
23877
27248
19966
6227
22467
1495
8027
27841
26411
32459
22341
5111
24310
16487
17336
13835
20653
14500
29464
24295
13159
29134
14288
855
9358
24633
3898
23648
9697
14384
28607
3284
31935
24622
16959
17699
5794
21329
2738
22900
5866
2059
1040
32244
29148
12059
13167
7534
14570
24251
13931
32285
31796
32283
20683
10430
25936
1295
32098
17896
28486
25604
1586
26016
24543
10297
26584
25897
26144
12332
1060
26393
529
1106
26631
4530
6595
10250
10418
1902
24464
30420
7164
19932
28069
25022
28676
5803
15038
8480
26136
7940
19505
11913
13526
6430
18734
6905
21905
21516
21317
5457
16631
5593
18472
13575
24304
23510
20659
23838
11721
30003
24873
19286
25745
11213
3777
10144
5315
28487
24161
10196
3878
13916
28841
7078
4082
2675
12083
29911
30260
29044
24345
8104
2675
10715
15544
16276
6292
27915
1204
9278
24827
11236
3645
2729
9459
31127
23184
32423
21072
6329
15808
28820
4691
24215
1206
21315
16333
24778
15478
22073
2183
8459
32421
4121
15842
11080
26440
11616
6331
23031
6095
30546
29841
13482
27474
18229
17898
7395
16410
14780
20466
15658
31331
14022
23910
28254
9312
8521
176
1865
20352
17288
8020
19062
6896
19341
19594
26183
865
27603
14124
15170
24587
29763
11987
23724
12530
30561
1086
32601
8808
20424
18675
19138
27091
6612
12840
16472
24496
30110
8931
11544
31448
9517
8545
22880
4354
23274
15285
27393
138
19541
8113
11669
10097
23799
27145
13587
19364
30103
28854
3744
22657
23473
3225
29608
5527
7460
9825
13102
15021
25643
2734
17760
1286
18318
18806
15727
12772
27418
9385
3485
587
1102
21008
20888
11271
5975
5243
4870
23537
63
28699
15457
11629
7265
32301
11781
15159
10272
9176
10631
11616
9432
12377
1865
26771
23317
9821
27211
17053
19715
13486
26180
24620
11558
8722
19442
8151
11595
12401
4014
13919
14783
15157
32323
24629
29886
5366
13312
19516
1582
26711
2572
9167
5006
8235
28154
21510
29737
6877
22429
31797
30095
11534
20766
9654
17477
14207
17739
10473
19644
21554
2098
25464
10368
24268
19951
9184
27570
23614
962
28205
26296
1444
16229
32260
12339
31341
14492
10727
2865
23997
269
2997
32165
25359
28242
4720
11028
3615
27213
24899
18320
10759
7611
8132
14058
15272
10508
8054
11300
29515
24435
31378
23845
24968
14393
4103
7856
29544
27222
191
31895
31174
26178
4644
8748
16379
8713
6627
9977
30138
27550
22255
5041
28728
13681
23498
13158
1680
4419
28160
1275
3431
19769
32500
24797
13771
26416
8670
9966
21345
19025
8981
2242
19904
2789
9354
17422
16664
5226
25493
24925
4631
32230
3061
19205
30989
30843
15378
20570
18510
3132
7812
26913
29144
5951
15577
19784
4149
17139
28563
13524
30371
25524
3953
21530
3187
30365
19440
26674
30639
12702
19216
26537
23295
22990
30299
11126
10957
21506
6436
9263
23976
9118
13325
28541
31718
19371
10700
25038
21134
17962
10542
22601
19829
1448
30811
26375
15526
13587
1373
14208
2311
10700
24540
11075
7226
15357
43
5867
32706
31021
32649
10574
30567
25874
9632
21239
6875
15526
28498
16855
12957
28541
29365
17719
23582
17237
17500
11761
14627
21999
16857
32480
11882
28957
25983
405
30096
25885
1901
4939
1586
23845
12232
15901
6739
25151
24135
29303
20989
87
27381
29899
14891
16786
25650
21381
15079
29666
3579
31040
12464
27864
26220
12090
13598
16313
21379
9221
23241
6611
24103
19072
24678
14609
7785
9478
7987
12494
15625
20709
14486
28903
11836
26130
18176
17172
2476
32539
5656
12920
9153
32092
9750
4470
19487
23926
32364
4551
21872
12285
5036
8905
19043
2673
17574
2586
29684
1136
13008
27238
5359
5417
31212
11389
32431
25876
2788
32425
25388
26593
11769
24126
2101
21166
28700
24434
16377
17020
32668
10095
19148
9956
15362
19623
1576
17670
32058
4456
3314
26307
22003
11440
11519
2604
21831
5442
21975
9529
2975
761
25785
20927
22225
6749
29151
30108
14732
30324
770
15156
16886
1243
18209
28194
17299
26644
16255
4135
26729
21538
31211
14950
23906
6483
16451
7892
7665
20830
24891
15850
8952
25261
30299
9373
30954
19964
19271
18063
301
31267
19011
18567
25282
29232
4598
20255
28199
18873
6254
9660
30844
7025
32613
20931
29158
22008
32195
26122
15153
19192
612
10893
32441
13421
29722
27747
4234
9284
13046
2544
6598
4648
16067
3931
4935
31641
9940
30530
21382
19006
9984
25517
13243
29820
5610
25409
4166
3143
2182
5815
10318
12344
20184
19084
8360
4832
11775
22777
11770
3165
31603
26661
10784
27178
32139
22682
6350
28988
13634
30709
24439
17994
30010
19426
13422
12396
27137
2376
2380
27111
30612
3009
29841
29511
4129
24909
24206
7343
26641
15943
30082
14702
11078
28056
11523
12754
6049
4394
19615
26433
8392
18080
20932
7813
294
1092
10461
25704
23603
16960
446
8321
22005
17426
17218
19021
17351
5690
25138
29826
23129
5173
8041
8863
31992
2735
28982
7368
4623
18933
7170
13777
238
15529
15923
14233
15563
22201
21328
27033
262
28817
29285
26044
8882
25232
19369
12145
6992
29881
10590
16639
12509
30380
30713
794
24336
5076
6531
25267
26077
14305
2111
30996
8509
6009
3213
31275
3633
12586
2574
23846
8452
23204
10249
29505
20689
11813
22797
24796
31814
27700
1496
11473
2983
9618
24440
23044
29718
16750
7344
16188
17
13272
9885
4401
316
30840
30873
21222
20321
9600
14176
8248
14517
10975
17266
1719
18269
4536
19128
24758
48
20498
7529
26270
32447
1233
18991
27272
4754
12261
17798
29194
16821
15041
8293
8784
21620
25870
4641
12911
20066
27041
22926
22519
30880
28587
14695
25031
24923
7216
5104
29990
29847
22459
27097
8463
4651
7247
16486
15307
17677
24480
13005
16070
32720
28035
13024
5275
619
18084
15595
3441
19772
22391
736
28042
17741
7025
21169
18969
28117
119
15358
10324
23298
7831
14576
4811
16885
6134
24165
6392
18959
13577
22349
27927
875
4360
12115
5176
9899
27296
12481
23698
504
27881
22941
3610
14148
1175
11288
2388
12242
5492
24106
18537
26873
9230
11382
30331
32293
18348
21619
4405
5150
30855
31181
18598
2445
3639
31497
4431
4284
620
31081
7290
5789
19422
6159
10958
6926
25991
13924
27937
24155
22031
10683
26509
2052
19336
14898
2758
10945
8027
26329
30634
18884
22146
13591
8474
17214
29176
3913
16393
17444
9070
30379
19922
10547
14912
3196
30927
28978
23719
13917
18215
9335
24880
25083
23527
21932
23661
11245
4693
8147
14058
28128
25473
17800
24418
30705
18972
21894
27955
31066
6285
30829
18192
23633
30018
19395
8694
6445
28996
28216
27745
17611
27919
8494
31167
24112
16288
9080
549
8047
21455
10594
19009
21965
12255
5618
1936
1316
6996
22894
21712
23173
22276
6430
19129
12833
7025
1107
4328
13418
20822
31401
31516
20085
14464
26504
1700
2467
28895
30449
19480
1664
6621
1911
14664
7915
31726
32139
10098
29560
28777
23549
8632
26642
31638
17856
28624
21477
19720
19694
14590
26747
6701
13067
21311
5156
1827
32398
4807
25500
4557
2461
11694
9960
13095
28185
2023
23937
10966
29402
31601
11700
10500
24124
28881
27465
19050
20954
23487
29027
6830
5017
28704
21415
4336
26601
9012
10912
15008
24903
19729
32610
2194
18694
32336
6766
29268
1360
24070
14806
25535
8296
9206
29346
10444
21809
772
16753
19369
17652
6125
3684
6412
14942
12342
10295
16072
7624
32098
31409
14494
32444
2152
1087
32597
22196
31076
20188
11788
26916
1933
28723
4560
25787
9575
21768
22378
10726
15674
23508
19322
23191
4546
687
24778
5956
5928
11379
28892
3378
22577
16671
27333
14835
15286
11641
25662
2094
15956
1528
16633
10654
29796
20704
25649
21085
26669
15279
8325
14691
10329
16312
23046
585
6822
31246
3727
29779
26334
15011
14421
8878
3593
3761
16062
27126
481
19033
26999
26364
20614
21899
2497
19141
14451
16421
19979
12246
14513
24927
29638
21678
29002
1638
19317
24469
26625
29767
17155
3988
1344
16655
27226
32453
23890
18480
9777
22989
6610
15911
1317
12454
5988
10076
27404
17570
2979
13898
1670
30636
18266
21727
17620
16593
26870
23846
14318
18944
4923
17699
8911
6926
31799
16895
8212
30205
26740
9829
5829
18558
26226
43
29043
22196
24148
14645
19331
827
18906
16278
2249
22633
10383
30969
2905
14036
1092
1344
31641
19732
6588
5226
22171
15562
31145
21434
13994
4321
13783
13845
2595
26899
28328
7085
11399
32431
21696
7388
5581
26266
29441
31826
5117
13460
21690
1139
17146
25533
23579
21499
13983
10328
23789
24036
2830
3790
20352
8329
20293
3062
12260
22539
32243
25235
23899
12276
30857
543
3599
14362
14483
17095
11009
8391
11081
8886
10306
534
27489
26774
11621
12960
19752
20308
8756
29016
28881
7972
29602
26292
20237
22470
9473
16654
29660
20487
373
28745
23458
28298
425
17591
9853
24520
14784
30010
5590
27990
25487
20650
2102
23143
22793
7799
26459
27025
4858
29328
15500
28628
32761
30851
24361
6360
18327
31205
29062
16502
19933
9204
8185
1402
2806
20603
22066
31143
2856
22006
24267
4860
11017
8951
8480
16950
25583
10440
29025
21142
15528
22866
9958
30436
12907
15421
27842
10164
11791
24409
154
14056
22907
9789
21432
15478
26974
15662
16987
16492
12064
13122
21841
17969
1816
32708
16840
7437
30463
30427
7010
6635
4260
29031
27783
7774
27874
11308
10495
4323
21199
8754
11968
10854
24375
26219
18692
15623
16457
16535
27039
22557
22927
4453
3216
28027
25636
16859
31190
23539
24353
16887
22917
793
25688
23191
19992
17481
13637
22166
2313
5356
5185
18232
3487
1526
15865
26568
5640
25779
5919
25727
20135
22724
25183
2216
23471
9061
4757
6146
23793
25585
3389
22374
25586
1447
28970
2217
4161
15022
13692
24004
17927
10327
13516
10034
13024
10403
30889
16794
5353
17669
22856
1710
30747
20072
17783
17747
24023
13940
18131
1282
705
3597
5691
6254
14034
19741
21636
17255
31657
18324
15214
30718
23842
29613
23255
28394
14378
25970
13871
7978
25554
9090
22060
22764
28834
14610
8895
1966
29231
10546
6470
24483
1775
10065
13059
31320
4685
14596
4045
9879
23801
9475
14597
28556
3970
21364
4300
7974
15142
877
16755
16320
25833
31156
16691
24833
18148
3273
15903
9216
15328
12838
1622
21164
2339
28869
16509
1644
31370
23779
2157
8706
1240
260
17448
8885
25166
22583
17682
3247
23932
15771
2398
30372
15958
29986
12742
30900
3466
12693
32639
659
8721
15320
28268
23783
11524
8048
16274
23025
14258
66
1996
31088
18415
32157
5823
962
7855
18043
18961
24653
17619
17156
8406
11037
23106
30548
9035
19918
23356
894
29383
8109
20459
25809
5614
20762
6715
23642
21800
9777
21996
7849
15186
17577
32486
12504
3763
6395
20940
5834
22065
5831
6867
14001
16068
22644
26325
5587
29996
25112
19105
21133
18399
2967
13462
32664
9542
22030
31856
17547
18984
12402
9569
26529
13415
28532
1636
9405
11754
31912
19662
30123
986
231
3365
12201
15889
3570
22070
6694
27343
2903
31330
25289
21167
27289
825
4789
10458
26251
842
26892
2939
20989
14904
16049
26739
14746
16145
22355
6733
23825
9436
17319
20852
17267
19825
14580
7587
28380
24206
469
11166
29526
3366
27707
2848
29946
13052
22705
4372
20825
25201
20196
10759
30746
27802
15202
12510
14052
3478
15010
7620
31870
13087
5445
8551
22324
4446
20891
100
12925
31236
32361
17151
6108
10646
6889
3352
30468
32520
16403
12891
14655
20878
28443
23222
9232
22703
10555
19216
20247
23195
13490
9784
12598
5310
13069
14875
2290
4757
27813
11579
9244
26305
30057
8284
19120
31322
3805
6272
20733
26245
27491
17686
5382
3145
14010
30319
27433
24222
1988
22641
15870
4807
8076
17807
25986
10978
6535
17913
31093
3774
28954
3855
8960
9964
93
5916
12699
11801
23583
4417
30510
11419
12586
26031
12150
21065
1735
31257
30379
8848
2693
24170
4960
9923
18743
12723
6058
6835
31036
21351
7556
18304
14851
13514
8818
174
27853
24231
18021
30587
2741
32577
29151
22640
7150
5261
10071
26423
13389
1694
991
3244
6407
18017
13060
2870
29627
17546
23030
19800
14003
21710
15849
643
5735
20819
10682
32303
15426
4709
22230
3370
5801
3690
23896
13615
27194
13848
28529
4794
2129
24805
25613
18715
20177
23999
21683
14537
21793
31742
21165
28666
27252
8343
30570
2416
18766
15250
21536
28054
9284
12734
1205
10699
28675
3747
27104
20990
3731
4792
20108
8315
16349
29142
31869
18436
31595
21997
1077
11300
6000
31222
15385
29632
24840
28968
15056
10735
2496
28271
20716
24844
3673
8218
17868
3081
31433
29651
23488
517
12163
22229
24431
24609
3064
18009
18038
15760
8798
17489
8530
26094
22704
1113
25728
3539
6902
25835
19682
13735
710
2258
25445
11960
6155
9441
25569
30345
3845
21988
2881
23662
10129
4823
4323
9557
4523
3926
20290
8679
31537
8789
24530
27344
10985
1297
11819
14170
19654
32326
18026
577
21351
19875
25300
28867
4833
27515
31933
12278
30910
28861
25769
15454
1350
15142
9648
18367
27133
8629
14375
12592
29036
19808
18300
17265
5156
2565
3938
11646
24321
9123
5166
26980
3756
9162
14977
1364
1123
848
552
758
30717
9286
26688
16639
2856
10282
13470
8966
8694
30302
13934
27540
9368
1753
13337
31866
3689
17693
4717
29031
28206
8041
30456
18617
15259
5679
27060
3732
9754
24520
14826
15921
16585
29799
10832
19833
12225
5708
10356
5843
15006
10810
4958
5434
26684
29738
21873
9874
1982
3137
21907
18492
19157
8192
910
488
21823
21435
949
29354
25997
22604
15818
13393
31530
2312
21279
2292
7577
9714
16380
1741
10494
32303
11329
13898
17376
7866
12108
22114
25133
22873
2845
15142
31102
14288
8888
31384
19101
12116
12235
23487
25669
10306
31633
15355
17192
11793
7926
24215
13110
23430
3580
23197
22045
22310
29277
6894
29452
29681
6514
9361
29629
19021
31059
5964
12978
23873
4416
7281
32447
8163
10560
14331
30664
28436
13575
12249
10444
21354
24093
32138
802
8046
31037
32234
7939
15880
27388
21324
25929
17719
16299
11720
1654
8453
31357
28119
25336
27323
24557
21789
18604
16465
16218
14725
10656
12328
32756
28307
12317
3324
29916
22774
21477
15892
15495
24669
21689
24507
12132
13196
15902
18420
8638
4783
22625
17258
31971
5102
10969
7846
29574
5697
29548
20356
21858
22150
14164
21224
17952
23249
20771
4781
23419
10243
8197
26590
26274
30110
15430
3369
27869
21463
21780
5520
4980
30701
7045
15202
717
8890
24284
7018
1236
21896
15880
12390
25247
18725
4717
8891
17747
23354
30695
16486
7745
26072
5644
12598
23125
13652
3762
15160
25777
4181
13746
11123
15509
1579
30187
14038
8834
30562
1929
26479
8351
3223
23431
27102
29275
3979
24690
20232
3924
23158
1136
5648
23928
20894
6274
4739
20073
6951
30982
722
27686
2349
8064
27398
6377
27152
409
1967
1611
13071
24936
27933
10158
14617
29425
9939
9180
27615
31467
27449
2540
18222
19143
14225
19814
28284
15853
26668
19879
9921
7241
8414
27782
8840
1542
6575
30775
21573
19609
9171
27760
15081
23810
31453
20171
23732
8014
13871
10860
25674
28513
28341
28387
5130
4850
27859
13907
923
20695
29339
14036
23495
3459
30276
25367
1165
4301
24791
32329
31089
22771
9516
10041
14359
7902
17173
7868
32016
28583
2777
19793
17140
32603
13540
19457
14257
6395
8636
29833
7202
20423
22071
15547
16868
21948
2028
24866
7013
7004
19943
8933
4669
7341
18849
7405
6082
32644
23599
29770
9174
26371
15289
26579
5636
8289
32046
781
11468
3305
26166
30799
1850
27974
7016
26147
25790
29181
32446
3054
5943
13627
21061
12756
23377
465
29465
18390
2833
2941
16529
61
24238
31851
951
26940
12195
31739
27387
18897
29186
4805
28200
17900
22539
4059
11926
3539
21501
21325
10146
7365
27692
8691
17243
19165
5460
26214
10110
13882
1837
848
20133
18269
16191
6886
16827
21714
9720
28594
1459
10771
2556
17046
4473
30121
26044
21006
24617
25236
9034
24245
29568
24813
21100
22795
23184
25034
1263
7285
4279
2658
17725
23429
18641
8818
23346
8572
30893
16863
21292
3341
14526
412
31585
10340
19475
13262
19318
615
25737
26414
27213
27964
30528
14767
17950
1547
13643
15970
29385
27141
31916
31382
17002
15525
21887
15939
19502
25397
20341
23465
21862
6549
21380
564
20698
17464
15837
16547
26720
9071
21535
29289
17581
19434
27594
7251
1898
2171
21750
31852
11147
2334
23877
20766
16348
823
32534
7065
12252
10010
4347
24953
3791
3792
2414
12706
6415
2585
10943
28783
24483
27565
11089
12045
21010
15303
11782
4641
6777
29668
7928
2993
32732
10184
18538
27713
17082
16323
13310
3900
10212
10290
11304
9878
9615
6728
29154
27056
26279
25103
31393
11132
6246
17833
19080
7137
13862
29148
16092
14433
18291
4046
23737
12281
17509
26636
30723
15944
5164
14033
18078
16884
23021
5510
13282
4682
973
7557
2121
22564
20555
10274
14699
28176
15826
20460
30253
2990
6286
5936
17205
16474
6784
22463
15265
267
20941
24561
18936
19835
16732
24810
28000
12425
28575
4636
24338
8155
22449
11789
11276
32455
28834
11355
5893
18548
16143
23805
22182
9532
9461
18635
1015
28501
25542
31553
19736
27313
1213
6528
16433
13346
7023
27285
17067
11202
5796
13566
2209
24210
4964
5482
8337
13153
26197
12993
26456
24304
20292
29540
30813
25427
2817
6070
28172
7834
14192
24027
1670
11441
15837
4800
150
8325
14224
13403
17640
22632
161
2356
12149
29111
27918
20772
3394
8122
21515
29532
8778
27083
26009
19882
19384
5307
32346
2296
4698
15217
28068
5910
16723
23252
25044
15801
21776
21740
28389
21187
22141
12099
25409
3524
30328
4242
24278
4801
32134
16793
24685
6709
25540
13647
15671
23126
9505
23611
13993
5529
9675
18210
8842
29304
15079
23778
22859
115
11141
10142
24214
3669
15827
32027
30761
13752
9360
1642
9957
16331
24772
27336
13858
18259
27567
8642
21830
15344
15615
12445
28566
10914
326
22260
13900
28555
5290
28323
4329
13559
5599
740
26572
25497
9554
25272
32004
26647
9383
12937
18275
29130
2662
16653
979
3775
7665
9069
28909
18689
12218
23719
26824
10522
8626
5169
19727
16855
21509
8159
31063
10572
18948
25862
12207
792
7010
21730
13176
32746
1444
2101
1655
30276
12755
15921
31784
30847
628
17048
5973
3088
32186
32546
26088
26121
10233
15391
20222
20707
25182
21597
1852
8058
8670
24652
8038
20825
4716
7264
24877
19512
31343
3767
28233
20163
29299
12284
21960
157
17694
7051
5030
17317
2918
2773
11933
10872
22786
8198
26686
14391
3358
17382
13121
19850
6995
6909
25626
26340
24790
22011
20429
4105
23024
24919
19714
12494
19374
14389
19292
5920
13785
24205
29959
25160
8488
18058
3728
13165
7605
9520
2298
18267
1454
31298
31246
23939
22605
20323
28402
4162
16650
29307
19709
614
7951
12124
13514
1518
8428
19622
7051
8209
18572
20455
3744
3714
27495
19719
21865
12787
762
17636
25944
472
24948
22329
23626
28013
7859
19396
29975
19962
20846
13992
10855
20053
26804
15376
31688
27561
14741
14101
2302
29559
5407
18402
30618
8922
31372
3349
22223
19215
14777
3177
30080
7988
6618
3730
24221
3920
22637
29289
28592
21652
5228
15177
15795
4833
31175
24249
15397
13194
16657
5451
23133
23898
22393
12996
2845
11737
17149
18812
27242
6091
5850
7432
30107
2810
3143
10263
2481
18741
4962
14746
7142
3225
28779
27944
24713
25359
14640
672
21512
25366
18120
22800
23119
7619
28548
4309
26704
29189
7459
6404
27619
9518
4933
11273
26065
25775
31267
32654
27179
5411
380
11167
31457
4752
12243
3339
28815
17897
12759
9997
26010
13271
15907
18475
22396
26808
24871
30303
29276
26089
17766
26229
15074
29760
19427
692
2633
32733
2261
17600
4278
24867
30882
26303
20936
14081
267
12219
20336
13942
4772
24391
22275
4948
32392
31846
9357
26180
21578
2984
20585
13322
23599
28822
15118
31242
410
32336
27436
25611
16839
31605
4600
3900
29372
7491
10691
32372
30333
15872
25298
9150
11904
21144
21098
8981
17248
25479
6186
12908
5333
3321
28062
15090
26084
18992
21520
8083
6483
4135
21665
19650
4704
31605
1689
30070
3507
5491
20476
8562
1680
29857
5214
28874
31825
15430
17911
14499
11284
16215
3322
23866
4785
19098
31011
3368
19183
23051
29071
16868
7159
15743
22225
10633
19464
28807
2882
24025
2925
10647
21912
3202
2988
25704
20923
29857
5889
27546
25556
23941
15370
9630
24998
27317
25028
10451
26145
28980
22454
23279
820
12803
13932
8097
17892
7656
9255
23157
16539
1646
20947
18423
4034
24621
17465
29211
3217
31307
15734
17372
8742
20291
23212
36
30933
21221
14839
8172
27584
24991
15523
23460
31911
13562
14748
25557
14849
359
13349
3333
19275
8508
27341
29403
6048
28922
21151
22147
14986
16593
21146
15444
15128
32614
21345
3248
14640
467
30515
15404
1319
3311
3612
16113
21903
977
6765
19299
3920
24463
31083
12288
21499
21579
1092
16522
19034
18289
15687
7784
21836
31546
23891
24650
11471
4981
21904
23820
3423
22406
6494
7645
29055
21935
17547
15264
2453
19342
29129
11154
26106
30695
21855
16173
1874
14756
28702
23373
18713
8218
28311
10898
23167
20622
2187
20229
14710
25848
29859
22270
25609
10246
17505
31045
13295
21092
15447
23671
6240
11579
31895
28075
8743
15864
3434
2646
5625
24398
9285
364
30981
27518
13560
12232
19404
23510
9001
15310
26419
375
10241
13391
12246
15196
16421
5804
5024
19864

