1000

6284
2112
6625
1234
5391
3595
4377
3355
342
3554
8272
818
1260
4164
5449
2065
1329
553
8551
5470
6740
3834
1410
4241
1842
2673
1148
9747
4714
6031
4724
6424
3395
3213
1579
7038
2880
5733
2373
8694
5891
2482
3955
8818
7087
9493
3935
1056
1410
6874
375
4150
7907
794
1837
9902
3577
2658
350
9892
8765
7187
7634
2590
2304
2619
2228
5627
1327
1525
9827
7631
9654
8044
2503
2062
8435
4070
6183
9159
637
5247
8827
6915
9381
5762
2526
9773
6635
8512
2422
4900
2724
6826
2615
7039
8858
6513
2677
3953
3605
8849
1913
6222
8889
2824
3285
5100
9216
2653
2267
2205
9705
5615
7803
268
6000
8572
7707
421
9504
7428
141
2491
1623
6972
6875
9732
7530
8599
3846
3607
7592
3954
847
8778
6083
1391
6325
6053
8348
8372
4833
7051
7934
7140
6318
3657
4222
4655
2046
6671
3137
8582
2472
7792
6575
6322
4662
4421
791
725
7310
822
4483
1456
351
3403
5116
1991
3999
1520
3601
1650
9730
7112
2645
2661
2974
5635
2742
6739
13
2675
7109
366
738
7803
6467
5330
3423
5881
2505
6723
6999
2006
1547
7732
7343
1995
9565
393
1035
7206
518
4047
8774
5757
4244
4234
9793
4930
1873
5920
9280
9768
3461
2085
3074
9701
3499
2821
416
2681
696
2409
1959
8206
3834
3060
249
9167
7165
3278
7280
3454
5188
1651
8053
1217
3909
8668
80
4909
6934
6126
9025
1382
3927
561
6575
9766
5952
5988
7791
3340
5853
7279
6359
5110
2471
5018
1763
6098
2580
9308
3239
785
5314
1686
7926
8909
1440
913
8867
3581
9325
8581
7158
9207
8869
3531
6850
7221
7113
6550
3045
4011
2623
45
9487
279
9130
6780
5014
7754
5707
8060
9000
4358
8072
1440
6419
3577
3564
3442
2466
3593
3758
8413
3097
3184
3879
3484
8467
5931
9118
4594
1337
5261
8119
1404
2982
9753
6028
4356
2937
1823
2297
9399
9771
3974
2254
1033
4130
8220
2241
5175
5076
538
2722
5278
4992
4284
5939
9355
42
4399
1880
3042
2101
2523
843
5730
6374
371
8692
9352
1670
2554
6102
4100
3112
6841
4429
3417
2092
9631
823
5945
8787
9112
2016
7200
2500
32
7267
6527
846
5770
1390
7644
9039
1180
6229
6616
1541
1918
8730
674
1619
2451
6731
2154
6
4806
4476
9912
5608
2857
6823
5870
8037
1418
3521
2267
1244
3447
5935
9602
5272
595
1416
9754
6288
3177
2173
2407
5484
7121
2758
1129
9161
577
1791
2771
2718
7126
2819
6367
8720
1203
216
3216
5155
6968
6891
6936
8354
8567
8013
2395
7297
6835
1807
787
5024
1482
5193
9590
323
9509
6241
5285
9408
8717
7514
7142
2472
7696
8731
2532
1434
4532
7906
3765
9285
9915
7865
7725
2460
456
8199
5170
8783
4322
186
4991
2391
86
2579
2172
529
1089
9650
8846
8976
7982
2597
4603
1772
5053
3723
5457
799
965
958
1447
2994
9051
9952
1220
931
739
3652
2942
9482
5831
257
4982
4269
8470
1939
7843
1232
5742
5074
348
8752
2205
2663
7546
9314
676
8155
7788
9831
2414
131
7709
1204
6111
9978
2371
9871
3760
1229
8873
5964
474
1804
6208
809
5441
1647
3506
7142
1988
6840
5623
58
9010
4728
971
3378
2382
2932
9471
7514
742
345
446
8417
9168
845
1732
1352
422
3641
3642
5451
309
4084
1413
900
2528
4241
2512
8092
5754
8124
4407
4020
2580
3808
2934
4595
8163
2269
4352
7104
5445
8984
8468
9794
6470
6004
7149
7254
2654
4368
4378
289
2029
736
1709
9398
587
880
2967
9034
4841
2646
964
2199
2587
776
2403
1486
6186
926
809
592
5973
4825
870
2847
3672
6676
2072
7120
5104
2746
1887
2404
9741
409
1041
2663
5961
3493
6654
2808
2760
7439
5158
427
6960
1735
4794
7691
955
1440
8353
1476
2795
6339
7660
207
3838
167
5548
303
7282
6112
8962
7149
6651
7829
6183
5791
6018
9863
1805
1838
6592
7310
2454
6039
187
6950
7507
9202
2688
730
1024
1986
2946
1695
8062
6860
9137
7093
6689
2123
8655
425
7611
1155
1679
1038
6744
8149
1919
238
1404
3667
1896
3147
1146
2341
5011
843
7159
7130
702
7956
3997
7554
1712
3220
516
8444
1913
5844
2974
3868
2477
8573
6290
16
82
3084
701
5074
312
4562
9347
6496
7801
9151
9595
4139
7969
304
6812
477
7264
2823
2514
654
2637
170
2678
7416
1917
3662
9181
3866
3029
8677
5440
6138
60
8629
556
7871
7172
1404
1514
8109
6378
4529
4530
2210
3852
6381
8747
7825
972
9417
4646
5261
290
1497
1420
6888
774
26
5685
876
8382
248
9179
7050
4452
7347
9951
7649
1196
4563
8538
8642
9877
2874
5509
7138
5709
9816
1693
8415
602
8533
1297
5782
8567
314
63
5092
3051
8801
1231
3467
2096
9726
845
8168
739
4990
2588
3187
4871
1999
9193
1655
4111
7248
9390
4402
3148
2747
9128
1071
7875
5344
4508
6434
1315
6660
8373
7075
2421
6089
9089
639
4293
480
8524
1724
1040
7852
5005
3068
4478
5833
4240
4755
3378
2333
4164
4828
4032
2542
2678
9736
847
36
8077
4633
8943
3040
8103
4079
7196
6844
3668
8432
3347
5573
8450
8909
2116
2775
2105
1843
7321
3416
3656
1743
8310
7816
5118
4134
7250
727
4254
3476
7749
8872
4173
2067
114
3348
222
1390
8631
1026
9440
8854
8658
7765
4374
9429
6438
2678
551
33
3423
3493
9399
7699
2482
9466
8678
617
2713
224
1143
2009
1454
8660
3332
855
2821
1178
2144
4953
2622
7442
6477
5417
651
8441
960
9178
47
1026
6449
2430
4904
1734
7111
3895
4111
9130
5795
3005
1358
6416
3691
1872
2241
9521
3387
5695
2239
7050
7735
5832
1402
5444
2148
7600
8005
1448
391
3637
1927
1826
7662
2562
6606
741
8878
1187
517
896
5789
7066
2376

