10000

3
6
16
16
16
17
19
34
37
39
39
40
44
46
47
51
53
57
66
68
69
69
73
74
79
87
91
94
105
106
106
114
114
118
126
126
132
134
136
137
138
143
147
148
156
158
164
166
167
176
179
185
187
189
192
198
198
201
201
207
210
211
214
214
221
225
226
227
227
228
230
234
235
235
236
237
239
243
252
259
259
260
261
261
262
264
271
273
275
275
279
282
283
289
291
292
296
298
298
299
306
313
314
316
318
320
322
322
326
327
327
329
330
330
333
335
337
337
337
340
341
343
346
350
353
355
356
365
368
368
369
369
370
372
375
377
384
394
394
397
404
405
407
409
409
415
416
420
421
435
439
446
447
455
456
458
469
484
485
486
489
498
499
500
501
503
503
504
506
508
511
512
514
519
520
521
528
531
533
537
537
540
546
557
559
563
576
582
590
594
594
595
596
596
605
607
613
613
614
616
616
623
623
623
627
628
629
631
631
633
638
643
645
660
660
662
663
663
663
663
676
678
683
685
685
691
691
702
705
705
705
708
714
715
719
723
731
731
740
740
755
755
762
764
768
770
774
781
784
787
791
793
797
798
799
803
810
811
819
821
823
827
829
836
837
837
837
838
841
841
846
849
850
853
859
860
868
869
869
873
876
877
881
882
895
901
904
905
915
922
923
925
931
931
934
934
943
946
949
952
953
957
963
964
967
971
981
982
988
989
994
999
1000
1001
1004
1006
1006
1007
1013
1015
1018
1025
1026
1027
1027
1036
1040
1050
1056
1056
1057
1059
1063
1065
1067
1072
1076
1077
1087
1090
1092
1094
1099
1101
1105
1106
1113
1123
1130
1138
1141
1145
1146
1148
1149
1149
1151
1153
1157
1158
1160
1164
1167
1173
1178
1188
1189
1192
1198
1199
1202
1203
1204
1205
1205
1205
1212
1213
1213
1215
1221
1222
1223
1225
1240
1240
1241
1246
1250
1250
1253
1257
1260
1264
1267
1269
1274
1278
1278
1290
1296
1300
1303
1304
1308
1310
1310
1312
1317
1323
1327
1328
1330
1331
1331
1333
1335
1353
1354
1354
1357
1365
1365
1370
1372
1379
1380
1386
1386
1387
1388
1389
1393
1393
1393
1395
1397
1398
1401
1403
1405
1407
1407
1411
1411
1418
1421
1421
1422
1425
1425
1427
1433
1442
1447
1449
1453
1456
1470
1472
1474
1480
1481
1486
1487
1489
1493
1499
1503
1504
1512
1512
1513
1518
1518
1538
1552
1552
1556
1558
1559
1562
1563
1563
1564
1568
1573
1576
1577
1584
1584
1586
1589
1592
1592
1593
1598
1598
1599
1600
1602
1606
1609
1610
1611
1621
1631
1631
1638
1640
1646
1652
1656
1657
1660
1663
1668
1673
1673
1679
1685
1689
1692
1698
1698
1699
1700
1700
1703
1706
1709
1711
1716
1716
1717
1725
1741
1745
1750
1753
1756
1760
1769
1775
1781
1784
1785
1786
1789
1790
1797
1804
1805
1805
1810
1811
1821
1823
1824
1824
1825
1826
1830
1833
1838
1840
1841
1843
1846
1853
1853
1857
1857
1858
1866
1869
1878
1881
1881
1884
1885
1888
1891
1892
1895
1898
1899
1903
1905
1914
1920
1920
1926
1928
1929
1931
1932
1939
1940
1942
1943
1945
1950
1953
1959
1962
1964
1965
1968
1977
1978
1989
1993
1996
2004
2008
2008
2010
2018
2029
2032
2049
2055
2062
2072
2074
2078
2078
2080
2082
2087
2090
2092
2095
2100
2103
2109
2110
2114
2119
2129
2129
2132
2133
2134
2137
2149
2149
2152
2156
2158
2159
2161
2163
2163
2168
2172
2173
2174
2177
2180
2183
2193
2202
2209
2213
2215
2224
2227
2230
2231
2231
2231
2239
2239
2244
2244
2245
2247
2247
2252
2253
2254
2258
2258
2262
2266
2268
2273
2275
2277
2283
2285
2289
2299
2303
2303
2305
2307
2307
2307
2307
2307
2309
2312
2315
2315
2320
2321
2323
2324
2325
2326
2327
2328
2337
2343
2344
2355
2359
2368
2378
2378
2382
2388
2391
2395
2398
2402
2404
2407
2412
2414
2415
2425
2428
2433
2445
2454
2454
2462
2462
2463
2467
2469
2472
2475
2479
2481
2485
2495
2504
2508
2508
2510
2516
2517
2520
2524
2529
2530
2534
2542
2544
2544
2545
2547
2550
2551
2551
2554
2555
2556
2559
2561
2564
2565
2567
2575
2583
2583
2585
2590
2597
2598
2599
2600
2602
2608
2610
2610
2612
2615
2615
2616
2617
2617
2622
2629
2629
2629
2634
2635
2636
2638
2640
2640
2644
2647
2651
2655
2656
2660
2661
2665
2667
2668
2670
2671
2671
2672
2676
2678
2683
2689
2698
2704
2708
2710
2714
2717
2719
2721
2725
2728
2732
2738
2742
2743
2746
2747
2749
2752
2756
2757
2759
2762
2765
2765
2771
2779
2781
2782
2783
2790
2800
2804
2812
2814
2821
2824
2825
2827
2834
2834
2835
2840
2843
2847
2852
2852
2856
2857
2857
2858
2860
2865
2872
2880
2882
2887
2888
2894
2897
2902
2902
2910
2911
2917
2917
2918
2918
2920
2927
2927
2930
2941
2943
2946
2948
2951
2957
2957
2958
2960
2964
2966
2966
2968
2974
2978
2983
2987
2996
2998
3001
3003
3004
3017
3018
3018
3018
3018
3020
3024
3027
3028
3028
3032
3033
3035
3035
3043
3043
3052
3057
3059
3062
3065
3068
3076
3082
3083
3083
3087
3096
3097
3099
3102
3104
3108
3113
3117
3122
3123
3124
3129
3133
3134
3135
3143
3147
3150
3151
3152
3153
3153
3161
3162
3164
3164
3169
3169
3170
3174
3179
3183
3187
3192
3195
3195
3198
3199
3200
3201
3203
3203
3216
3222
3225
3228
3229
3232
3232
3232
3234
3235
3235
3240
3247
3252
3252
3256
3258
3265
3267
3267
3271
3272
3274
3280
3285
3292
3292
3296
3302
3302
3317
3323
3325
3328
3334
3334
3340
3341
3345
3354
3364
3364
3367
3368
3370
3372
3372
3384
3390
3392
3395
3396
3397
3397
3397
3398
3398
3401
3403
3406
3410
3414
3417
3421
3423
3425
3426
3426
3431
3436
3437
3441
3441
3447
3448
3463
3471
3471
3474
3476
3479
3479
3480
3481
3486
3488
3489
3494
3501
3504
3504
3519
3527
3529
3532
3533
3544
3549
3556
3558
3559
3561
3573
3574
3581
3584
3588
3591
3591
3593
3597
3602
3604
3606
3614
3614
3618
3619
3619
3626
3627
3627
3629
3630
3641
3644
3644
3645
3649
3653
3654
3656
3657
3659
3660
3662
3667
3680
3683
3693
3694
3694
3698
3699
3714
3715
3720
3726
3727
3727
3736
3740
3740
3743
3748
3749
3761
3764
3764
3765
3770
3778
3778
3779
3781
3783
3786
3790
3797
3799
3801
3802
3805
3806
3807
3808
3811
3811
3811
3824
3826
3830
3830
3831
3832
3832
3836
3844
3850
3851
3853
3856
3858
3870
3871
3871
3873
3875
3875
3880
3881
3882
3883
3886
3890
3897
3902
3910
3912
3912
3914
3916
3917
3919
3921
3924
3927
3930
3936
3937
3943
3947
3951
3952
3957
3961
3965
3968
3991
3994
3998
3998
4002
4003
4012
4012
4013
4019
4020
4020
4022
4024
4037
4042
4051
4069
4070
4071
4075
4078
4078
4079
4082
4085
4086
4091
4093
4094
4098
4099
4102
4103
4104
4106
4117
4117
4118
4120
4123
4126
4126
4130
4143
4151
4152
4158
4160
4166
4172
4172
4173
4174
4177
4177
4177
4180
4180
4181
4183
4187
4189
4189
4191
4194
4197
4197
4198
4203
4205
4210
4212
4215
4216
4218
4223
4228
4230
4237
4242
4254
4255
4257
4268
4274
4282
4287
4292
4292
4293
4294
4301
4302
4309
4309
4316
4316
4333
4334
4338
4341
4343
4346
4348
4349
4349
4354
4355
4355
4368
4371
4378
4381
4385
4393
4395
4415
4419
4420
4422
4424
4430
4431
4432
4432
4432
4435
4437
4437
4437
4440
4446
4446
4446
4448
4460
4462
4470
4476
4478
4482
4482
4487
4488
4489
4490
4493
4498
4499
4500
4500
4504
4522
4529
4533
4539
4541
4551
4555
4556
4558
4559
4562
4563
4565
4575
4581
4587
4589
4590
4593
4597
4598
4600
4602
4604
4606
4608
4613
4618
4628
4628
4631
4632
4635
4635
4636
4640
4644
4646
4654
4655
4659
4663
4668
4670
4673
4674
4675
4676
4684
4695
4703
4709
4710
4710
4715
4722
4725
4726
4731
4734
4734
4739
4743
4744
4751
4753
4753
4755
4757
4759
4759
4762
4768
4774
4778
4778
4779
4779
4779
4781
4790
4791
4795
4802
4810
4810
4812
4815
4815
4819
4821
4826
4833
4835
4840
4840
4850
4852
4858
4860
4862
4863
4867
4867
4867
4870
4871
4872
4875
4876
4876
4889
4892
4904
4911
4914
4917
4919
4920
4925
4930
4934
4944
4946
4949
4950
4951
4951
4954
4961
4967
4973
4975
4984
4986
4987
4991
5000
5007
5011
5013
5014
5023
5032
5037
5038
5041
5043
5048
5050
5050
5050
5054
5064
5064
5069
5071
5073
5074
5080
5081
5082
5092
5093
5113
5114
5118
5145
5151
5156
5157
5165
5167
5168
5170
5170
5175
5175
5179
5181
5182
5183
5184
5187
5189
5190
5201
5202
5207
5210
5214
5219
5225
5229
5231
5237
5240
5250
5253
5253
5259
5260
5261
5267
5272
5275
5279
5282
5291
5291
5292
5294
5299
5304
5305
5311
5314
5319
5320
5322
5325
5326
5329
5335
5338
5341
5346
5348
5357
5365
5370
5374
5376
5387
5389
5393
5396
5399
5403
5404
5411
5422
5422
5434
5439
5442
5442
5444
5446
5447
5449
5454
5462
5464
5467
5467
5477
5479
5482
5487
5487
5487
5488
5489
5489
5492
5492
5500
5506
5508
5511
5511
5512
5517
5519
5522
5523
5524
5535
5541
5544
5546
5547
5548
5548
5549
5552
5554
5555
5558
5563
5572
5574
5577
5583
5585
5585
5588
5591
5591
5597
5598
5599
5599
5600
5602
5603
5604
5617
5621
5624
5627
5631
5635
5635
5636
5637
5639
5640
5642
5651
5654
5656
5659
5662
5664
5670
5674
5676
5681
5688
5694
5695
5700
5700
5704
5707
5712
5714
5715
5720
5724
5729
5730
5730
5733
5734
5736
5737
5744
5746
5750
5755
5760
5764
5769
5771
5772
5772
5773
5773
5776
5778
5783
5787
5789
5789
5791
5797
5799
5799
5804
5809
5811
5816
5817
5817
5824
5825
5832
5834
5837
5839
5840
5842
5847
5850
5850
5858
5860
5865
5874
5875
5881
5896
5898
5898
5899
5902
5902
5906
5908
5910
5913
5920
5920
5928
5928
5929
5931
5951
5953
5954
5955
5957
5959
5960
5962
5963
5967
5971
5974
5974
5976
5981
5982
5985
5987
5989
5990
5999
6002
6010
6014
6022
6025
6025
6027
6039
6040
6045
6048
6055
6056
6059
6070
6079
6079
6079
6080
6081
6085
6086
6087
6088
6091
6092
6096
6100
6101
6102
6104
6105
6106
6109
6110
6114
6116
6119
6121
6121
6123
6124
6126
6130
6131
6139
6143
6144
6145
6146
6150
6150
6151
6154
6156
6158
6158
6158
6161
6168
6179
6184
6194
6195
6200
6202
6212
6213
6219
6222
6227
6230
6234
6234
6236
6242
6242
6245
6249
6250
6253
6256
6257
6262
6263
6269
6270
6273
6274
6284
6290
6292
6294
6296
6303
6304
6308
6310
6316
6318
6323
6323
6326
6330
6336
6337
6342
6345
6345
6346
6349
6352
6361
6368
6372
6375
6379
6380
6382
6383
6391
6392
6392
6397
6398
6401
6401
6403
6406
6411
6421
6431
6435
6437
6440
6441
6442
6444
6444
6449
6450
6454
6459
6460
6461
6461
6462
6469
6471
6471
6479
6483
6485
6490
6491
6492
6494
6498
6498
6498
6502
6502
6504
6508
6509
6517
6519
6531
6534
6537
6543
6546
6549
6552
6555
6556
6560
6563
6570
6570
6577
6584
6587
6587
6587
6593
6599
6603
6606
6606
6607
6622
6626
6628
6629
6631
6638
6640
6641
6644
6648
6648
6654
6659
6661
6662
6662
6669
6670
6679
6680
6682
6685
6685
6687
6690
6691
6692
6693
6696
6696
6705
6706
6706
6714
6720
6725
6732
6734
6738
6738
6739
6744
6745
6764
6767
6768
6780
6788
6792
6793
6793
6804
6805
6805
6811
6811
6813
6815
6815
6816
6819
6821
6824
6831
6831
6831
6832
6834
6835
6836
6843
6843
6844
6848
6849
6854
6859
6860
6866
6868
6872
6874
6880
6886
6896
6901
6902
6906
6909
6918
6920
6923
6931
6934
6935
6937
6940
6945
6946
6953
6954
6956
6961
6966
6968
6971
6974
6991
6992
6999
7001
7001
7001
7002
7003
7010
7010
7012
7012
7013
7014
7021
7021
7036
7038
7046
7048
7051
7054
7061
7064
7066
7067
7070
7074
7076
7076
7078
7078
7082
7094
7105
7105
7106
7109
7110
7111
7116
7116
7119
7120
7123
7126
7129
7131
7132
7136
7137
7150
7161
7164
7168
7174
7175
7178
7179
7181
7181
7181
7181
7183
7184
7187
7187
7187
7191
7197
7197
7203
7204
7205
7206
7206
7210
7214
7215
7217
7219
7220
7223
7225
7225
7229
7229
7232
7234
7237
7238
7240
7240
7242
7243
7252
7255
7255
7258
7259
7261
7263
7263
7264
7266
7267
7275
7276
7277
7277
7279
7280
7284
7285
7292
7298
7299
7300
7301
7307
7309
7309
7315
7322
7332
7335
7335
7338
7343
7346
7349
7349
7360
7361
7369
7371
7373
7374
7375
7375
7377
7380
7380
7380
7382
7382
7383
7384
7388
7389
7391
7398
7409
7414
7415
7418
7418
7420
7424
7428
7430
7431
7437
7439
7440
7444
7447
7448
7450
7454
7457
7460
7460
7461
7462
7463
7463
7464
7465
7466
7469
7470
7470
7477
7479
7480
7485
7489
7496
7503
7504
7504
7505
7508
7512
7513
7516
7518
7521
7523
7524
7527
7531
7532
7535
7538
7541
7543
7545
7550
7551
7554
7555
7556
7558
7559
7559
7560
7561
7574
7576
7584
7584
7592
7592
7592
7593
7594
7597
7597
7599
7599
7600
7601
7603
7605
7607
7610
7612
7614
7616
7619
7620
7623
7626
7635
7637
7639
7640
7642
7645
7645
7648
7649
7652
7654
7655
7661
7661
7670
7673
7675
7676
7678
7684
7687
7687
7692
7696
7702
7703
7704
7707
7708
7710
7711
7711
7712
7713
7714
7716
7719
7721
7727
7729
7734
7735
7743
7754
7757
7758
7760
7765
7766
7767
7768
7769
7771
7772
7774
7774
7777
7780
7780
7782
7790
7792
7794
7798
7799
7799
7801
7801
7801
7802
7802
7806
7808
7816
7816
7821
7822
7827
7828
7828
7830
7831
7834
7838
7842
7844
7845
7845
7846
7847
7852
7855
7859
7860
7862
7867
7871
7879
7881
7883
7883
7884
7889
7890
7894
7900
7902
7906
7908
7910
7916
7921
7922
7923
7923
7924
7925
7928
7929
7930
7932
7937
7938
7940
7941
7947
7947
7950
7952
7957
7959
7959
7960
7963
7965
7967
7974
7974
7977
7978
7981
7983
7986
7990
7990
7990
7993
7994
7997
7998
8001
8002
8009
8030
8033
8039
8041
8041
8041
8043
8048
8050
8051
8051
8051
8052
8054
8059
8065
8073
8080
8083
8084
8085
8087
8090
8093
8095
8100
8101
8108
8114
8119
8120
8124
8133
8139
8142
8145
8156
8156
8161
8162
8162
8163
8165
8165
8167
8170
8174
8180
8180
8187
8191
8192
8192
8193
8194
8198
8199
8203
8207
8208
8210
8219
8227
8228
8228
8231
8232
8233
8243
8246
8247
8247
8260
8262
8263
8263
8271
8271
8273
8277
8282
8287
8290
8295
8296
8319
8319
8323
8326
8327
8329
8338
8341
8359
8360
8363
8363
8363
8365
8367
8371
8375
8382
8384
8385
8387
8387
8390
8395
8403
8404
8407
8422
8427
8429
8431
8432
8437
8437
8442
8443
8447
8449
8455
8463
8465
8465
8467
8470
8474
8474
8479
8481
8483
8486
8486
8492
8499
8501
8501
8513
8514
8516
8518
8532
8538
8538
8543
8549
8549
8561
8564
8564
8567
8568
8568
8572
8574
8579
8581
8593
8595
8596
8597
8598
8598
8599
8599
8601
8605
8607
8608
8610
8620
8627
8631
8633
8633
8634
8636
8641
8654
8655
8657
8659
8660
8661
8665
8670
8677
8678
8682
8684
8685
8688
8690
8692
8699
8700
8705
8713
8713
8714
8716
8718
8719
8722
8735
8740
8741
8742
8745
8746
8746
8749
8750
8751
8752
8752
8752
8754
8757
8758
8758
8759
8760
8761
8763
8767
8771
8773
8778
8779
8791
8794
8796
8798
8799
8802
8811
8815
8815
8817
8820
8821
8822
8823
8826
8832
8839
8843
8843
8848
8851
8855
8859
8865
8865
8866
8868
8871
8872
8884
8886
8892
8897
8913
8918
8927
8934
8937
8937
8937
8938
8945
8950
8950
8952
8952
8959
8963
8964
8972
8974
8978
8979
8984
8987
8993
8995
9012
9015
9015
9035
9035
9044
9044
9049
9049
9050
9056
9070
9071
9072
9072
9076
9077
9084
9084
9086
9091
9102
9102
9105
9114
9117
9120
9125
9132
9135
9135
9137
9143
9144
9145
9150
9150
9155
9156
9156
9161
9168
9170
9175
9178
9186
9187
9191
9192
9217
9218
9223
9228
9229
9240
9240
9246
9246
9246
9249
9250
9250
9261
9262
9264
9265
9265
9266
9270
9272
9292
9293
9294
9302
9309
9309
9310
9312
9321
9324
9325
9331
9333
9335
9336
9337
9344
9346
9346
9351
9353
9360
9361
9361
9363
9367
9367
9368
9369
9372
9375
9401
9403
9405
9407
9408
9409
9410
9418
9422
9423
9425
9427
9429
9436
9436
9438
9439
9445
9446
9448
9451
9452
9452
9454
9456
9458
9459
9460
9464
9465
9471
9473
9488
9493
9494
9502
9512
9512
9515
9515
9518
9520
9521
9530
9531
9534
9535
9542
9543
9562
9565
9586
9591
9592
9595
9596
9610
9612
9615
9616
9622
9630
9633
9635
9642
9643
9644
9647
9658
9658
9658
9659
9660
9662
9666
9668
9676
9683
9692
9698
9700
9704
9704
9707
9719
9720
9722
9730
9730
9730
9733
9738
9739
9741
9747
9750
9750
9760
9766
9770
9773
9773
9775
9778
9779
9783
9789
9792
9797
9799
9799
9800
9801
9810
9812
9812
9816
9822
9822
9825
9828
9830
9832
9837
9837
9840
9841
9842
9849
9851
9855
9856
9858
9858
9859
9874
9879
9882
9888
9889
9895
9904
9906
9907
9915
9920
9921
9924
9924
9928
9931
9932
9932
9943
9944
9946
9951
9953
9954
9954
9965
9965
9978
9982
9983
9988
9989
9991
9992
9997
9999
10001
10005
10009
10009
10010
10012
10014
10014
10015
10022
10026
10027
10027
10027
10029
10037
10041
10043
10043
10047
10050
10052
10052
10062
10066
10070
10093
10097
10098
10098
10103
10104
10105
10105
10113
10115
10117
10118
10118
10118
10119
10123
10127
10128
10138
10146
10146
10146
10146
10150
10153
10155
10157
10160
10161
10163
10167
10173
10174
10180
10180
10194
10196
10197
10200
10202
10202
10202
10205
10208
10211
10215
10220
10226
10231
10238
10242
10246
10256
10259
10259
10261
10263
10266
10269
10269
10275
10286
10286
10294
10297
10300
10300
10302
10303
10312
10318
10334
10339
10342
10346
10351
10352
10354
10354
10355
10357
10358
10364
10366
10368
10369
10370
10373
10375
10395
10396
10399
10400
10400
10403
10403
10406
10407
10407
10410
10412
10424
10430
10431
10433
10434
10435
10436
10438
10438
10446
10448
10448
10453
10461
10464
10465
10467
10467
10470
10473
10475
10485
10486
10486
10489
10490
10495
10497
10499
10502
10503
10514
10517
10518
10526
10528
10532
10536
10536
10543
10547
10550
10553
10553
10553
10554
10555
10557
10558
10560
10563
10566
10569
10571
10572
10581
10582
10591
10592
10599
10610
10611
10612
10612
10619
10623
10626
10638
10639
10640
10658
10661
10662
10662
10665
10677
10677
10678
10688
10698
10701
10705
10709
10710
10713
10715
10715
10716
10717
10717
10721
10727
10729
10730
10734
10735
10737
10744
10748
10748
10749
10752
10754
10755
10756
10757
10759
10772
10773
10775
10776
10777
10778
10780
10782
10785
10786
10790
10790
10799
10800
10806
10810
10817
10818
10818
10820
10824
10825
10825
10826
10834
10835
10836
10839
10844
10844
10854
10855
10858
10862
10863
10867
10869
10872
10878
10878
10882
10883
10893
10893
10898
10900
10900
10908
10911
10911
10913
10921
10925
10926
10929
10930
10931
10937
10939
10939
10942
10944
10950
10959
10960
10961
10968
10973
10978
10981
10985
10989
10996
10998
11001
11003
11007
11012
11013
11018
11020
11020
11025
11030
11035
11035
11050
11055
11059
11059
11060
11063
11064
11065
11065
11066
11067
11070
11070
11072
11073
11073
11076
11084
11086
11088
11089
11094
11103
11104
11111
11113
11123
11124
11124
11126
11128
11130
11131
11131
11136
11136
11140
11143
11148
11153
11167
11168
11172
11173
11175
11182
11190
11191
11191
11204
11204
11209
11211
11216
11216
11226
11227
11229
11229
11235
11235
11241
11241
11242
11249
11249
11258
11265
11274
11276
11281
11285
11285
11299
11304
11304
11305
11312
11318
11322
11326
11329
11333
11339
11343
11347
11351
11354
11364
11364
11365
11368
11369
11370
11374
11377
11377
11378
11380
11382
11383
11391
11391
11394
11405
11407
11407
11408
11409
11409
11409
11412
11414
11417
11419
11420
11420
11423
11425
11426
11430
11432
11434
11441
11443
11445
11449
11452
11452
11454
11458
11459
11460
11462
11463
11472
11475
11477
11478
11481
11483
11489
11489
11489
11491
11497
11498
11500
11502
11504
11505
11507
11510
11514
11517
11521
11529
11530
11532
11532
11533
11545
11547
11548
11553
11567
11571
11571
11577
11585
11586
11588
11588
11593
11594
11595
11597
11601
11602
11605
11608
11609
11617
11621
11623
11627
11628
11630
11630
11632
11638
11639
11641
11643
11646
11651
11653
11660
11662
11669
11672
11679
11688
11693
11694
11695
11698
11699
11701
11702
11702
11708
11713
11718
11730
11731
11738
11741
11744
11745
11745
11746
11746
11756
11756
11759
11760
11767
11778
11781
11783
11785
11786
11792
11796
11799
11809
11826
11827
11840
11844
11848
11850
11851
11851
11851
11853
11857
11858
11859
11862
11864
11866
11867
11872
11872
11876
11880
11883
11884
11884
11892
11896
11899
11900
11900
11908
11910
11914
11914
11916
11917
11919
11921
11924
11925
11939
11939
11941
11944
11947
11947
11948
11955
11959
11961
11961
11964
11966
11975
11976
11980
11982
11983
11985
11989
11990
11991
11993
11994
12002
12005
12010
12014
12015
12027
12033
12038
12049
12051
12053
12053
12053
12057
12062
12063
12064
12065
12066
12069
12069
12072
12073
12073
12080
12082
12086
12089
12089
12095
12096
12097
12101
12108
12108
12111
12112
12118
12133
12134
12138
12138
12138
12141
12141
12147
12149
12149
12159
12168
12168
12172
12173
12181
12183
12184
12187
12188
12193
12193
12193
12193
12194
12196
12196
12199
12208
12209
12211
12216
12217
12225
12228
12231
12235
12237
12237
12238
12242
12250
12253
12255
12257
12262
12266
12269
12269
12271
12274
12276
12276
12277
12278
12287
12295
12300
12301
12308
12308
12318
12326
12329
12335
12338
12344
12344
12351
12353
12356
12357
12365
12367
12374
12375
12386
12388
12389
12398
12407
12412
12414
12415
12419
12427
12430
12431
12431
12432
12433
12443
12446
12449
12452
12455
12462
12465
12467
12469
12469
12471
12477
12480
12482
12486
12492
12496
12497
12500
12501
12505
12509
12511
12514
12517
12523
12527
12528
12534
12535
12540
12542
12545
12546
12548
12564
12573
12574
12588
12594
12595
12599
12605
12607
12610
12615
12618
12619
12621
12625
12630
12630
12631
12632
12633
12634
12635
12635
12640
12644
12648
12655
12660
12660
12663
12666
12680
12680
12683
12687
12688
12690
12694
12696
12700
12702
12704
12714
12716
12717
12721
12724
12725
12729
12729
12733
12735
12738
12743
12744
12745
12746
12749
12751
12752
12754
12760
12770
12772
12775
12781
12786
12787
12792
12797
12798
12798
12804
12807
12809
12814
12818
12818
12820
12822
12822
12831
12832
12833
12834
12836
12836
12842
12843
12846
12847
12851
12853
12853
12862
12868
12871
12874
12876
12879
12881
12885
12888
12894
12896
12904
12904
12912
12913
12913
12916
12917
12919
12920
12922
12923
12925
12936
12940
12944
12945
12952
12953
12954
12955
12959
12960
12963
12964
12973
12975
12978
12979
12989
12990
12991
12993
12999
13000
13002
13005
13009
13009
13013
13019
13022
13022
13024
13030
13032
13034
13034
13038
13039
13043
13048
13049
13053
13065
13068
13072
13073
13073
13077
13080
13082
13083
13096
13096
13097
13097
13101
13104
13104
13108
13111
13116
13119
13120
13120
13123
13127
13127
13134
13134
13137
13141
13144
13144
13150
13151
13158
13159
13162
13162
13162
13164
13176
13176
13183
13191
13194
13197
13200
13206
13209
13209
13212
13218
13230
13231
13232
13238
13241
13242
13245
13254
13256
13258
13260
13262
13266
13268
13278
13278
13278
13280
13283
13288
13291
13301
13303
13306
13313
13313
13316
13317
13318
13318
13320
13330
13335
13337
13351
13351
13353
13355
13358
13361
13363
13390
13395
13396
13397
13399
13404
13409
13410
13411
13418
13419
13431
13433
13440
13444
13449
13454
13456
13457
13462
13462
13466
13469
13480
13483
13487
13489
13497
13498
13500
13502
13502
13506
13507
13509
13510
13511
13511
13515
13523
13527
13532
13532
13533
13535
13539
13560
13565
13566
13569
13569
13575
13578
13581
13584
13596
13599
13600
13600
13608
13613
13616
13623
13623
13627
13629
13632
13634
13636
13643
13645
13646
13655
13656
13665
13665
13666
13666
13667
13668
13673
13674
13677
13682
13687
13688
13690
13690
13693
13697
13702
13702
13711
13711
13713
13719
13724
13726
13726
13731
13731
13738
13739
13742
13744
13745
13745
13750
13751
13753
13754
13769
13771
13773
13774
13774
13781
13785
13788
13814
13814
13818
13819
13827
13855
13858
13870
13873
13874
13876
13877
13879
13883
13896
13899
13906
13913
13918
13918
13925
13930
13931
13931
13932
13935
13935
13939
13940
13953
13954
13957
13966
13979
13980
13980
13982
13988
13989
13993
13996
13997
14003
14014
14019
14026
14026
14030
14034
14047
14047
14048
14059
14061
14063
14065
14066
14067
14071
14074
14075
14083
14088
14091
14094
14097
14098
14100
14100
14105
14115
14118
14121
14122
14122
14131
14134
14138
14142
14146
14149
14149
14169
14171
14173
14180
14188
14190
14191
14193
14196
14198
14198
14200
14206
14207
14209
14213
14225
14226
14226
14232
14234
14240
14241
14243
14244
14249
14249
14257
14257
14259
14265
14271
14271
14275
14278
14286
14286
14293
14293
14293
14295
14306
14315
14316
14325
14326
14327
14329
14331
14334
14336
14337
14337
14342
14349
14353
14361
14365
14366
14372
14372
14372
14376
14377
14388
14397
14400
14403
14409
14410
14413
14418
14424
14425
14429
14433
14433
14435
14436
14437
14442
14449
14449
14458
14461
14467
14475
14477
14478
14480
14484
14489
14493
14494
14496
14497
14503
14506
14507
14508
14508
14514
14521
14524
14535
14536
14541
14542
14543
14548
14551
14558
14573
14575
14586
14587
14590
14590
14592
14597
14600
14603
14608
14610
14615
14621
14624
14631
14640
14641
14641
14641
14642
14642
14647
14650
14651
14656
14657
14662
14664
14670
14675
14675
14678
14678
14679
14682
14689
14690
14693
14702
14706
14706
14707
14711
14721
14724
14730
14731
14732
14736
14745
14754
14755
14755
14768
14773
14776
14779
14782
14790
14790
14792
14793
14794
14797
14798
14800
14800
14801
14813
14813
14814
14821
14821
14825
14825
14826
14832
14833
14841
14843
14843
14847
14866
14869
14871
14874
14881
14882
14890
14896
14900
14905
14909
14910
14911
14912
14917
14918
14925
14935
14940
14940
14942
14943
14946
14946
14958
14959
14959
14960
14962
14963
14963
14964
14967
14977
14978
14980
14982
14986
14988
14992
14997
14998
15003
15005
15009
15013
15014
15025
15029
15029
15031
15040
15043
15046
15059
15059
15061
15062
15064
15076
15077
15082
15090
15093
15094
15095
15096
15097
15101
15106
15110
15117
15118
15130
15132
15135
15139
15140
15141
15142
15143
15146
15146
15154
15154
15155
15161
15164
15172
15179
15181
15182
15183
15196
15196
15206
15208
15211
15213
15219
15224
15232
15233
15235
15240
15244
15257
15258
15264
15265
15265
15268
15272
15275
15279
15300
15303
15304
15312
15316
15317
15318
15327
15329
15331
15332
15335
15338
15339
15342
15343
15350
15352
15353
15357
15357
15360
15361
15361
15363
15365
15368
15371
15375
15376
15393
15399
15400
15404
15411
15412
15413
15419
15423
15435
15445
15453
15457
15458
15458
15470
15476
15480
15482
15490
15503
15508
15508
15508
15512
15513
15514
15515
15517
15517
15522
15525
15526
15528
15536
15542
15543
15543
15543
15546
15550
15550
15556
15567
15574
15578
15580
15583
15592
15592
15593
15597
15598
15598
15598
15602
15607
15610
15613
15616
15618
15618
15623
15626
15626
15628
15634
15636
15638
15640
15646
15647
15652
15654
15654
15655
15660
15660
15661
15663
15665
15667
15667
15672
15676
15678
15682
15684
15690
15691
15692
15692
15709
15712
15717
15718
15718
15723
15730
15737
15738
15746
15746
15747
15747
15752
15755
15756
15757
15759
15761
15761
15763
15763
15766
15768
15772
15772
15776
15783
15784
15784
15786
15791
15795
15799
15811
15814
15829
15830
15831
15831
15832
15832
15833
15834
15837
15846
15846
15848
15851
15852
15853
15856
15860
15864
15871
15873
15874
15877
15878
15879
15880
15882
15884
15889
15889
15891
15895
15900
15912
15918
15918
15919
15920
15924
15927
15929
15930
15930
15935
15936
15937
15939
15939
15940
15941
15948
15950
15953
15960
15960
15968
15968
15979
15979
15982
15984
15984
15986
15986
15996
15997
16004
16005
16007
16010
16011
16013
16018
16020
16022
16023
16030
16045
16045
16048
16050
16053
16055
16056
16065
16071
16072
16077
16079
16079
16085
16086
16086
16087
16089
16092
16103
16104
16109
16109
16110
16110
16111
16113
16119
16120
16122
16124
16128
16128
16131
16132
16138
16140
16145
16146
16146
16147
16149
16150
16152
16152
16152
16155
16161
16164
16170
16179
16183
16186
16186
16193
16194
16198
16201
16208
16212
16214
16215
16219
16219
16220
16221
16222
16228
16229
16240
16243
16249
16251
16257
16258
16259
16261
16272
16273
16275
16276
16279
16282
16283
16286
16289
16289
16290
16292
16296
16298
16302
16309
16310
16312
16314
16315
16317
16322
16337
16342
16343
16347
16350
16351
16351
16358
16361
16366
16367
16368
16369
16370
16391
16391
16391
16393
16407
16411
16413
16421
16426
16428
16440
16442
16444
16447
16448
16453
16457
16460
16464
16466
16467
16473
16474
16474
16475
16475
16476
16477
16481
16484
16489
16492
16495
16496
16496
16497
16501
16505
16511
16511
16512
16521
16522
16526
16528
16533
16538
16541
16545
16552
16552
16552
16558
16563
16565
16566
16569
16569
16569
16570
16573
16579
16582
16583
16584
16584
16590
16592
16594
16599
16603
16603
16605
16612
16613
16616
16616
16620
16621
16622
16625
16625
16629
16631
16635
16637
16637
16638
16643
16646
16648
16658
16668
16682
16683
16683
16683
16685
16688
16689
16690
16692
16696
16705
16706
16706
16708
16710
16712
16713
16717
16718
16722
16723
16726
16727
16727
16734
16738
16738
16741
16742
16743
16752
16758
16761
16763
16769
16776
16778
16779
16780
16783
16788
16790
16792
16792
16794
16797
16799
16804
16805
16807
16811
16812
16812
16813
16815
16816
16818
16818
16823
16830
16832
16835
16836
16844
16847
16847
16849
16853
16853
16855
16859
16862
16864
16865
16866
16869
16871
16883
16887
16887
16887
16890
16894
16895
16897
16897
16898
16900
16904
16912
16915
16917
16923
16924
16925
16926
16927
16927
16934
16937
16941
16948
16948
16951
16955
16962
16964
16967
16983
16986
16987
16994
16996
17001
17001
17003
17009
17010
17012
17012
17014
17015
17017
17023
17028
17034
17061
17062
17069
17070
17071
17072
17079
17098
17100
17103
17103
17106
17109
17109
17111
17118
17124
17125
17126
17126
17127
17132
17135
17137
17138
17138
17142
17145
17164
17168
17170
17171
17175
17184
17188
17190
17191
17193
17194
17200
17206
17213
17219
17221
17232
17233
17233
17234
17236
17237
17243
17246
17248
17250
17253
17253
17253
17254
17254
17256
17256
17263
17266
17269
17270
17272
17273
17273
17274
17276
17281
17289
17289
17296
17299
17299
17311
17312
17313
17314
17315
17318
17322
17326
17327
17328
17329
17331
17337
17338
17344
17345
17345
17350
17353
17354
17354
17356
17359
17362
17372
17376
17376
17378
17394
17397
17400
17401
17405
17410
17411
17416
17420
17438
17438
17439
17440
17441
17453
17456
17457
17466
17467
17467
17472
17474
17477
17481
17485
17489
17489
17492
17499
17499
17500
17503
17506
17511
17511
17511
17524
17524
17524
17525
17527
17532
17544
17545
17551
17552
17552
17555
17557
17558
17560
17564
17565
17572
17577
17587
17589
17590
17594
17602
17605
17606
17607
17612
17612
17619
17621
17629
17630
17632
17633
17638
17642
17643
17643
17644
17647
17649
17650
17651
17653
17654
17656
17659
17662
17663
17663
17672
17676
17676
17678
17681
17683
17685
17696
17700
17703
17705
17705
17706
17717
17718
17719
17720
17722
17722
17723
17725
17730
17755
17756
17759
17762
17763
17767
17769
17770
17777
17781
17781
17783
17783
17786
17788
17790
17791
17791
17794
17807
17811
17812
17813
17814
17815
17816
17825
17828
17828
17831
17835
17837
17838
17839
17843
17844
17850
17850
17854
17858
17860
17861
17863
17866
17872
17877
17881
17883
17887
17892
17896
17908
17908
17910
17912
17915
17922
17922
17923
17939
17945
17946
17951
17955
17960
17962
17967
17969
17975
17979
17980
17986
17987
17992
17996
17998
18008
18009
18011
18012
18013
18016
18016
18027
18035
18037
18040
18041
18042
18045
18046
18050
18050
18052
18053
18057
18057
18059
18059
18070
18072
18080
18086
18089
18090
18093
18094
18094
18094
18095
18110
18110
18112
18113
18114
18115
18122
18125
18130
18137
18137
18148
18149
18155
18156
18157
18159
18163
18171
18171
18176
18179
18196
18197
18198
18200
18200
18202
18205
18208
18212
18216
18220
18229
18233
18236
18242
18246
18247
18250
18252
18254
18263
18266
18268
18270
18276
18278
18281
18281
18282
18285
18289
18290
18291
18294
18298
18302
18305
18305
18310
18312
18313
18313
18317
18321
18323
18330
18333
18339
18339
18341
18348
18348
18351
18356
18356
18360
18361
18362
18363
18366
18376
18381
18382
18390
18391
18392
18392
18396
18396
18396
18397
18399
18403
18404
18413
18418
18421
18422
18425
18426
18427
18427
18429
18430
18432
18432
18434
18437
18442
18444
18452
18454
18455
18456
18457
18461
18462
18462
18464
18470
18473
18475
18483
18483
18487
18489
18490
18496
18498
18504
18506
18506
18514
18517
18517
18518
18522
18528
18541
18542
18548
18550
18551
18552
18553
18555
18556
18559
18560
18560
18561
18564
18566
18566
18575
18578
18581
18583
18594
18594
18597
18602
18606
18608
18609
18614
18620
18624
18627
18631
18631
18634
18639
18641
18642
18650
18654
18658
18660
18661
18664
18664
18665
18666
18666
18668
18671
18671
18674
18674
18689
18690
18695
18701
18702
18704
18712
18715
18717
18722
18723
18732
18733
18736
18736
18738
18744
18748
18748
18758
18760
18765
18766
18767
18772
18777
18778
18783
18784
18785
18789
18791
18792
18795
18798
18806
18806
18809
18809
18809
18812
18812
18813
18818
18820
18822
18823
18835
18835
18837
18840
18841
18841
18842
18842
18847
18848
18853
18856
18864
18865
18867
18871
18877
18881
18883
18886
18893
18896
18904
18905
18909
18910
18912
18913
18914
18918
18920
18920
18923
18925
18925
18927
18931
18940
18940
18944
18949
18949
18950
18954
18958
18959
18964
18967
18969
18971
18972
18972
18983
18983
18983
18985
18985
18988
18988
18992
18992
18992
18993
18999
19000
19003
19004
19018
19018
19024
19029
19030
19031
19031
19032
19033
19039
19040
19043
19050
19050
19051
19054
19056
19058
19059
19065
19067
19070
19071
19076
19081
19082
19084
19088
19101
19103
19106
19111
19112
19118
19126
19129
19132
19150
19156
19156
19161
19163
19165
19166
19169
19170
19174
19177
19182
19186
19187
19191
19191
19194
19196
19196
19201
19201
19202
19204
19207
19209
19209
19210
19216
19216
19220
19223
19226
19226
19227
19234
19236
19238
19238
19241
19252
19254
19256
19256
19259
19259
19261
19271
19273
19279
19285
19285
19286
19288
19289
19292
19293
19294
19295
19298
19298
19298
19301
19306
19307
19308
19322
19329
19330
19333
19335
19335
19336
19346
19347
19350
19355
19357
19359
19361
19363
19367
19368
19369
19372
19374
19377
19381
19382
19382
19384
19385
19385
19385
19389
19389
19391
19394
19399
19403
19405
19406
19407
19416
19417
19422
19426
19426
19429
19429
19434
19441
19443
19445
19446
19447
19453
19469
19475
19481
19481
19508
19511
19512
19515
19521
19531
19532
19535
19538
19540
19541
19543
19544
19545
19547
19552
19552
19556
19559
19564
19565
19568
19570
19572
19577
19578
19578
19578
19586
19586
19593
19594
19602
19608
19612
19615
19625
19629
19635
19637
19655
19657
19660
19661
19663
19663
19671
19675
19683
19686
19697
19700
19700
19706
19707
19707
19709
19714
19716
19718
19719
19721
19726
19728
19732
19739
19750
19750
19753
19769
19772
19772
19773
19778
19778
19782
19784
19793
19798
19806
19807
19807
19809
19810
19819
19838
19840
19840
19840
19843
19845
19845
19849
19849
19850
19851
19853
19854
19855
19856
19858
19860
19863
19866
19877
19885
19890
19895
19902
19903
19905
19905
19907
19907
19913
19914
19914
19915
19918
19919
19921
19924
19925
19925
19927
19934
19934
19935
19937
19940
19942
19954
19956
19958
19959
19966
19968
19971
19973
19975
19975
19976
19985
19991
19994
19998
19999
20000
20004
20006
20012
20015
20015
20023
20024
20026
20028
20030
20030
20031
20038
20039
20045
20046
20055
20055
20065
20065
20074
20075
20080
20084
20092
20093
20099
20109
20112
20120
20121
20124
20125
20134
20140
20142
20144
20144
20145
20146
20147
20155
20174
20175
20188
20189
20196
20198
20200
20206
20207
20213
20214
20215
20220
20221
20225
20226
20229
20234
20246
20247
20247
20250
20251
20251
20254
20255
20257
20258
20261
20264
20274
20274
20274
20277
20283
20290
20290
20301
20301
20302
20304
20305
20309
20310
20311
20313
20317
20317
20325
20327
20329
20331
20335
20337
20340
20341
20345
20346
20355
20356
20357
20361
20363
20387
20391
20397
20399
20401
20401
20412
20414
20423
20424
20427
20428
20431
20431
20434
20434
20435
20439
20440
20452
20456
20464
20464
20473
20478
20481
20481
20487
20489
20495
20495
20502
20503
20512
20516
20516
20518
20529
20530
20531
20534
20536
20539
20542
20542
20548
20550
20552
20560
20562
20565
20567
20568
20569
20572
20578
20584
20584
20587
20590
20591
20593
20595
20597
20598
20601
20602
20609
20613
20613
20621
20621
20622
20625
20626
20630
20633
20636
20642
20645
20645
20646
20650
20655
20657
20657
20659
20659
20662
20664
20670
20671
20671
20675
20676
20677
20679
20683
20687
20688
20692
20704
20705
20711
20713
20715
20717
20724
20728
20730
20730
20735
20737
20739
20743
20745
20757
20762
20764
20768
20769
20772
20773
20778
20783
20788
20790
20790
20791
20791
20791
20805
20809
20810
20814
20815
20815
20817
20819
20830
20833
20833
20837
20847
20849
20861
20862
20867
20870
20873
20877
20878
20886
20890
20893
20894
20897
20897
20899
20900
20906
20912
20917
20918
20919
20921
20927
20933
20936
20939
20940
20946
20952
20961
20964
20969
20973
20974
20976
20980
20982
20984
20985
20985
20987
20990
20996
20997
21001
21002
21008
21008
21011
21012
21014
21015
21017
21021
21027
21027
21028
21028
21029
21030
21032
21034
21036
21036
21038
21043
21057
21065
21066
21070
21075
21078
21078
21081
21083
21084
21101
21115
21116
21116
21119
21119
21125
21126
21129
21129
21130
21145
21148
21150
21151
21153
21154
21163
21166
21172
21173
21179
21185
21188
21190
21195
21197
21203
21206
21209
21211
21219
21224
21225
21226
21236
21239
21245
21245
21246
21248
21249
21254
21255
21266
21270
21272
21276
21280
21281
21284
21285
21289
21290
21293
21298
21301
21304
21305
21314
21315
21317
21317
21318
21320
21322
21329
21330
21335
21339
21346
21349
21349
21353
21353
21357
21363
21363
21363
21366
21370
21370
21378
21389
21391
21395
21397
21398
21399
21403
21403
21405
21407
21412
21414
21416
21427
21429
21441
21452
21455
21461
21465
21473
21476
21479
21481
21483
21484
21485
21489
21494
21499
21500
21501
21501
21502
21504
21509
21512
21516
21518
21524
21527
21532
21533
21537
21540
21541
21548
21554
21558
21559
21563
21564
21564
21564
21565
21566
21580
21580
21581
21583
21588
21598
21600
21600
21601
21612
21613
21613
21613
21616
21618
21627
21628
21630
21634
21636
21643
21647
21650
21652
21657
21658
21661
21664
21665
21666
21681
21683
21684
21684
21686
21688
21689
21690
21693
21694
21697
21697
21701
21702
21702
21704
21714
21716
21717
21721
21724
21725
21727
21732
21733
21735
21735
21737
21742
21745
21747
21747
21747
21750
21750
21763
21766
21770
21773
21780
21784
21788
21793
21794
21795
21798
21806
21817
21820
21820
21821
21826
21826
21827
21831
21837
21837
21838
21839
21844
21844
21846
21852
21853
21853
21857
21867
21873
21877
21879
21882
21891
21899
21903
21910
21910
21910
21919
21922
21923
21927
21933
21934
21935
21940
21940
21944
21950
21963
21963
21966
21966
21971
21975
21978
21982
21983
21986
21992
21995
22004
22006
22009
22014
22015
22018
22021
22024
22032
22032
22033
22035
22040
22045
22045
22055
22057
22059
22069
22070
22073
22074
22078
22080
22085
22086
22090
22090
22092
22093
22095
22096
22099
22100
22106
22108
22109
22111
22113
22113
22113
22114
22116
22120
22121
22122
22122
22131
22145
22147
22149
22149
22150
22151
22151
22152
22152
22155
22157
22158
22158
22158
22161
22167
22167
22168
22168
22170
22175
22176
22186
22190
22196
22198
22201
22204
22206
22207
22226
22229
22229
22230
22230
22248
22252
22252
22272
22274
22274
22284
22286
22288
22289
22296
22301
22302
22307
22309
22312
22312
22322
22327
22331
22332
22344
22344
22349
22350
22352
22355
22356
22359
22359
22360
22367
22367
22368
22369
22375
22376
22379
22388
22394
22397
22407
22421
22424
22428
22430
22443
22447
22448
22450
22454
22456
22462
22463
22463
22465
22473
22478
22481
22484
22487
22488
22496
22503
22504
22514
22521
22521
22522
22525
22532
22532
22537
22549
22553
22554
22557
22559
22572
22574
22575
22580
22582
22582
22585
22586
22587
22588
22588
22591
22597
22600
22601
22604
22607
22608
22609
22611
22614
22615
22620
22624
22625
22626
22630
22637
22638
22639
22645
22654
22658
22658
22659
22662
22664
22664
22669
22674
22677
22680
22683
22684
22688
22690
22694
22696
22697
22699
22699
22701
22705
22708
22711
22713
22715
22724
22728
22728
22731
22739
22741
22742
22743
22750
22753
22754
22755
22757
22758
22760
22763
22763
22767
22769
22770
22771
22774
22792
22796
22797
22798
22804
22808
22811
22812
22812
22817
22821
22823
22827
22833
22837
22839
22840
22840
22843
22844
22845
22847
22851
22860
22862
22865
22869
22869
22872
22877
22882
22884
22885
22885
22886
22888
22889
22892
22892
22894
22898
22903
22912
22914
22915
22920
22922
22933
22945
22948
22953
22956
22961
22973
22978
22979
22983
22989
22994
22996
22998
22999
22999
22999
23000
23000
23009
23009
23020
23030
23030
23037
23038
23038
23044
23045
23047
23061
23064
23067
23070
23079
23082
23084
23085
23090
23092
23093
23096
23103
23104
23106
23112
23113
23114
23119
23121
23133
23146
23149
23150
23151
23153
23158
23162
23164
23166
23176
23177
23182
23182
23182
23185
23185
23185
23195
23198
23203
23206
23209
23212
23213
23215
23227
23228
23236
23236
23237
23238
23243
23247
23249
23253
23261
23265
23267
23270
23270
23270
23271
23272
23274
23279
23282
23283
23289
23294
23295
23295
23303
23303
23304
23308
23308
23312
23315
23319
23320
23328
23335
23336
23341
23343
23350
23353
23353
23354
23362
23363
23369
23374
23377
23385
23385
23388
23391
23391
23394
23394
23397
23397
23398
23402
23402
23410
23413
23415
23422
23423
23424
23430
23433
23438
23443
23445
23451
23451
23452
23453
23454
23458
23460
23461
23461
23474
23477
23477
23479
23481
23482
23484
23489
23492
23496
23499
23506
23508
23511
23516
23517
23520
23520
23523
23524
23526
23528
23532
23536
23538
23539
23546
23554
23557
23559
23561
23563
23566
23569
23571
23577
23578
23579
23581
23585
23588
23591
23592
23595
23595
23595
23600
23601
23602
23603
23605
23607
23610
23615
23618
23625
23630
23631
23635
23636
23648
23650
23659
23663
23665
23670
23671
23676
23677
23682
23683
23686
23688
23691
23706
23707
23712
23716
23717
23719
23728
23729
23733
23733
23734
23735
23741
23741
23743
23747
23753
23754
23757
23767
23768
23771
23775
23777
23780
23781
23781
23785
23788
23796
23797
23800
23802
23802
23807
23812
23814
23822
23827
23830
23839
23848
23850
23850
23852
23854
23854
23855
23856
23857
23867
23873
23882
23886
23890
23890
23893
23905
23905
23917
23920
23921
23921
23922
23923
23923
23923
23923
23924
23929
23931
23933
23940
23940
23945
23947
23949
23953
23955
23958
23959
23961
23961
23961
23965
23967
23967
23968
23969
23970
23973
23975
23975
23977
23979
23979
23996
23997
23999
24003
24010
24011
24014
24022
24027
24030
24031
24036
24037
24037
24040
24046
24048
24050
24053
24065
24067
24074
24077
24078
24078
24078
24082
24084
24086
24092
24095
24100
24102
24104
24107
24108
24112
24120
24121
24138
24140
24142
24146
24147
24147
24150
24153
24154
24158
24160
24163
24168
24168
24174
24181
24181
24184
24185
24189
24189
24189
24195
24196
24199
24204
24206
24210
24211
24212
24212
24214
24216
24224
24227
24228
24243
24250
24255
24259
24260
24264
24267
24272
24276
24285
24309
24312
24322
24324
24324
24337
24337
24338
24341
24341
24342
24346
24349
24355
24357
24357
24362
24362
24365
24374
24379
24380
24384
24389
24396
24396
24398
24403
24410
24414
24415
24418
24420
24423
24425
24425
24426
24430
24430
24436
24440
24443
24445
24448
24448
24449
24449
24452
24453
24455
24459
24460
24461
24466
24470
24481
24485
24486
24487
24489
24489
24492
24499
24500
24502
24502
24505
24506
24507
24512
24513
24516
24518
24532
24533
24551
24558
24569
24572
24575
24579
24582
24584
24588
24588
24594
24597
24597
24598
24599
24606
24610
24611
24614
24619
24619
24619
24621
24624
24624
24636
24641
24642
24644
24647
24652
24662
24667
24668
24672
24676
24680
24683
24684
24688
24690
24691
24692
24692
24693
24694
24704
24706
24711
24712
24713
24716
24716
24717
24724
24734
24734
24738
24741
24744
24745
24753
24758
24759
24760
24761
24761
24768
24773
24774
24774
24777
24781
24783
24783
24789
24789
24790
24790
24793
24794
24799
24800
24803
24810
24812
24813
24815
24817
24824
24828
24832
24834
24838
24839
24839
24843
24843
24844
24847
24851
24853
24854
24855
24855
24856
24856
24870
24871
24880
24885
24885
24896
24902
24904
24904
24907
24911
24915
24919
24926
24926
24928
24929
24938
24941
24949
24950
24950
24957
24961
24961
24962
24969
24970
24971
24973
24977
24977
24984
24985
24987
24990
24995
24998
25001
25003
25005
25011
25011
25012
25017
25019
25021
25025
25026
25027
25028
25029
25031
25034
25037
25046
25046
25049
25052
25053
25053
25060
25063
25063
25063
25064
25065
25066
25067
25072
25076
25078
25080
25081
25085
25085
25087
25089
25090
25091
25092
25095
25096
25107
25107
25110
25115
25117
25123
25126
25132
25135
25137
25144
25144
25144
25147
25151
25155
25157
25159
25159
25161
25167
25168
25169
25178
25183
25185
25195
25198
25200
25203
25216
25219
25224
25225
25230
25230
25232
25234
25234
25235
25236
25240
25240
25241
25244
25245
25252
25255
25265
25268
25271
25271
25280
25282
25284
25284
25300
25300
25301
25311
25321
25332
25332
25334
25335
25346
25347
25362
25364
25365
25373
25373
25376
25377
25378
25378
25378
25379
25381
25385
25389
25392
25395
25397
25399
25403
25404
25411
25412
25416
25422
25432
25436
25439
25444
25446
25449
25451
25454
25454
25455
25460
25464
25466
25467
25468
25476
25477
25480
25481
25486
25489
25491
25492
25493
25494
25495
25495
25498
25498
25499
25500
25502
25503
25504
25514
25518
25524
25528
25549
25552
25558
25559
25559
25560
25560
25561
25565
25565
25566
25566
25566
25568
25569
25569
25573
25577
25580
25580
25584
25586
25591
25592
25597
25597
25609
25609
25613
25615
25615
25626
25630
25631
25633
25635
25640
25646
25649
25650
25654
25658
25659
25659
25663
25664
25665
25668
25670
25671
25673
25680
25681
25682
25682
25689
25693
25696
25696
25698
25703
25705
25705
25714
25717
25727
25730
25731
25740
25740
25741
25748
25748
25760
25761
25763
25768
25768
25769
25769
25769
25777
25779
25782
25783
25786
25786
25792
25792
25795
25800
25803
25805
25807
25808
25810
25810
25812
25815
25824
25825
25829
25834
25835
25836
25839
25839
25843
25847
25847
25851
25856
25856
25860
25865
25866
25869
25877
25878
25878
25881
25882
25883
25888
25889
25894
25896
25899
25904
25906
25908
25909
25910
25913
25917
25922
25923
25926
25928
25929
25930
25932
25933
25933
25934
25937
25943
25948
25952
25953
25953
25957
25962
25966
25972
25976
25989
25990
25991
25992
25994
25996
25996
26008
26010
26012
26013
26014
26016
26018
26018
26025
26030
26030
26031
26033
26034
26035
26040
26042
26046
26049
26051
26051
26056
26060
26063
26068
26074
26082
26089
26091
26091
26095
26095
26099
26102
26109
26111
26114
26114
26114
26115
26116
26121
26123
26125
26127
26127
26128
26131
26143
26144
26146
26152
26158
26159
26161
26166
26166
26170
26181
26188
26190
26192
26198
26199
26202
26221
26225
26232
26235
26238
26238
26242
26242
26247
26250
26251
26259
26261
26266
26266
26271
26275
26283
26285
26288
26289
26290
26295
26298
26298
26305
26314
26319
26319
26324
26328
26337
26341
26346
26347
26351
26351
26354
26362
26368
26369
26370
26375
26379
26381
26392
26392
26394
26398
26401
26408
26414
26417
26418
26425
26426
26428
26433
26441
26442
26442
26443
26447
26449
26453
26457
26462
26464
26471
26475
26476
26477
26478
26480
26487
26489
26490
26491
26491
26501
26502
26507
26510
26511
26512
26516
26525
26526
26526
26532
26537
26537
26540
26550
26558
26566
26572
26575
26576
26578
26580
26590
26596
26598
26600
26601
26605
26609
26610
26611
26611
26614
26617
26618
26618
26621
26636
26639
26649
26649
26650
26652
26653
26659
26666
26671
26673
26682
26686
26692
26698
26698
26699
26699
26701
26714
26714
26722
26732
26735
26737
26743
26752
26754
26757
26761
26767
26778
26787
26792
26794
26796
26798
26801
26810
26815
26817
26822
26831
26833
26833
26834
26840
26841
26842
26849
26858
26859
26861
26861
26863
26868
26871
26873
26879
26880
26882
26882
26884
26885
26889
26889
26895
26896
26899
26901
26910
26912
26913
26916
26920
26926
26929
26936
26937
26938
26941
26941
26952
26952
26956
26957
26958
26962
26966
26968
26972
26974
26977
26981
26983
26987
26991
26992
26994
27002
27005
27010
27014
27017
27019
27020
27023
27027
27027
27035
27045
27048
27060
27067
27068
27068
27069
27072
27081
27086
27086
27094
27098
27100
27101
27103
27104
27104
27107
27113
27119
27131
27135
27138
27140
27142
27144
27150
27152
27152
27168
27174
27177
27178
27181
27183
27186
27187
27196
27203
27211
27211
27220
27221
27231
27232
27235
27240
27243
27243
27245
27246
27250
27255
27257
27259
27262
27264
27267
27272
27278
27286
27287
27294
27302
27305
27308
27312
27314
27314
27317
27319
27319
27330
27334
27339
27340
27341
27344
27352
27357
27362
27363
27365
27367
27368
27369
27373
27376
27377
27378
27382
27383
27388
27388
27390
27392
27395
27403
27404
27409
27414
27415
27418
27432
27437
27438
27438
27439
27440
27447
27449
27452
27453
27454
27454
27456
27460
27462
27464
27468
27468
27477
27478
27481
27485
27487
27490
27492
27495
27505
27506
27507
27512
27524
27529
27530
27542
27546
27547
27549
27550
27553
27554
27555
27561
27568
27572
27576
27582
27584
27584
27589
27591
27602
27610
27613
27625
27628
27634
27642
27643
27643
27648
27650
27652
27655
27657
27657
27659
27664
27664
27666
27669
27669
27669
27673
27679
27682
27684
27685
27685
27687
27688
27689
27689
27691
27692
27692
27695
27703
27704
27709
27712
27714
27716
27721
27722
27728
27731
27736
27738
27746
27748
27755
27759
27759
27762
27768
27769
27772
27772
27782
27784
27784
27786
27791
27791
27794
27799
27807
27811
27816
27820
27823
27827
27833
27834
27835
27838
27842
27842
27844
27845
27846
27846
27858
27864
27866
27872
27875
27878
27878
27881
27883
27885
27886
27888
27892
27895
27898
27899
27904
27908
27918
27922
27924
27926
27942
27945
27946
27954
27957
27958
27961
27964
27966
27966
27968
27969
27971
27971
27974
27979
27987
28010
28016
28017
28017
28021
28026
28033
28035
28037
28041
28044
28049
28050
28051
28076
28081
28086
28087
28091
28092
28100
28104
28109
28119
28125
28128
28132
28132
28133
28137
28137
28140
28141
28154
28158
28171
28171
28172
28174
28177
28178
28184
28187
28193
28196
28198
28202
28204
28205
28209
28210
28217
28218
28220
28220
28225
28230
28230
28230
28232
28234
28238
28238
28241
28242
28246
28252
28257
28257
28258
28258
28258
28261
28266
28267
28272
28278
28280
28280
28286
28289
28294
28296
28297
28298
28300
28301
28303
28304
28304
28305
28306
28306
28307
28309
28312
28316
28318
28321
28323
28331
28333
28334
28337
28338
28340
28341
28343
28352
28352
28354
28357
28361
28361
28363
28363
28368
28372
28374
28375
28375
28378
28379
28380
28390
28405
28410
28412
28413
28415
28425
28427
28429
28432
28440
28442
28444
28450
28453
28455
28463
28464
28464
28465
28467
28471
28473
28474
28487
28488
28490
28496
28497
28502
28506
28510
28515
28518
28522
28526
28534
28544
28546
28553
28556
28568
28569
28570
28571
28573
28575
28577
28583
28585
28589
28590
28592
28595
28595
28601
28606
28608
28608
28608
28616
28617
28617
28621
28630
28632
28636
28638
28644
28647
28649
28650
28659
28667
28668
28672
28672
28677
28678
28680
28682
28682
28687
28693
28695
28696
28698
28700
28707
28708
28709
28709
28710
28713
28716
28718
28723
28727
28728
28731
28736
28740
28750
28751
28753
28757
28761
28769
28775
28776
28781
28785
28786
28786
28790
28792
28796
28800
28801
28820
28821
28823
28830
28833
28836
28836
28837
28846
28852
28856
28860
28864
28864
28866
28867
28867
28875
28877
28880
28883
28885
28886
28886
28887
28889
28890
28897
28905
28908
28912
28919
28921
28922
28923
28923
28925
28932
28932
28933
28936
28939
28941
28948
28950
28958
28958
28959
28960
28960
28962
28964
28967
28967
28969
28972
28972
28978
28986
28991
28991
28994
28998
28999
28999
29001
29014
29017
29018
29022
29032
29034
29038
29038
29040
29044
29051
29054
29058
29058
29058
29063
29065
29071
29071
29075
29076
29078
29081
29081
29082
29083
29084
29086
29086
29089
29090
29090
29094
29096
29104
29108
29108
29108
29109
29115
29117
29121
29121
29126
29130
29134
29136
29136
29145
29147
29152
29154
29158
29164
29169
29181
29186
29192
29194
29195
29198
29199
29199
29200
29200
29204
29208
29208
29213
29215
29221
29222
29223
29224
29225
29227
29228
29233
29234
29239
29243
29245
29247
29259
29264
29274
29274
29282
29289
29296
29298
29302
29305
29309
29309
29310
29312
29326
29336
29337
29337
29354
29355
29362
29363
29367
29381
29382
29391
29392
29393
29394
29397
29398
29399
29401
29406
29408
29409
29410
29418
29419
29419
29422
29425
29426
29430
29433
29438
29440
29440
29442
29442
29451
29451
29456
29456
29462
29463
29467
29470
29474
29475
29476
29479
29482
29487
29490
29490
29491
29504
29506
29512
29516
29522
29524
29526
29536
29537
29540
29540
29546
29547
29547
29551
29554
29556
29556
29557
29566
29567
29574
29574
29576
29577
29585
29588
29593
29603
29606
29606
29614
29617
29620
29627
29627
29630
29630
29636
29640
29642
29647
29653
29657
29663
29664
29665
29666
29669
29676
29679
29682
29694
29694
29697
29705
29706
29710
29719
29727
29728
29729
29731
29732
29732
29736
29737
29737
29739
29746
29746
29748
29753
29755
29755
29755
29755
29766
29766
29773
29773
29779
29781
29782
29784
29785
29786
29793
29797
29797
29801
29802
29809
29809
29811
29815
29819
29821
29823
29827
29828
29829
29832
29834
29837
29844
29846
29848
29849
29849
29851
29855
29856
29856
29857
29858
29861
29864
29868
29882
29892
29905
29907
29912
29916
29944
29945
29948
29949
29951
29952
29952
29955
29956
29958
29960
29961
29964
29966
29970
29971
29976
29976
29978
29979
29980
29981
29990
29993
29994
29994
29996
29996
30009
30014
30017
30021
30023
30023
30026
30029
30029
30031
30033
30039
30048
30055
30055
30057
30062
30066
30068
30070
30073
30075
30076
30077
30078
30079
30087
30087
30089
30089
30095
30101
30104
30105
30117
30119
30120
30130
30130
30133
30139
30146
30150
30161
30163
30165
30167
30184
30185
30190
30191
30192
30193
30193
30195
30196
30198
30202
30202
30208
30209
30210
30210
30212
30216
30218
30227
30233
30234
30236
30237
30238
30241
30241
30242
30244
30245
30247
30248
30250
30252
30252
30254
30262
30266
30269
30276
30281
30282
30282
30283
30290
30294
30298
30300
30306
30306
30309
30312
30319
30321
30335
30341
30344
30345
30346
30348
30349
30350
30350
30351
30354
30361
30366
30372
30373
30383
30385
30389
30391
30400
30403
30405
30409
30415
30418
30419
30419
30423
30442
30457
30459
30461
30467
30468
30471
30471
30475
30480
30481
30492
30495
30497
30501
30501
30503
30508
30514
30519
30523
30524
30524
30527
30530
30532
30538
30539
30541
30544
30544
30544
30548
30548
30551
30551
30552
30552
30559
30569
30571
30574
30577
30577
30581
30583
30583
30584
30588
30589
30590
30590
30594
30595
30605
30605
30606
30613
30614
30616
30618
30621
30623
30624
30626
30629
30629
30630
30633
30637
30638
30641
30641
30642
30643
30653
30656
30657
30659
30661
30662
30668
30668
30669
30669
30679
30680
30686
30691
30694
30699
30700
30708
30708
30717
30719
30721
30723
30725
30726
30728
30732
30735
30744
30744
30746
30746
30747
30753
30768
30770
30781
30784
30788
30793
30794
30795
30799
30800
30803
30805
30806
30808
30819
30822
30822
30830
30832
30832
30832
30841
30848
30851
30852
30855
30864
30869
30877
30877
30878
30878
30879
30881
30885
30886
30889
30890
30894
30898
30900
30902
30902
30904
30904
30908
30912
30913
30920
30927
30928
30935
30935
30940
30947
30947
30950
30953
30956
30964
30967
30969
30974
30977
30984
30991
30999
31000
31004
31019
31019
31019
31019
31020
31022
31024
31027
31029
31034
31038
31041
31041
31047
31048
31048
31053
31058
31059
31065
31066
31066
31068
31068
31071
31072
31073
31074
31077
31082
31089
31090
31094
31101
31101
31102
31106
31109
31110
31112
31112
31116
31119
31120
31122
31128
31130
31134
31138
31140
31144
31144
31147
31150
31151
31154
31156
31165
31170
31176
31179
31179
31191
31193
31193
31199
31199
31204
31206
31206
31212
31213
31214
31215
31218
31220
31221
31221
31226
31227
31227
31229
31231
31236
31237
31239
31240
31243
31247
31249
31250
31251
31255
31255
31257
31260
31265
31268
31272
31274
31274
31274
31278
31278
31279
31283
31284
31293
31293
31299
31300
31311
31311
31313
31314
31314
31314
31319
31322
31324
31324
31328
31335
31340
31343
31348
31348
31350
31352
31358
31371
31372
31376
31377
31380
31383
31387
31388
31392
31398
31399
31404
31406
31416
31416
31417
31435
31436
31439
31441
31441
31442
31442
31445
31446
31449
31450
31451
31452
31457
31462
31463
31468
31469
31497
31497
31499
31502
31503
31504
31504
31512
31515
31516
31519
31521
31521
31526
31527
31527
31528
31528
31529
31532
31532
31533
31541
31542
31544
31546
31546
31562
31564
31567
31567
31571
31573
31579
31582
31583
31597
31598
31600
31602
31603
31606
31609
31611
31611
31612
31615
31618
31620
31622
31623
31634
31634
31635
31637
31644
31646
31648
31652
31657
31659
31662
31665
31670
31671
31672
31676
31679
31683
31685
31686
31688
31694
31696
31699
31703
31703
31703
31704
31707
31711
31712
31718
31719
31720
31725
31731
31732
31734
31738
31739
31739
31743
31748
31750
31750
31756
31757
31758
31760
31763
31764
31768
31780
31784
31788
31788
31788
31791
31791
31792
31803
31810
31813
31813
31818
31820
31825
31830
31840
31845
31845
31846
31849
31850
31850
31852
31863
31864
31865
31867
31872
31881
31886
31889
31890
31901
31908
31915
31921
31928
31930
31930
31933
31934
31939
31949
31949
31954
31959
31960
31960
31966
31968
31986
31990
31995
31996
32006
32008
32011
32012
32012
32013
32013
32016
32019
32030
32034
32035
32036
32038
32050
32058
32058
32059
32062
32067
32069
32069
32072
32075
32078
32081
32081
32082
32086
32086
32090
32091
32105
32106
32107
32110
32114
32117
32118
32120
32121
32125
32128
32128
32130
32134
32138
32139
32139
32140
32141
32144
32148
32153
32156
32158
32159
32160
32163
32163
32171
32174
32178
32185
32198
32201
32202
32203
32208
32217
32221
32223
32224
32231
32238
32241
32243
32243
32245
32246
32253
32254
32258
32263
32265
32270
32271
32276
32283
32286
32287
32288
32292
32296
32299
32302
32304
32305
32306
32306
32307
32307
32313
32313
32318
32319
32326
32328
32329
32330
32331
32334
32334
32338
32339
32347
32347
32350
32352
32357
32358
32361
32366
32368
32372
32373
32383
32385
32387
32387
32390
32390
32392
32393
32393
32393
32394
32394
32396
32396
32401
32405
32408
32411
32414
32415
32419
32419
32419
32421
32430
32431
32435
32440
32442
32443
32450
32451
32455
32458
32458
32462
32462
32462
32466
32466
32471
32472
32484
32486
32487
32487
32490
32491
32493
32495
32495
32496
32496
32500
32501
32505
32505
32509
32511
32511
32526
32528
32531
32532
32537
32554
32560
32563
32564
32569
32575
32578
32590
32596
32600
32604
32608
32609
32615
32617
32619
32629
32630
32635
32639
32644
32645
32658
32672
32675
32677
32683
32684
32685
32691
32692
32695
32700
32708
32714
32721
32723
32730
32731
32732
32733
32735
32737
32739
32745
32749
32750
32752
32757
32764

