1000

9
23
34
38
43
43
46
52
55
62
78
79
94
104
105
133
140
146
163
167
167
208
221
241
246
246
247
250
264
275
276
279
291
298
306
309
310
316
335
349
352
354
357
358
363
369
372
405
412
424
435
439
464
468
481
485
486
490
495
499
500
538
548
553
554
560
572
577
582
591
601
609
612
614
619
633
641
645
657
661
663
668
678
683
685
686
691
726
728
728
732
740
746
754
791
791
810
811
832
832
837
839
849
859
868
869
878
882
894
898
899
900
904
906
911
922
927
931
934
936
946
969
977
984
988
996
1001
1001
1008
1014
1038
1041
1048
1065
1065
1066
1067
1068
1070
1072
1072
1078
1092
1101
1102
1119
1124
1129
1130
1150
1199
1205
1206
1212
1214
1221
1227
1235
1243
1246
1254
1260
1269
1312
1318
1328
1353
1354
1363
1374
1379
1392
1397
1405
1407
1407
1407
1414
1416
1417
1420
1420
1461
1468
1478
1498
1501
1502
1504
1504
1507
1512
1512
1516
1532
1538
1545
1556
1566
1577
1586
1598
1598
1599
1601
1606
1610
1611
1613
1618
1620
1643
1647
1664
1679
1683
1684
1688
1697
1700
1703
1708
1712
1738
1745
1750
1756
1768
1781
1806
1813
1848
1851
1851
1867
1872
1872
1877
1890
1899
1950
1953
1968
1977
1980
1982
2030
2045
2053
2064
2073
2085
2090
2103
2108
2119
2128
2129
2134
2138
2149
2181
2184
2186
2188
2196
2202
2217
2241
2245
2258
2276
2299
2309
2315
2315
2320
2328
2343
2349
2352
2357
2391
2393
2395
2404
2415
2419
2431
2435
2443
2462
2465
2469
2471
2484
2490
2503
2511
2521
2523
2528
2535
2574
2580
2582
2608
2617
2644
2683
2695
2704
2708
2723
2724
2730
2731
2741
2749
2763
2764
2770
2781
2798
2809
2817
2827
2831
2834
2840
2858
2862
2868
2910
2912
2917
2922
2944
2945
2957
2958
2959
2966
2998
2999
3000
3009
3018
3034
3035
3067
3097
3099
3104
3117
3150
3183
3235
3238
3238
3260
3268
3308
3340
3341
3343
3353
3358
3390
3394
3397
3397
3426
3431
3438
3444
3447
3451
3453
3461
3471
3477
3480
3481
3483
3486
3496
3501
3510
3527
3573
3592
3604
3653
3665
3674
3676
3706
3714
3717
3726
3740
3748
3753
3757
3764
3777
3780
3819
3830
3836
3854
3855
3856
3873
3882
3886
3893
3905
3910
3914
3919
3931
3935
3940
3945
3955
3967
3998
4022
4034
4037
4042
4046
4078
4102
4118
4142
4142
4154
4166
4168
4177
4180
4191
4198
4212
4215
4223
4249
4265
4272
4293
4322
4337
4361
4371
4376
4381
4403
4422
4424
4426
4430
4436
4461
4466
4486
4522
4542
4558
4579
4599
4613
4615
4635
4641
4641
4642
4644
4663
4678
4683
4702
4754
4759
4768
4774
4774
4774
4779
4789
4792
4815
4828
4838
4839
4844
4850
4851
4856
4870
4874
4875
4892
4905
4911
4925
4930
4946
4959
4960
4964
4969
4973
4984
4992
4998
5003
5014
5019
5032
5038
5041
5043
5050
5054
5064
5066
5095
5107
5130
5132
5146
5154
5157
5190
5208
5210
5213
5216
5224
5240
5241
5264
5282
5320
5321
5322
5332
5332
5335
5338
5378
5397
5399
5400
5422
5442
5449
5453
5454
5457
5464
5477
5480
5488
5503
5517
5523
5528
5549
5549
5550
5583
5613
5618
5662
5667
5704
5718
5730
5734
5736
5737
5747
5760
5763
5763
5769
5772
5776
5786
5795
5795
5809
5824
5832
5846
5851
5889
5891
5902
5906
5919
5922
5933
5968
5990
5991
6004
6008
6022
6065
6071
6079
6089
6096
6103
6109
6119
6121
6122
6123
6123
6128
6130
6131
6146
6150
6152
6166
6186
6190
6194
6200
6220
6228
6238
6257
6279
6288
6289
6304
6310
6314
6328
6351
6351
6358
6362
6381
6382
6394
6413
6440
6457
6475
6476
6483
6492
6495
6502
6502
6511
6526
6528
6534
6537
6543
6570
6570
6583
6587
6621
6628
6638
6653
6658
6682
6706
6738
6752
6783
6793
6794
6804
6813
6824
6830
6841
6849
6855
6859
6860
6863
6866
6868
6873
6890
6901
6904
6909
6920
6926
6929
6931
6935
6937
6954
6962
6983
6991
7010
7019
7036
7038
7062
7067
7067
7068
7070
7079
7111
7116
7126
7129
7175
7217
7221
7229
7234
7243
7246
7250
7254
7256
7258
7263
7276
7302
7317
7318
7339
7372
7378
7384
7388
7403
7415
7437
7438
7439
7454
7477
7503
7506
7524
7541
7542
7544
7551
7552
7555
7556
7559
7589
7600
7602
7625
7643
7648
7663
7664
7676
7683
7684
7687
7703
7707
7708
7709
7720
7731
7790
7808
7815
7816
7823
7828
7833
7838
7860
7866
7875
7881
7881
7915
7916
7923
7929
7964
7974
8011
8012
8033
8037
8041
8044
8051
8059
8101
8156
8156
8162
8163
8177
8191
8192
8220
8220
8232
8242
8250
8254
8263
8281
8291
8296
8305
8306
8313
8319
8319
8327
8333
8341
8343
8352
8359
8363
8363
8387
8399
8410
8413
8425
8427
8429
8449
8463
8470
8475
8486
8486
8488
8499
8502
8534
8543
8548
8553
8553
8561
8571
8579
8581
8589
8592
8594
8605
8608
8634
8634
8649
8666
8668
8672
8678
8682
8690
8698
8702
8709
8719
8752
8757
8758
8778
8779
8795
8812
8821
8822
8835
8836
8842
8856
8886
8937
8950
8958
8964
8972
8985
8986
8988
8992
8992
9034
9039
9049
9071
9076
9086
9086
9091
9103
9126
9134
9150
9155
9156
9156
9168
9187
9195
9201
9215
9220
9226
9227
9240
9270
9271
9279
9337
9362
9368
9368
9389
9397
9401
9401
9409
9436
9439
9440
9445
9446
9453
9462
9473
9476
9481
9482
9512
9515
9520
9524
9552
9564
9565
9586
9595
9616
9617
9630
9660
9679
9686
9694
9707
9709
9719
9746
9747
9748
9766
9769
9784
9785
9793
9799
9809
9809
9825
9849
9855
9874
9905
9905
9920
9921
9954
9956
9965
9968
9975
9979

