1000

164
6086
1361
2296
8111
2359
1026
3228
4495
2631
5530
5323
2218
4940
6264
7050
9874
8963
3764
1263
8052
3109
5445
791
2653
5498
7381
357
3392
4651
2930
9307
7847
1660
4357
9725
4774
5177
6232
4852
2150
8864
7812
1329
7472
2640
1241
5267
6423
576
5186
9322
6188
6340
455
509
748
7323
7684
2361
2157
6236
1931
3498
8489
4946
9350
1295
3098
7382
1247
9753
7846
2268
4691
4757
7437
8048
2036
4283
6881
7539
8719
6117
2452
4496
8286
9411
4953
4292
9998
2798
4996
3454
3683
3709
5939
3219
1642
2053
6753
612
9343
6931
6169
1748
1489
3375
4232
2997
7955
4377
9222
275
7892
7559
5606
6723
1393
19
3131
6540
4249
2846
9965
6487
4754
7353
6141
1748
7450
6006
9590
1518
2161
2426
8261
4831
2741
70
7386
4326
8365
2870
750
7832
2682
9146
1815
2708
7834
6355
4171
7292
4047
4336
5298
1601
7312
3353
2222
1663
511
5675
7327
1129
9707
1014
754
1509
3894
2851
1066
2187
8233
3051
9794
8954
9511
7028
1890
3756
1264
1180
752
539
7751
1451
3864
2836
1894
9364
2175
6555
8239
9772
5861
9951
6518
7903
6841
1471
5150
2079
9617
7277
5361
9710
7402
2082
9557
4174
1277
3410
2635
5990
1043
6129
1865
3496
8714
311
3562
4545
3944
9712
4500
6593
5727
103
5499
876
5202
8564
3156
8768
9255
1907
3148
839
6717
2583
2138
6975
5600
1294
4035
1017
4235
1911
3181
4895
1997
226
8517
9561
4800
8583
5141
9554
9333
1481
2384
918
1076
8028
3776
7982
3603
5093
2290
7008
6372
9985
6864
5873
9588
3113
7616
764
8849
1588
6634
5192
8812
1021
256
5508
4735
4774
2457
7190
9265
7294
5743
517
5191
335
9322
979
925
3003
4619
6447
486
744
1486
4730
913
6809
8362
5705
6124
1328
4682
9050
589
9985
3409
6058
302
2360
730
3158
2745
1293
4206
8129
2069
2886
4090
3061
6895
6814
2031
1662
8044
3781
8507
2531
6350
4713
4089
7814
1093
2531
693
718
4472
4948
7138
8083
9077
9570
2383
6234
4405
542
311
3713
19
7240
8824
5726
4590
8245
6486
3891
2445
2176
6881
2308
5619
1390
5445
2268
7044
6918
17
2333
6710
7057
1738
4422
4123
4334
2896
7546
750
8186
5584
1503
76
1886
716
7284
6197
5097
8313
5878
1954
3167
4775
6053
314
7490
1446
6819
1056
6976
9991
6684
6495
7997
4800
2188
601
1507
8661
6110
1227
2375
8227
8929
2598
2238
1710
1168
9610
2944
670
9105
7555
6460
6805
9805
6664
6972
1172
6882
4002
9354
6095
3382
2122
2770
9518
2765
854
7338
9750
3293
7158
112
967
7696
3433
643
1894
5929
1829
8980
6782
6555
1255
5918
6803
7494
1080
4340
6536
2147
9473
2090
1329
9922
9296
6919
7451
5201
6555
3306
3755
5584
1732
3402
2132
5476
4990
4674
6109
777
7263
9869
8242
4411
4391
2334
585
934
4608
7411
2280
6572
390
1226
5142
3383
3896
2069
4687
1120
7631
5051
1948
7360
8319
3103
8418
1444
2397
7765
1177
8966
7728
1121
6704
5898
8250
3426
4879
1526
168
4544
5982
1782
5160
5890
3428
7038
3675
4851
5682
2577
571
2373
2049
9810
7695
614
3817
6282
7341
5811
7604
4409
9679
4330
6658
2976
3449
6612
3934
1326
857
7411
6352
4745
5984
5976
1301
8207
1025
3513
492
3134
1815
7537
6530
7553
5276
5112
7921
9404
5303
1636
5108
1674
6981
3328
8190
804
3323
6236
2908
9205
7179
997
6632
7324
6086
6
5855
2098
1281
1311
2005
621
7130
4198
1544
2020
1116
1852
3154
6195
4482
4993
9859
6609
5369
6329
4222
1584
3305
800
8946
4693
8741
829
5661
1193
4177
6196
5100
9039
6115
4814
7637
6071
3309
8476
5225
834
2682
2170
7540
6311
9639
5329
7239
8485
756
1023
505
6250
8779
8507
8409
9668
8096
2979
7878
1222
8297
9688
1795
4477
144
3901
1477
7556
2631
652
6622
132
2076
2410
9168
8144
6557
716
7386
1696
3693
6713
5623
1707
1688
1714
1335
3899
2435
9600
7789
9324
1975
5324
7915
8982
2624
4533
9371
3579
3937
7933
2304
5010
8811
2229
1724
6053
9277
9994
1347
2984
2141
480
3759
3595
2232
5247
2518
6738
8055
3386
1033
611
9763
2103
6350
5472
7450
7676
1072
2453
4322
7223
2518
148
7038
7362
4497
1439
2863
5092
9386
4214
5932
2715
1931
4594
7172
8088
3196
8193
6963
7580
5010
1699
4
8722
7507
1988
3159
380
3629
5691
1907
2355
3959
2578
5549
4089
6840
6135
8938
5938
983
9602
5073
4354
7218
584
8756
6152
1059
5087
272
1499
8256
7939
2067
5268
2706
7225
8463
237
6920
6307
3068
1320
8077
4451
3314
9235
935
1779
1846
3850
370
1251
4213
2413
5068
1716
255
2276
242
4902
2038
9473
4907
6189
808
7061
8019
3929
6712
917
6427
6053
740
1806
2767
5808
3939
2935
4568
443
9725
9846
2691
6387
2639
4453
3761
1343
5966
6230
9633
236
2652
7445
3627
4807
410
813
430
1034
365
1102
461
5419
6116
8430
6836
1809
136
5869
8354
8473
7268
1869
9538
4584
4280
8577
1642
7089
6745
7477
1799
3274
5451
9136
4216
5354
7777
5701
4443
8757
356
1088
165
9164
8643
2735
9382
4430
3098
7566
5740
3715
1894
9255
23
539
6007
6202
2653
8082
8935
9642
1294
9623
5642
6040
9306
9198
3607
9524
5474
6274
3958
6177
5053
8015
4330
425
7644
1839
352
9793
3008
9986
7577
9341
1402
4068
1029
9287
803
9418
9904
6044
6349
6173
1378
8503
8826
5370
2385
5315
3692
6809
5850
2219
9164
1437
7440
9668
3614
1787
4068
398
4805
9838
6549
854
1219
107
8265
5872
1236
7696
8045
6931
7180
8770
7146
4645
3838
9944
9625
265
175
4242
8121
6677
7674
398
494
5561
8500
8843
2123
6077
3075
2863

