10000

30173
15564
32186
8949
16287
14139
20363
4446
21261
16955
15087
5455
13098
9043
17305
26296
12024
18703
19256
6301
9530
4016
4954
9067
13694
15906
5770
27016
603
20270
31932
27181
26872
23281
12012
5752
20941
13453
19969
31933
32430
4126
4343
15902
31237
17648
20029
603
2911
32751
13404
24043
21802
31326
30170
24139
32700
2252
27742
12438
5528
5700
30484
5718
29933
24517
6227
7321
31328
1009
5758
18760
18699
15113
9256
12981
21446
19225
21371
13683
2981
3184
22746
15466
22466
4691
24773
20266
14908
19443
31997
23168
18047
12700
27881
26439
19654
21038
17721
13185
24287
21713
15049
24999
4654
17125
5320
12861
8949
11832
2585
31656
23763
1916
3577
21572
27786
14584
20451
8882
32517
22909
29360
2159
20889
2972
16131
23211
6027
23830
21732
7512
22738
14996
8363
13441
11807
19352
5920
16349
32283
19124
31968
21668
8175
11770
15619
2465
1802
13235
4859
2441
23582
10068
3007
8075
10092
29357
8746
29224
28738
20324
31389
24645
30146
11426
492
13438
25828
7436
29560
8894
12223
24821
2712
17420
27140
24785
25406
1192
20171
11245
19927
14423
21394
20318
6770
18683
27778
6456
7973
13158
26101
7168
32172
18032
30518
1635
27732
22599
29319
8999
1560
26119
13929
5475
26121
20875
17431
9451
4595
12674
8020
12047
30781
26565
23398
3973
1297
29160
31075
5539
4797
10254
31659
22993
14681
24066
21174
1855
16810
6788
1808
28115
16199
22753
17569
28774
5626
2247
11058
9007
28265
16470
2093
11903
24054
21626
23972
18863
17891
19321
23189
25175
11706
24008
10349
17345
7404
31011
12746
21150
14264
31196
18053
12535
9038
3700
16624
24166
30005
31080
4188
10373
12778
9549
19679
32679
7882
16159
14420
966
27441
19159
20642
23997
29924
26171
22338
14519
11180
11770
29179
28648
22596
30968
18672
17531
19061
24039
17885
12235
12928
14103
22686
9685
10684
6287
25841
23534
11904
27740
15740
26545
5955
10537
20498
19004
16642
22288
26418
15260
31971
22192
9424
19077
279
7808
6744
9286
24836
25186
8689
6397
20644
22908
23807
12295
14120
5699
31723
24763
21730
9432
13094
17240
97
25496
363
20027
16094
18927
11077
29526
15319
4460
4050
12765
25593
29979
15046
28738
10051
31503
22450
12900
9833
31806
27271
4
20342
24210
29014
3960
11702
13628
21337
2211
28883
15180
16695
29732
28478
23678
27268
10958
10192
16471
11399
22872
1714
2929
7745
27734
29050
19220
7594
30824
24214
16133
16958
29362
31726
30115
22712
19852
10437
28207
19486
19834
18144
13676
8189
10846
9963
12392
24566
20716
5144
2457
10361
22623
17161
29739
11473
106
10224
14745
24161
19314
30709
17787
6445
2298
23000
9119
31132
25695
2519
9306
16252
19397
29906
6944
25158
17233
3757
27475
15011
30873
26614
22361
25904
10840
18119
17905
17022
14439
18158
29127
14430
28648
17740
14150
6235
26564
6779
29869
20359
345
26804
12389
17275
24940
239
31122
153
30053
9035
14056
7572
22715
7857
22463
30771
11949
5044
7018
12113
17459
24252
25285
32297
3636
28004
16398
23760
22521
800
14582
2563
13794
12579
28407
25123
4183
1408
8679
10110
23298
13711
16590
8144
19515
18322
31989
11018
10436
32664
4927
14161
30647
5026
16316
13898
12988
27397
3964
30613
18047
27919
1185
3223
30562
8941
16568
6525
32367
12492
10570
14205
29328
27199
15021
19551
20994
1505
32032
31549
16391
13371
20504
4743
19163
7656
32724
6985
19946
3318
22839
28081
17472
17808
12247
28364
8001
20954
2642
23440
30106
17693
26849
17695
7799
14884
23087
8778
3319
4326
21099
6740
32732
12133
30875
27897
22920
18901
24116
7087
13349
30209
21736
14380
1571
3563
22208
31784
27367
9650
13418
3684
25537
6329
32212
6379
9503
29190
22778
5272
17409
13288
15100
28120
22445
17117
14195
26289
25508
30642
23045
23044
7636
7404
15927
17423
25871
23399
22915
13365
31676
23101
11179
3074
23245
5609
18764
12138
12529
12973
29878
2641
25098
20017
14587
3921
6881
5228
15174
5047
19736
7111
13934
11470
10081
19584
21707
29281
24046
22349
23625
19067
22313
32579
24762
8817
4260
15093
28785
14626
20563
28896
28428
24190
30201
21255
4753
19525
224
7642
14013
31761
7629
15964
31384
7831
20787
9093
23629
6186
4519
16101
18233
9857
26260
30859
18498
5049
24368
6693
23658
6813
30126
30057
3491
24614
12982
18867
20966
9790
9490
11503
24703
7113
426
31673
29099
28134
32690
5315
7268
32370
17698
25463
18044
25551
30566
32222
23273
5603
17495
22977
14944
27747
30571
23822
6693
21073
28456
19836
17697
21187
1759
25458
29493
25319
18582
1062
10958
3396
31558
26370
24761
25154
24903
10827
19001
20973
15112
6916
5463
21238
25091
13328
31610
31482
4080
6296
25143
27655
9785
3500
32362
15197
2479
14125
11654
13681
26235
7146
31017
9016
28759
13577
30964
29857
29438
3241
1689
29796
18144
12229
30773
26874
32283
30555
21729
18156
23975
27854
14211
22609
30416
19850
21483
32146
29930
29158
21019
27505
29504
6990
29669
2634
28493
28065
14524
23192
11055
6104
29636
698
5208
28649
2091
27128
647
1514
16316
1217
25334
29306
28593
13878
9173
25693
24521
27373
29688
12646
10139
20718
10957
28314
30250
20738
27792
21394
30649
11566
24258
27937
19937
26746
215
25399
19936
23542
32047
22021
31028
7423
1607
5730
25705
6335
5169
15726
47
2291
5697
26485
30895
9713
27914
5654
7967
14825
16520
32164
4500
31083
1695
16844
5400
17705
19908
25976
22013
14591
8187
29172
625
11312
4609
6479
29522
1779
21194
22533
22339
4398
20270
23002
5119
7809
15839
9737
20973
15238
10142
22174
26101
16471
16302
24353
3475
27729
8329
9844
12585
28440
16595
30718
8346
731
13452
4106
32276
31706
3721
18281
19245
28965
30245
8799
19506
25254
17716
18109
13755
97
16952
7498
22659
30459
19160
8807
16247
25977
653
10739
29709
24651
22943
6765
23767
9609
80
25432
27224
26236
6742
13028
1558
19040
18063
11978
30704
3688
20209
13432
13746
26371
5312
25710
20711
1630
3331
31976
30447
27690
24888
18365
14161
25247
2119
8071
1106
19649
27573
20484
8646
10722
27930
21948
30246
29288
24533
16612
29155
12752
19198
16259
250
499
1948
4819
15049
19336
3864
29674
17440
28651
3570
11161
6044
16413
3763
24981
10288
25867
20771
26324
4613
7443
8635
32570
19844
29380
17757
28277
6321
20709
19779
19494
2746
6073
26422
25409
1487
6018
32256
8374
31541
5188
15907
21841
13718
14027
21195
20190
7580
3823
28418
3218
11454
2839
30499
4774
601
2300
24209
8517
20226
25520
3496
21160
2587
8926
25588
25728
9636
12115
10913
12436
13396
12477
2867
6315
13800
30899
24184
27052
32188
7926
26554
31236
26520
13047
20536
1864
20172
9881
30424
5915
31615
22071
26646
24403
31300
20969
4672
31063
4590
19459
2533
25803
19366
20703
29323
7536
16698
11229
24480
18501
9656
7591
16819
15347
15420
18362
13284
26727
12550
28962
15769
25025
2255
2180
23667
4717
6749
1890
27265
22671
18006
6811
13491
4773
24914
13361
21905
24424
1075
27215
10284
5362
14009
18315
26453
13094
10321
28776
19726
21837
27438
16927
17982
26365
26011
20127
3753
8255
28048
22994
18718
3312
17027
15394
26610
9064
22912
20028
31150
11866
12156
16915
11781
3579
5607
3368
9993
5223
11648
18442
27294
320
877
10008
2094
24728
1163
28814
18078
20753
15107
5056
28289
30018
2590
17824
1164
5213
23642
18054
2122
11791
30653
13617
2833
1448
27753
4873
13109
26748
20849
23974
32635
13193
17387
24982
24273
23642
23622
10843
28732
299
3550
13236
32529
17485
9422
16414
3944
30412
22021
30873
3790
22096
5533
14767
32058
25153
10088
12723
8771
3118
7627
13383
8847
18288
15055
26400
2447
15370
26485
11278
7017
8404
13642
27702
822
217
7740
10402
12654
28669
30380
29693
32416
29411
17860
14743
26215
7693
30731
30128
28313
12357
8246
17138
3777
11324
14914
24895
11216
13682
9407
6573
31759
13397
17519
9167
26456
1453
1551
28727
14214
14647
12917
31800
11562
9104
18651
4849
19584
18261
21371
8070
30369
22921
27228
29873
8953
25911
22635
11642
19708
21080
5837
2882
27157
21494
4724
29958
31711
402
28656
31714
4760
8132
16776
2260
21459
23585
25482
6083
22892
97
29407
9152
31937
24770
4578
10379
25119
2471
28531
23897
22651
28805
17478
3284
24931
11263
14977
11876
30004
30544
29575
9389
22412
1258
8206
17753
4098
25692
24184
3607
23317
32633
21344
10979
10083
29367
12403
12681
29468
17621
7553
13924
7605
16833
14291
7788
481
31928
7104
21104
27581
15791
11387
14239
16202
24050
3631
4429
25377
22539
1614
12276
17250
3813
13862
4473
238
4145
25525
22193
8406
22025
17598
12836
20499
19411
28
13329
3959
6761
22871
6066
23523
32631
14965
30144
9915
13348
4114
58
12951
9972
11187
11107
10299
3308
8280
26634
30666
3576
19792
21261
23094
4235
2897
32288
1787
26757
12232
13771
29197
27993
23150
26802
9742
15215
16668
5145
3781
9415
28128
22951
18380
5344
9040
8810
17288
27608
23326
29468
24158
5332
4845
21925
12836
23458
23395
31712
15830
17821
23936
32674
13707
29137
18990
25593
3751
17504
26649
15281
7249
24869
13248
6429
20520
14742
17869
11028
29489
12783
29601
11065
27412
8589
24116
383
24457
12951
25372
16621
21517
25828
9195
24991
2521
14361
6078
23566
15892
16658
23315
2449
6216
11908
12763
28195
23827
224
28625
20326
14623
31098
15113
15592
14419
1258
23756
28069
15691
9394
5283
5838
3334
7202
8626
8137
17119
25721
30279
22393
16575
11341
18867
3775
28560
26157
31833
15425
25589
10884
516
3434
15160
28864
18046
2226
17540
25524
16478
9503
19028
21819
9761
31499
4139
5407
31100
29225
22662
12089
23793
4291
1806
21721
26529
20549
13075
30056
27489
6911
15926
19019
24847
22311
17253
23051
28455
8989
29197
14003
16017
9971
10634
31610
4541
7981
26851
19874
20978
1221
26292
25760
1763
30323
25963
23933
27780
18219
6071
23932
6939
21990
10558
18429
30106
4773
16271
2977
21036
21683
1879
19119
4366
26155
8663
25271
5536
26811
1685
6005
21948
30631
11602
25847
29510
11025
5181
15618
5124
24695
30310
13235
27568
27773
18037
24418
11340
6637
16796
28619
20662
6652
11978
16496
30076
18895
7714
27193
13297
28989
15531
6238
13185
24279
4169
9350
25921
1317
12268
15921
7626
32051
19463
8531
328
4684
6980
8257
30158
15110
32630
1233
4077
9087
30414
3261
11652
11493
11603
1353
13017
1596
17036
18982
7657
16987
6015
11157
25597
3896
14560
32720
19838
29286
14722
25509
17418
11996
4369
28260
18119
14328
21251
23803
30968
21956
20940
30816
32462
24183
593
15151
7296
10559
13216
31381
19358
7741
28382
5740
15010
2001
4992
29863
27336
2329
959
19441
24607
23988
30021
401
6112
18124
14893
7825
14591
18771
5674
8223
13057
8588
29702
10035
16141
4046
3919
19314
30533
25221
26189
5459
30807
24953
2102
25472
16718
32339
5029
16255
17839
28253
31049
26001
26049
4489
22234
986
16684
19125
32338
29891
6085
11565
32089
30877
11433
9073
14593
12935
24457
29497
29107
27793
28740
17079
17258
26401
8379
796
30238
14230
10465
25693
12932
31276
12561
13879
28404
23327
18085
23153
10410
15124
32452
11361
15666
29364
15227
433
30750
31130
18191
10339
10490
29807
14738
1555
21890
28243
23733
15484
23570
16767
477
30526
6749
29481
32377
18143
27746
1704
17042
11535
6044
3033
15779
15920
30329
27841
1452
31765
30734
15988
29826
19978
18441
6453
12137
14869
13031
15326
19684
17276
6759
32387
3276
4743
3646
22610
22176
18823
23820
31933
29212
11031
12687
21468
11789
30114
4118
21004
26979
6182
18489
29405
12936
9271
11976
23339
28912
8518
13313
26250
19698
9507
10758
9192
18902
21953
20366
1389
17967
14394
29402
18342
22123
28946
16619
21475
11688
22976
5362
8669
2249
3946
23560
23708
20425
24305
24863
20120
24912
12845
5432
22815
15492
25210
10199
31478
32034
5235
948
10819
24013
253
948
1450
13478
20360
29719
8375
7708
26001
13299
28540
18950
20331
2785
5499
7919
9792
1782
7110
10160
5971
30453
21092
32581
28807
21698
24823
11993
22053
13338
19100
12835
1498
2434
26899
5621
19199
23933
8992
25874
2077
16386
25136
22337
31153
4141
2880
30367
5676
27701
32507
12089
12094
23966
25890
31962
14420
5552
18225
11042
22112
20007
15936
23512
7384
8748
14375
18305
7169
29572
6117
27698
9325
12296
13635
7842
25538
2901
32692
12675
16062
196
18560
10003
3192
12701
30753
8430
5865
29575
13037
550
1194
9027
12534
30613
4095
3994
19759
23154
12053
4244
4048
8483
4488
7915
14331
21074
5928
32703
2207
11843
9213
22667
23709
613
30089
16216
17961
23335
23884
6961
15731
2060
1166
26838
8839
9730
7512
14261
5746
9200
9412
29461
28583
30094
6774
19349
19873
26745
20843
21717
4041
20359
15858
11123
13209
30807
25847
14137
24066
7981
20615
23956
5131
21757
11665
14408
26300
3014
30442
9315
5690
15650
20884
15727
28723
24346
32320
6380
28028
6974
1041
22014
21241
31734
30883
21858
22974
1043
2380
11686
8819
25769
10658
12186
30717
17697
2877
3842
9563
20874
17086
909
25293
816
15887
30219
7740
22384
28653
3546
8918
26826
21668
12961
25593
7736
13338
22081
28498
25790
17679
6921
19014
10051
5539
10794
16016
30879
23833
20074
23084
9205
6874
10012
9844
5955
9917
1871
23178
23607
5765
21830
3317
4933
7340
32296
10383
9462
17503
20985
10398
7555
11977
23497
24641
26274
13716
2603
20750
21408
5805
15337
21753
13232
3400
1270
8055
24195
31781
16292
23012
28440
3345
15895
24354
8406
27055
12282
23172
728
29048
4208
19946
30088
4353
12366
17197
9839
7804
12423
11453
32331
24450
232
14728
13666
7184
14085
8222
535
25295
20851
9491
5563
25240
15159
24741
23461
32055
9087
1951
11909
30575
32144
15230
30709
27199
15616
9681
28241
22884
8741
25318
25801
4895
10957
32674
25012
15672
31535
3761
28455
13123
21282
6368
22983
6690
25485
27846
20955
19659
6175
4522
8870
1612
10560
24993
29683
27916
2631
3831
18929
25427
2029
6352
14145
16652
11009
29455
30030
23242
13150
25975
22237
31242
16155
26128
18661
10936
29185
29389
21920
500
12610
11883
24034
16917
18279
17564
31914
32750
1163
22885
18678
11601
11975
1989
27100
11474
22253
13207
12503
21197
25977
12985
11871
30635
29636
4462
29884
32608
17787
30209
32027
31288
30288
26540
25314
17108
12271
31927
26945
15727
31796
13284
32521
7271
1947
32011
13506
19960
26616
13570
22776
30538
15208
6335
11989
8366
13191
29633
29429
30500
24803
3500
8821
18210
21169
6963
14413
5264
24255
13882
21728
29719
9642
8508
978
2459
10065
23019
5146
20486
31625
16151
13912
3656
787
19921
21864
7580
9419
14800
23863
25868
27425
25876
25557
11831
5581
31432
26828
14162
29631
12653
7857
9837
6485
30773
29432
16887
18129
5037
18444
4741
4874
28063
5536
20943
11874
7223
25407
19195
20983
25700
20779
4127
12062
15233
9060
10497
29453
3125
775
7969
13015
17048
27097
2809
21406
25495
27684
1667
17155
13209
21698
10492
5090
12387
18295
28648
21309
25144
23940
14678
10613
18501
28792
13157
7104
25661
1866
25863
471
10561
6565
13317
1007
20994
7555
3139
13547
25129
4861
3142
7376
22263
609
23283
18297
19240
8326
2713
11148
4638
3420
11570
32172
3643
24775
32230
17392
18063
31150
17361
15764
32691
17231
20998
29423
23540
25813
18644
421
18100
3884
31816
31006
12046
23828
9202
23351
21945
31092
14316
5431
12847
32753
7961
1284
13070
19392
4779
24215
23998
10424
23272
1453
4436
6828
18733
12223
28854
12023
4915
25141
14336
3160
29585
8407
295
13569
13186
24708
15325
12010
489
4646
23732
1643
15250
23013
1925
24330
2235
18075
14611
1682
29651
7560
13292
15973
23937
3656
13456
12050
29160
25345
12501
14890
810
225
9866
7760
27946
19656
15707
8592
26263
18497
16372
13810
25382
31415
12394
19534
27422
31462
31702
18785
3098
11407
4419
20769
18186
1648
24522
23630
8060
29811
32763
19530
12314
10790
3199
28970
26739
31083
28156
13837
22526
369
7737
26540
10843
18914
9859
18739
14557
7774
23887
27472
21830
15913
10016
31113
12753
13344
16043
29138
2678
27378
18489
31327
29545
20876
13390
18871
28900
9173
13704
21770
15398
11164
19913
14532
22972
3534
13977
3938
25855
30701
10437
10884
13534
16829
18252
25156
15837
22337
12668
28359
21854
32485
89
17
14879
20477
13118
2078
1541
28014
20423
27438
27928
22699
14573
2656
28110
28900
371
23682
22156
29306
15746
2344
17514
2741
6032
14843
32567
21433
11398
5716
22205
19638
29473
7434
25925
8800
12952
20616
23390
23455
19584
26914
14555
16007
24045
425
5915
394
31707
29244
26765
7404
3788
19810
20850
20600
4530
13142
32229
12658
14350
28578
6425
21708
16218
5359
18915
27036
28581
2844
22648
22478
3965
17293
24951
14102
20241
1990
14890
12841
28311
5688
27145
10797
9196
346
23935
11886
890
1276
13809
7250
28767
17881
23293
31631
22476
12139
12543
27291
15274
25603
6362
12133
20612
29464
7413
16450
12961
18911
28547
22826
30320
4637
7688
28964
6186
29498
7704
9215
3762
27030
5986
25667
1472
10272
3822
2407
830
14372
22435
3652
31730
19300
27660
5066
7006
29803
5468
31730
17124
14622
943
12531
1070
13204
15250
27833
6861
13607
31942
5267
10528
8139
1601
32044
15480
27039
23414
10940
23673
32450
28374
24959
10692
30056
21911
6759
20435
18477
26804
12302
20003
2729
30517
22510
23705
19524
28080
15316
28447
7499
5904
18322
7310
27204
23189
32500
27856
8575
6940
28662
21062
22254
7073
5428
21095
23094
3330
15522
8618
29446
10501
18045
13990
14248
32413
20610
6264
12758
21353
8541
27750
17870
15998
26724
1730
4009
24678
9605
784
10984
23656
19837
10091
6224
30474
32331
5924
13816
32213
22501
6317
32160
23640
19753
29365
32068
624
278
9365
15857
32710
1084
32235
3288
30872
1649
22916
23201
22461
20678
32640
9473
25059
7098
29360
7823
3612
5549
11587
2259
18329
11671
4258
29856
31924
30201
3224
23716
7988
13332
16822
20030
31181
28506
8950
5263
32487
5410
23198
6612
29857
1183
30311
29427
8724
5907
7903
18771
25052
30784
24076
5873
15829
25375
14674
26801
30754
5845
8854
6898
9588
6115
1188
17508
15496
4509
28366
17182
16114
27613
9174
8171
24346
26872
4111
15333
18308
24561
27326
31814
26452
26349
1734
26746
26641
487
5765
28281
12457
10661
26361
16723
6581
16107
22055
1548
14079
15854
2237
17067
23105
17931
8950
17294
13104
18873
2238
27392
12473
31421
26903
7950
1931
18077
6331
18838
469
30550
2
7840
31825
19537
8199
7409
13441
8084
29446
31966
19513
27446
11273
351
9821
17173
6596
24420
236
5835
12477
12140
28733
20445
176
7507
8073
8246
6449
19051
31402
5332
8595
5583
9506
16578
10249
16116
25183
5190
27659
5761
21310
13403
10235
12641
11469
26209
7689
21014
19541
25620
27732
31824
19608
11195
27729
26302
87
8353
8561
16164
30231
4041
31486
29870
26917
27870
27974
31876
17368
23401
9724
17566
5910
22599
24539
18650
11033
5977
6540
32331
3443
27005
13258
2260
16464
16061
15044
28406
28412
6343
24259
16359
19365
413
24588
24548
31329
23182
29192
28359
11635
5989
22946
31964
22218
14816
19185
497
4810
8548
18967
19116
12367
750
4969
20514
31215
7501
20176
11684
9344
32143
4718
10460
1754
26553
30853
26
32478
14267
19605
29416
10168
20130
5061
14564
17760
24592
29828
23247
2407
13289
16752
8673
5360
12368
11127
4447
23549
16338
24380
7792
19948
26592
4540
6701
26433
9091
16433
503
4261
22091
10039
10765
28463
27529
13613
30301
2531
30141
31710
5531
26744
25170
25952
29329
3935
5513
12349
20406
32000
692
30417
16641
3143
5284
17907
30719
24671
31332
1752
5668
15805
11304
16435
31071
29793
15488
29345
14064
16216
18897
5189
14462
15750
9222
28591
12132
26530
31363
27139
21069
10114
9818
29783
6400
29849
25794
11356
27261
6590
5573
28737
29000
2094
21304
27092
2565
23509
29680
21739
69
29897
20275
1282
3488
18968
21613
28197
20228
22979
19236
13585
9292
23050
20270
2710
11796
4074
23842
22079
24012
28389
780
29749
19468
26113
2405
2657
18727
32275
10306
14545
23555
11581
7371
10589
9000
950
13039
17034
19478
5577
5974
430
5340
18209
1431
16469
3046
23363
9900
26852
535
28508
13219
24188
25368
16701
12437
7201
26607
26532
21468
20252
22483
24509
28033
28829
19262
5096
25332
8869
9541
16317
4864
21539
14117
21837
13821
28766
16926
18347
3656
7570
19332
24236
31984
20190
30483
30698
20146
11613
23427
22799
21800
7316
1372
30544
8253
24076
7180
22583
27620
6207
23862
28582
5642
17593
25166
7961
12488
18807
25699
14891
1246
16787
29243
13404
6237
14627
19621
23569
3491
24670
23819
18140
28300
31232
31303
21246
14311
2288
28599
25130
14631
288
31380
12684
7259
32693
12671
29450
10849
20073
2653
3018
8022
13869
29285
7156
9040
25874
11383
13241
15184
27497
27056
22932
18034
5161
20539
17871
23399
7314
25706
30538
6693
3856
2053
1400
17885
17762
994
21418
15150
22011
20405
2448
5784
28841
3114
29948
7987
28276
25393
14570
18849
6345
17049
28094
26433
27608
9441
5836
21925
22586
23627
4381
16967
18391
5169
24432
22135
27143
31900
30592
24472
2807
21523
29829
18316
31311
17329
21245
29037
17681
16763
6572
20094
18116
27888
5090
16225
21971
6625
252
5514
3888
32130
23853
18675
1340
12738
10111
13841
21995
728
18708
30728
27683
15134
434
13083
28774
24867
32127
25446
11441
7163
30728
975
26532
12762
4232
8506
31458
21730
13160
11772
10427
12856
15618
10642
29961
30557
14762
28820
1367
16828
26351
18660
19529
11391
23070
32299
1080
28839
28680
8838
15644
19292
27141
18300
431
7809
23609
17204
22479
32652
20758
21988
8228
10389
17954
17293
6404
32684
26107
13798
2195
10352
9112
31381
21039
21470
6865
29093
31499
16998
23074
16437
25113
11332
31148
7021
12078
1037
9084
16311
15713
18312
28944
26667
1204
21184
16919
23114
18166
26967
28793
23024
999
27165
1431
6532
30878
24801
21716
31346
11816
27272
8020
12763
23410
8028
9476
9611
7784
30630
18138
5419
20575
24190
7774
25527
31152
26338
11881
5427
10406
22278
4396
21658
12187
32235
18293
5656
3677
1843
3374
10616
2775
16692
22310
20704
15597
2379
24085
12220
4519
21106
23258
9720
2450
31253
22534
27506
13923
24354
15518
32687
15326
28512
29725
16845
22518
7937
22457
17592
13878
32378
15591
13217
4703
25234
19745
23212
28243
21177
2791
10217
24369
12700
10244
14470
13762
21494
4370
17987
1556
31145
21056
2341
21092
23821
14675
24943
23873
19592
22763
24014
26351
607
20744
29140
23050
11979
204
28839
11115
26704
1411
8187
29008
30282
10976
30525
30134
10697
12425
24337
18442
14494
2263
1279
4609
20150
29910
5993
13253
18855
8596
32193
27473
21129
10904
24825
2846
18951
9648
6202
1023
15029
7152
19928
17993
17829
5111
28806
15928
15669
4468
17606
28558
25130
11753
10916
29821
30467
11951
27556
25543
7559
15419
9465
25124
12961
7839
8695
25316
7277
9043
15051
23509
16019
4150
2922
28775
2260
18384
5831
22542
21474
730
10825
1000
117
17152
5500
18336
3227
25317
2567
2450
4943
26472
14302
15920
27214
30246
31160
12964
21030
5439
9668
27319
27792
6238
22167
5617
27903
24307
16489
24577
14201
18371
26242
8288
24998
32163
17647
11570
18983
384
17017
21869
14888
5539
32472
17980
17721
28211
20771
24486
23385
19196
2699
15467
16724
24174
20809
28974
25424
9705
10197
18137
13730
5944
29785
29758
6118
18267
7269
6906
28238
28297
2276
2975
25914
28021
9807
5394
4873
14289
13600
25393
27695
18448
32394
12473
15752
113
16743
20583
8429
7481
27506
20830
8196
7231
29366
17097
31068
15790
25414
23233
15289
519
29999
1137
11180
18789
16043
6520
10087
30725
22167
19086
31952
17413
31527
31595
26068
4204
4313
5605
7934
31083
3495
6232
19528
30179
9345
25418
8241
12838
17658
2639
30991
2050
17218
11307
26791
14332
15444
5687
23035
18393
2672
14086
18787
10851
24012
9287
17119
5225
19847
14317
6828
8968
29918
2190
5141
14121
28834
16649
27276
10827
20713
7020
28921
16515
21253
789
15186
31680
30642
8727
1644
13396
18835
24031
21009
6832
26592
1815
24914
1647
10585
16586
5406
13975
27518
25289
21780
26395
25089
23374
31382
24484
31356
21472
29215
24464
10336
7542
1750
2875
11565
10207
3171
15998
12521
2145
23297
26742
16075
21409
20948
21639
31287
20162
21374
1184
8175
15313
28909
192
10119
17761
13942
16313
6425
19826
20264
3380
27451
9112
29274
4341
32046
26201
20359
23392
344
5078
27740
6972
27636
3502
10510
24760
14857
5151
24305
4523
9368
31854
19783
29472
5146
9865
18517
27666
26666
30188
24253
25972
26494
20929
26887
27509
27675
28747
14209
29697
8137
29060
21065
28299
23749
3333
32680
266
1719
22311
1185
5697
28643
24936
21450
8516
7843
14864
7771
14904
1813
3860
31621
30810
3345
30778
6661
11587
25182
11390
12280
25962
5413
9908
7409
20970
25253
32112
29257
32645
8745
29219
21942
32489
23607
31622
29215
25139
25099
20284
27311
13234
31044
11955
1065
18925
28636
31563
30843
7399
11357
21946
10389
161
3666
19631
8315
26849
13052
24245
8601
6706
29255
21338
10072
27692
10236
12177
6638
245
7480
18774
9082
5640
9757
16016
23376
21045
18375
21307
15249
13545
31362
31430
5376
2736
23610
4282
29968
2808
26419
1181
12866
792
250
32022
4781
12945
30107
13906
16606
15507
13076
8101
739
21187
22794
31861
26531
32059
28859
3156
24177
9170
24884
32364
27872
15518
29635
13344
30424
17336
31920
5872
19689
24639
31784
1437
29920
23200
19322
7310
24728
18452
10886
23923
1811
3946
16753
31272
5065
11014
27294
18140
8256
19498
22746
6002
11229
17268
28119
3111
17914
21160
21724
4470
7737
19376
13754
5945
28439
8417
5122
17168
30404
19072
11893
8710
29234
9605
29372
7538
20075
12190
22874
14108
1065
17527
15838
20641
20896
16441
1885
537
18079
11089
13599
17398
22231
21362
9113
28719
26234
30173
7579
24223
1289
24288
3531
8360
19047
8860
25682
8219
2609
21260
1237
9564
20818
22339
20647
2241
25041
18421
8509
4924
8430
30009
18146
21050
11118
31117
24491
25290
1075
32283
6830
30722
4367
5179
15215
8350
23002
18488
29083
4075
15810
20823
22777
28132
4835
789
13725
29338
25624
25521
16479
20697
16656
3050
6027
13320
21668
13322
10202
21841
13671
4643
8609
27650
9343
28057
20041
32051
11956
3040
23039
20138
25543
23175
26028
251
6149
31350
29992
5363
25627
4212
3499
24631
22316
32492
6276
13609
3873
27888
24077
16907
11073
15998
11486
27495
19713
25090
321
9646
6941
5917
16614
4639
31463
4773
24280
25322
29663
9197
31664
19094
29061
16198
22025
31392
22379
4549
7987
30053
7054
583
2092
14145
23270
17331
6859
31481
7228
23679
13119
7510
13628
18294
11704
25619
1483
4536
7268
11258
32155
6658
6557
16969
8188
21807
2657
27994
31221
15359
25858
26755
16019
17944
20510
22332
32129
5706
11730
29567
10201
15383
26411
31605
22330
11891
3037
8782
2843
25544
6712
2160
20574
11069
855
32469
1832
11064
16283
6574
15089
10529
1880
22093
16599
32362
973
22593
4152
24268
3162
451
2431
21459
17389
27473
7998
4508
10942
32408
5502
2270
30780
14487
19283
23079
20806
22274
17075
3688
11935
29924
23175
14516
1948
23177
28419
25925
5408
1179
21555
31168
16586
9867
24279
27321
5229
11314
28529
27258
15809
32441
13212
29952
31320
4278
4511
23879
32723
30103
29250
16328
13397
2116
23777
32319
19256
25856
6590
10417
6655
14992
20123
30638
14732
13984
18825
15316
18324
4450
28155
26260
23631
31864
30750
4153
2164
30996
2669
7973
28516
22878
14720
29790
20901
28950
2596
16714
7059
14714
5553
27319
19538
27754
18584
7454
18695
23242
28476
30249
28744
552
1283
26482
465
9630
31148
13966
11896
28154
24803
15946
25699
21789
16402
21812
11128
24737
28283
32094
9749
28607
15236
16734
2561
8303
20305
25241
9635
4048
31128
15554
17778
31179
25265
669
3501
31731
21229
14345
7244
32688
1065
3389
1846
3997
12707
32594
2740
7214
23052
25090
31782
29590
26590
13999
21749
28904
13295
29862
27080
9852
5703
9894
8699
1940
31022
412
17229
21823
8842
22705
9688
21118
10088
4742
25671
934
15833
958
23619
32005
24831
21182
4910
1224
31591
18608
21268
3100
2969
13262
5086
17300
30446
16093
1225
20171
32418
25079
18967
23370
2858
20622
17157
7852
16840
2222
27644
0
6236
26498
12555
28782
23421
26394
17557
14110
23240
26987
20039
13397
12152
13464
1613
24545
20792
1136
4294
1720
27957
21815
11637
3036
13174
19369
4025
12417
3696
24124
29375
10098
30933
9126
15862
30641
26030
27295
19907
29277
28329
32488
13431
16345
15540
16268
1918
18475
24266
27238
3288
31394
781
16611
23758
14524
17942
27145
19421
26694
3209
13752
12535
28869
6892
9520
23531
10261
24505
23764
20513
29264
9137
25390
6026
6386
5236
20786
16855
7482
23887
22471
25577
2515
16981
16003
11145
1971
29105
16310
23386
14916
32570
26027
17163
9921
15944
19754
2001
10979
28102
28993
20757
18110
27273
25669
11626
15845
23520
6675
17345
21461
3693
10139
9440
10129
28979
7072
20752
29321
26863
21689
17942
11968
28076
30876
10597
26670
9874
28827
25234
15716
30719
3951
14856
21358
14297
17461
20477
16637
31778
32438
32677
13510
14284
10475
677
23333
6607
22977
26826
18182
25210
9497
14331
25093
8966
11539
18540
10196
7025
22668
12565
12509
10890
21221
22627
20521
1096
14598
32045
18561
8799
6051
19433
23763
8981
7870
21536
16343
2642
11886
29215
9969
6391
8414
240
1114
11889
30104
26760
11387
26766
16900
23618
27289
30095
2859
23948
18615
19582
27841
22240
3768
16322
12643
25335
15557
7664
16413
5177
1262
21732
815
20599
2068
19217
11281
5340
23046
25365
30900
13857
4330
23952
24075
28929
25567
3383
15306
24301
7392
4388
32110
8960
25067
2416
19581
25397
6499
31236
14351
25048
28084
20396
30093
19258
13365
15214
7865
2985
15186
22553
4334
16799
17386
20000
20905
8250
10742
27049
7241
21996
108
22242
32019
19316
9315
30868
7545
20237
2935
3322
9628
32741
20847
5331
22287
3536
18717
12470
17630
8510
5254
26790
19663
32619
2115
4582
13799
16085
24103
18190
6192
8179
31522
9823
29114
24100
19557
19028
3296
3302
32711
12409
7116
21832
7016
640
11582
10146
14484
30098
24200
13699
26090
13283
28382
18411
29885
1161
6092
17850
13754
9614
20232
32361
26827
3140
21866
3320
25660
32728
14137
26407
14109
16938
8616
27881
19175
15068
12704
3094
18530
22698
8128
19552
17349
7417
28067
22408
29727
1458
30817
20946
31223
18768
5208
5814
31023
6456
5676
11736
2607
24137
27916
3130
17983
9141
12855
30128
29491
9231
20927
4757
4686
11429
12429
3517
22113
19215
29606
20138
17715
30984
19629
9219
2085
14973
28584
29249
12310
25060
5639
15020
28805
28367
13026
3718
5621
15041
15490
17030
15254
26688
12067
30344
1057
18475
11512
17794
23044
10574
24432
12730
31423
17972
32184
8502
20878
17724
7297
32372
25928
32495
11011
20828
23943
32401
16705
25715
25353
28918
9103
19025
24406
30104
8018
22357
24483
1510
9480
25495
7927
26334
17288
26910
31628
22749
26762
21076
23416
31158
2665
3254
17548
3330
7976
13264
11133
7864
1204
26729
15937
13310
15976
10235
11708
32318
11222
14438
15004
17531
7365
31716
2434
30438
26230
16704
610
8364
24108
25667
16172
11283
23786
21104
19884
11461
12415
18417
18607
9323
7616
22736
3175
30078
22549
6762
2576
30810
4663
289
32468
26261
3127
18002
4588
4238
17091
27271
7689
4425
9125
10221
10738
29818
27532
26888
21614
735
4367
6053
14180
10451
24815
22544
1601
11041
12188
1160
27546
7702
17403
31984
27155
21210
24423
7879
17535
12032
1782
31066
12616
8795
29181
4664
23825
12051
16854
19943
155
14329
26336
20693
3557
2328
22216
27793
14488
20108
30727
27963
23969
28056
26284
23354
3616
29682
30300
1324
16769
4449
5527
26147
29416
20362
30268
15374
11731
31751
8016
25205
19963
30906
19451
17770
30331
26209
15315
188
1075
23914
22622
32621
32623
10504
21457
12134
20676
14470
9502
7530
15675
15068
1326
3401
28082
6272
20843
25174
1406
16254
30594
27674
3157
30155
20071
27466
12140
9686
153
25335
7644
22881
27559
2565
1098
22159
6387
28894
27591
4926
13238
12135
32757
29334
8260
12084
107
226
6290
26104
24923
8607
29173
5183
24434
25555
28716
23647
2816
28833
18849
17835
3673
18457
16620
32747
13179
16469
30617
31497
27889
31425
24107
9997
26103
17338
25952
28747
24030
4187
21687
19419
21170
3731
27184
26698
16155
31611
10067
22159
28545
13287
28531
16193
12915
13116
23348
30727
26698
29825
25931
3407
13833
27064
21637
5187
24456
32110
1803
22776
3282
21137
740
15593
32459
13954
28603
22949
30486
31083
24035
15300
22325
8403
32408
18975
15090
10351
12680
11585
4606
17723
2962
19224
31961
24266
15053
10992
28913
13018
27596
21923
26638
22316
5152
1545
7917
3475
17951
15798
10027
7754
29156
4581
20582
11402
14231
17583
11422
14684
12015
32385
13281
18605
18420
15308
19239
23712
10506
17150
12923
15144
11819
14002
7771
12757
28020
6179
98
19438
25827
19943
17188
11969
13663
730
32090
4151
3832
29016
24639
31659
12913
28335
25913
22780
11259
19155
32444
27105
11076
22612
20587
12669
7344
12430
12929
31284
26598
2080
1136
28092
30607
10143
4808
29559
28250
23691
5209
18688
11588
30337
668
2308
3862
9395
20815
5203
32047
18326
18784
4406
16771
2778
2828
29956
14820
23455
31560
19440
20609
3814
8288
13093
23980
19525
12766
14613
22240
4320
24493
6157
28418
24212
5246
32525
3047
27509
14187
23768
13591
25979
12506
24903
24528
7800
13989
10466
15438
13389
9080
18097
26698
2398
23930
8272
10945
8515
4143
20546
7414
13761
15773
647
25786
6136
27309
32625
25579
12765
27349
22707
315
15339
3828
27835
28210
31510
15229
13378
3703
6913
10712
3617
25675
30832
22789
32102
9814
28672
29059
3495
25254
1302
8304
20886
21237
29973
11761
12246
17962
2772
21204
29197
17187
17999
4468
19003
18610
11420
5597
16970
20197
21537
24881
18918
28043
261
17483
22158
19443
26084
28065
18923
15863
23751
3695
4705
12857
11347
23314
14821
21933
11584
27313
22286
4184
25613
14883
5230
16215
25330
22029
16930
20514
2071
28747
9640
8466
27651
25746
31729
19233
5207
28755
25015
14578
16060
8674
5649
12049
22554
17111
19269
10619
29707
16821
31197
12897
22671
24265
27133
5673
29185
8277
26355
6326
17225
20974
20752
4073
9812
4899
438
1895
28865
14687
13747
20893
20701
2321
29133
10754
30418
2569
5534
19612
24091
31525
4259
9926
19259
10542
28047
1328
20911
11517
10213
25383
30241
21730
32709
16151
16606
15686
16390
6222
21642
23694
10886
31234
23827
1603
32446
14230
27363
10608
20122
15897
3674
20044
5511
7952
18299
5913
17869
14453
7653
18508
16415
7679
29957
7150
26992
10148
28811
25666
21257
18781
32026
16808
10457
6185
20804
28609
23052
8276
31413
28116
12255
28921
19374
1649
18098
198
15542
31316
7518
20479
5772
21131
11978
27589
30815
7644
18873
13977
3649
7521
6886
6684
3034
9333
7507
1560
16217
12244
25822
24772
20656
30717
30485
19524
257
731
9803
25968
32339
30885
8940
24534
8074
16387
14093
8962
7318
9586
24647
19709
5866
4585
15302
15891
1584
5309
30877
4569
23867
17602
17500
10607
31549
15539
26085
11011
15674
14035
31355
6806
17340
3029
2332
28675
16585
6393
24593
20029
25106
20857
28867
16344
11117
32547
7632
7371
21893
30279
12126
32116
1232
16595
25008
24284
27842
1213
16887
23613
13121
10657
19818
8641
10328
428
1688
31885
9775
31160
29949
11262
11579
5304
17108
22578
4274
13911
27949
20939
18242
220
14911
32495
13314
19025
27135
6547
31657
27876
21746
8954
14846
30349
27967
12408
11151
31729
22024
30076
8102
4743
1274
11982
18041
13817
8739
21268
12193
7373
6660
11419
3277
16452
5608
16468
3256
7042
20084
9757
25176
26096
27774
13890
19545
19679
27683
12356
12489
28782
13843
16089
8469
10157
25392
32051
23092
20482
24152
24965
5410
11212
22654
12484
15248
5191
17152
24491
21722
688
17460
1281
16185
13481
23108
16670
2362
28638
8253
16044
32622
10473
26978
12459
16995
4467
9926
29111
30932
20892
19226
10382
29213
28829
8387
5581
19697
12460
17968
28410
30287
25121
17514
27335
5298
29142
29676
25237
13193
14035
9142
11576
17126
17195
13981
5882
16250
15393
10981
6882
5825
32143
16401
16694
7034
3209
12026
18238
7770
7485
10271
29771
32513
12317
3132
16376
18733
2625
4894
11696
12846
3334
21685
368
2714
12540
26731
12750
30785
10239
3764
15163
3171
27299
6374
14469
2593
13526
844
25760
28978
13760
30069
27045
8407
30446
7378
8475
10001
16048
5505
10614
4113
29119
21859
29917
18928
14371
19828
13616
28832
26964
13660
18762
5667
928
13633
3971
23290
13004
25056
16761
27361
10750
16092
15633
12729
21723
15189
24248
23750
9196
23741
20719
31770
30790
3047
29958
22609
29290
14433
18727
20607
10346
17924
28567
21607
1869
30921
15161
20206
25525
21215
25940
5327
32191
6394
20629
11151
31787
28909
32088
31924
8893
20091
4899
18738
18402
8810
9075
28966
19863
32730
2492
25542
8583
11221
3243
19352
2163
19239
9390
19171
14551
8816
2998
23652
2251
7287
31292
11329
13095
2753
13698
32067
30698
21603
21275
28223
7133
1812
21933
13269
2931
32390
1782
6749
9460
5623
13069
25631
28122
6147
10474
22466
14204
24764
9257
4872
30441
26108
1035
30136
21527
6650
29630
14555
13373
23580
26590
1578
17277
27660
5435
9160
16838
4878
17629
2093
5881
30609
10565
27234
29258
20227
6390
8820
30954
25066
21044
28195
18403
5681
11276
28122
19779
29631
22676
28132
15484
22351
7284
20444
8715
18299
8101
10341
23128
8217
15225
25884
28637
1995
27100
3787
9355
25554
14809
31712
10857
15907
28000
1821
20351
20925
9286
7824
8434
12601
14477
16070
18800
15267
12262
11836
11982
21384
26228
3350
4848
3152
22227
3347
15338
16846
9049
26049
26468
19990
17563
22765
3395
20879
307
23390
13702
16713
4801
13763
25965
12176
7216
12777
26593
705
21819
10289
29968
3676
3887
322
32088
16987
30450
32763
7014
25794
14404
26539
29087
2424
26181
21125
30398
15445
19767
19534
30143
4476
4486
1369
17661
4075
16389
12725
30871
10832
13179
26789
5143
14878
29534
6224
32598
12513
28638
25018
17050
29647
16166
28915
19970
5535
16350
9615
20516
25246
17652
8021
24564
29439
11932
828
32232
14194
5269
3219
12377
13305
26030
15999
16173
23799
8330
18858
21171
19082
2464
31290
31182
13851
645
16896
23382
30260
26222
13042
5819
27793
4081
32220
6123
6777
27659
18770
25206
20303
15975
29929
6128
9572
31453
7335
15768
16655
22586
28855
1334
1536
63
13665
7498
14033
236
32570
19554
13022
25342
32664
23500
18007
2486
30025
5485
16531
16348
5509
22769
17575
5636
288
3109
2104
30224
6660
27296
29837
4086
19679
30889
24040
963
8985
7509
17687
27872
12553
10224
22342
12948
13416
17566
8215
16843
30470
9282
8693
5142
18875
23455
18597
10226
11169
15806
27165
20045
29056
13711
18842
28998
394
25298
20717
14389
30537
32312
29717
11499
17365
18630
29459
17979
7754
2683
28154
31673
22649
25650
32582
18113
27614
30922
20590
13499
21203
12675
23741
28318
514
8619
22109
22963
5664
19835
25013
13724
2521
22588
6901
23444
2054
23981
6638
760
11814
31401
26664
12039
21260
18693
7470
10726
9685
21176
5421
12518
14621
16446
30141
13834
20083
17982
29951
23236
30217
5738
5864
2048
22192
22438
21724
18275
12804
26989
25471
16853
30948
30321
2760
1853
1062
6786
17495
907
17800
8113
5128
17660
1257
5813
20168
30617
32185
20110
17319
14850
28846
28520
31535
12137
32184
15553
244
29409
23096
17102
27501
20441
14189
29467
5634
25571
27950
29811
16742
3515
15583
10751
3623
19844
16542
13745
1412
31316
23229
31204
9342
28915
14709
24124
7474
8160
17112
23508
16997
5269
32008
5272
20833
28172
18087
31215
3584
22658
29582
18078
25862
30331
8642
20457
2227
23302
23203
29178
15257
31042
21607
7047
15788
11553
26567
15536
3992
16748
3576
7462
87
5896
31453
23954
14594
20855
10107
10293
15079
11425
24749
21707
989
24533
11801
950
19668
12811
9570
29784
5808
9068
32160
6849
31064
20500
30477
14474
26889
28694
27392
32000
26097
6336
6176
28806
18937
8993
32465
12084
10466
23497
25075
14020
30355
24528
16332
19375
26545
19226
22338
14739
16497
7128
3406
29400
1450
28498
18093
21395
17455
31717
2521
2986
25179
27719
32055
29754
12269
19
5522
21557
10262
5505
2248
22608
6609
116
22723
16924
10867
21179
2731
4722
26243
31120
24154
13077
21707
21605
6673
25491
16303
10465
15977
28012
10430
6181
13964
25462
6791
31059
22692
28800
19630
15697
19092
31030
20031
16330
7911
5445
10817
10614
15877
9151
14991
18332
28589
32448
7395
31957
6303
4690
32308
12050
153
23182
12354
22240
13445
3332
15727
5099
22769
29021
28368
27329
191
11583
30852
4057
23582
1905
16452
25556
21433
26176
29244
1282
25646
3361
22553
6696
19905
23959
9828
14977
27730
8023
13326
5890
19340
5035
20556
18658
19296
22548
10917
26970
26801
23603
328
22186
32337
28393
2468
19036
4653
9918
18227
9420
708
10623
17558
4584
10462
5931
25319
27445
16762
7185
13131
31507
13320
28210
3782
1345
2264
14828
24660
14499
9171
16858
21813
28227
5993
13814
26504
22935
9162
1536
30491
3586
13913
13092
25730
32156
32093
25815
25190
21814
25594
17666
28960
22937
2657
26466
14470
10767
3651
16430
13317
3109
14219
28155
25841
9390
23884
23262
32536
16907
5880
30928
17309
7082
3540
7510
32260
10957
680
16481
22409
141
23483
8818
29878
15646
20222
7683
4404
3156
31880
10275
3554
19302
3394
17504
9508
15347
10724
28649
14718
26690
24096
18420
29281
7374
15388
28510
6980
6914
21542
30609
30967
26945
21668
20651
2356
25641
26185
1245
24696
29977
6287
17168
6672
4592
29281
31951
3703
27160
31511
7009
17375
25796
20392
4149
19726
21621
6171
17540
2667
963
28991
11313
345
32602
7836
32756
15811
16707
6313
25271
29176
8549
19264
30272
18618
12107
6222
8977
7569
22823
29391
6028
3942
1047
9722
16987
8524
31144
7352
19471
23969
20121
15707
21511
12118
9953
11661
29844
25995
31474
4742
21082
5471
16960
8579
15098
19974
9981
5235
5870
21276
10023
22259
12980
20792
18117
32636
9006
16581
14190
26843
18761
27405
6410
32738
14557
17815
14301
6494
1748
6067
27585
25673
17039
7763
31922
19520
7813
8732
12432
24631
3117
13245
26145
4459
20255
640
24918
24216
19318
286
11471
16236
4984
19672
13472
25660
30841
2755
32342
7671
8956
12132
8757
600
30236
25724
27076
8287
16938
293
14220
22785
2712
18462
7196
12319
25365
24676
15440
10677
10234
15362
27859
1876
5605
24873
9955
31186
1187
18819
14932
6976
18772
19397
24792
17692
969
17284
5757
5832
23345
27465
23415
16443
28149
7399
17184
25847
30944
27660
29757
11066
31107
20247
32387
19321
20440
18985
10586
13322
8997
20607
8160
5409
3619
20479
7729
26877
22112
6928
998
19555
13026
9391
28635
15180
26125
17088
18742
1499
11975
27297
22948
4497
21721
7173
23782
15044
21656
28160
10637
27213
28102
29278
22273
13186
6579
25401
1224
3684
11431
20171
9989
537
9860
13696
31807
21404
30376
20047
4196
3251
14097
25931
28942
28449
8900
2165
30468
10269
19311
30421
18692
22532
21069
1481
31680
16971
10314
28828
29478
14775
6504
18010
26852
7376
10081
27107
15404
30355
30606
22591
28340
5991
22535
10545
29442
14930
8204
32271
12262
2669
28579
21200
23880
7317
4739
25959
7715
12644
2609
10064
31698
21343
873
28008
9867
9585
15039
20993
7977
30105
5254
32054
11822
26591
27633
18300
19464
19852
23928
27258
24211
31898
4221
13339
28640
15210
17456
28641
16949
5301
9136
31356
25940
10181
9587
13211
12544
18661
31207
16898
18622
1558
19801
24028
3289
25603
24855
5459
7336
26423
16337
16223
19987
15758
4421
4315
15956
7145
20764
2014
24571
9254
27918
8520
10805
26448
3661
3227
19789
22546
4641
21005
4211
16754
30159
7899
15549
5564
14784
11231
14699
10683
32735
29285
15727
12335
26947
9019
14893
2428
30478
5127
25471
15264
29333
5853
30972
9831
8385
28689
13434
18402
17589
24138
465
9493
13744
26840
25570
10992
3125
26696
10968
7041
10858
32053
24494
23399
9151
26977
2290
13194
18383
32516
11464
23305
21643
6755
13361
23924
5013
22949
5005
12604
26346
1762
23647
4711
2244
26750
7249
30088
703
27573
11640
9967
8250
23926
23512
27165
24576
9589
1067
11643
10536
14204
4062
9803
18233
12033
29277
26846
29074
18686
2960
20743
25097
12285
5029
20177
16083
20082
29713
27501
23460
6990
12753
6766
5654
5329
19702
11065
20815
23968
14688
28342
21726
12311
21706
25932
4839
7136
32263
2317
6528
16837
12682
2093
13146
450
20268
953
31652
20319
27946
9861
26924
8253
23661
10343
5320
10478
16911
4514
16116
23561
27162
21157
22716
24446
14227
1014
5085
27688
21943
25193
15911
19361
3716
23445
27685
26714
27259
16008
14080
9195
32165
25786
4513
26535
1492
26432
30998
9076
15915
13378
1079
11994
3040
6319
5769
16473
26689
4655
14946
28416
11253
32090
26190
29243
8069
29735
12722
5101
29979
28839
15535
2238
3977
2035
20297
8887
14988
20835
29641
4620
14418
19968
4191
10296
18491
25660
17420
20815
2781
17377
2751
14224
26442
17992
27839
17722
21909
7883
15688
30882
12946
28540
11385
16001
222
5656
12398
18066
15135
17718
2473
1629
7053
15812
26294
24141
31922
15540
27406
5385
14189
28915
7485
7425
8765
3483
64
22599
5564
19561
23601
20129
6762
29809
31270
2524
9132
14608
22358
3171
31765
1315
4989
5648
18147
1654
7810
11073
15053
3456
26967
4655
31228
5453
7714
14971
11095
1979
9114
17162
14595
4585
28595
4627
22570
7405
28029
13174
15868
16069
31305
29008
9716
14224
15887
23244
3421
20223
25356
11580
18452
9734
28847
21352
21135
20695
19894
28453
1310
19728
11669
8490
3185
10291
27927
800
19291
27224
8775
2040
2517
6430
25489
13953
5446
26343
2597
29242
13826
25157
29596
18021
7696
14767
1758
26460
13616
26489
67
24104
26140
23043
18680
4688
20751
27696
23973
9711
1924
16921
2124
22537
13632
24067
29045
24863
23186
399
19592
32257
31706
12081
9082
7396
27208
24547
1451
24756
2534
16667
7695
28332
14553
3834
29837
14883
15332
24262
24228
17065
21549
28058
25428
30802
25156
18268
5692
14930
14945
23024
11776
9162
3565
18603
23021
6882
3652
5131
6880
22040
11450
27045
9059
19416
7132
12382
794
16460
30200
9438
8542
25973
11487
6722
19239
16763
9961
13073
22575
20289
11578
9842
11092
3389
3908
26012
4670
28295
8077
13709
18499
25135
28082
4351
8327
25812
25005
26264
7016
20594
7251
1889
27417
24188
16672
22905
11148
4139
3383
8971
20886
28949
24485
381
5454
26625
5862
24810
23478
2554
26538
2003
25501
9122
4313
2833
14787
27849
4308
15886
14399
6718
16382
29493
5406
16869
29819
8359
17485
17674
4919
15664
12473
13557
12842
27001
4276
26047
12251
14719
22939
9060
25635
12867
5813
15640
20020
20420
10079
23263
25561
10026
10342
20824
26112
31044
3253
26585
24181
18740
10544
17601
10992
19305
14303
29706
14674
16590
5711
15390
22828
4673
17205
13548
18049
16455
24405
21818
20941
31486
13730
27197
18757
30291
3751
11623
1889
20084
21285
27776
19096
4233
16894
30712
14954
15263
15697
19324
15780
19940
29415
9415
1504
12826
25550
31931
29771
8518
3907
5808
15275
19624
17622
6668
25504
25584
25032
27155
4393
19375
32184
12289
14443
6156
19070
19286
7086
8120
11096
7282
15273
15140
18244
23905
7423
1009
6828
31992
1801
10408
19528
12321
8150
10411
18753
11635
2416
3179
27794
18182
25697
28124
13748
22149
23414
25894
21114
12164
7363
11678
58
3092
25575
5876
2093
10133
31122
5805
23320
31692
19524
3540
4140
21558
1623
5869
19243
11163
17727
28715
19917
2021
22033
21987
14434
18483
6978
24895
15800
6442
32689
16183
20031
907
6888
21437
32363
18699
27295
7480
11354
863
17794
27700
10423
14742
27445
17240
26334
24491
21908
29592
30785
29787
12095
18604
22282
12596
4950
22976
17410
239
31361
21101
15281
12287
31028
18408
18119
2922
13105
28281
10682
25048
10318
17199
14257
6889
15992
32211
19617
22732
11512
24346
12981
22542
11509
12062
30452
431
4922
15
28958
25467
14138
2342
726
663
19281
11739
20998
15451
2637
1368
640
10591
24109
30253
13025
14041
25641
14917
16571
27174
29170
24345
6131
678
58
5667
4455
28109
7799
27030
9428
16759
21476
10572
29176
12412
4553
9216
25843
11653
6909
189
31219
12318
1193
19606
25616
20492
13390
4248
7029
10976
32522
1021
5825
18380
19991
11938
13229
28086
27796
4028
4846
8075
25224
7366
27485
13014
292
11454
6229
13457
1096
9104
26460
4154
27977
29139
26886
11562
31474
15539
18711
30243
25288
16942
29160
32552
12178
19844
32524
15761
26905
20456
17202
1630
26925
29052
25933
18124
488
11900
22771
11046
22839
21689
13827
10206
7573
30026
13195
6364
30746
7806
18921
27414
24501
29205
16432
1121
12726
27567
10445
23942
13199
27524
4458
665
25051
22870
27154
28038
12447
29604
26518
28397
8400
7969
25904
6448
20246
19044
2407
25034
24528
14817
12850
27874
27736
20504
27744
14111
21896
9740
31287
4543
8061
2039
11612
9443
15002
10812
6131
27693
24016
10909
22790
24973
22045
12718
2091
19032
28499
18569
1121
23195
23067
14020
10812
8878
13113
31904
13634
31500
4114
15747
20628
25185
13419
11945
6865
485
21875
24086
8503
19433
3588
26063
5643
26799
26662
24393
17979
25983
8149
11042
4675
23031
772
24847
28237
30627
4833
31766
11676
14286
19035
5885
7466
7063
11745
19714
12688
12871
2157
4812
19495
23009
31170
7074
23405
28155
14834
7899
23210
22733
13858
4501
29907
14984
27281
10410
20142
6889
7639
14048
15415
22797
24939
15200
25923
19847
31592
13418
7523
21168
7569
2630
29451
10046
3474
9854
14835
24344
8841
2890
5310
22121
15300
32588
16858
23283
5324
8573
12199
32679
6819
31080
7131
20082
9803
22422
16933
19545
16519
6729
24080
968
21222
10861
1067
2343
27132
17611
5735
11695
27891
25472
22464
21628
28227
23469
25375
7651
31165
881
2431
23813
974
29716
23375
2980
24066
15493
24856
12342
21703
6151
18272
27192
23156
32039
462
6341
25481
6385
10639
20327
22584
2659
6903
3373
16165
29218
5740
27134
1387
10860
26752
11820
2015
15182
23901
2124
16792
24343
870
21830
17327
11020
283
11944
23107
12381
573
13120
704
10584
51
15849
5985
1757
27053
32421
21492
29202
28039
10732
6110
5719
27888
12868
2398
18301
22731
16402
32278
22578
32341
23472
19655
13504
1801
32191
27740
5624
12225
31167
1066
24680
31517
30429
20854
981
25384
27403
1591
28389
20025
19542
1310
27419
19224
27764
7892
29960
22626
12957
13443
25792
15151
10141
25495
31372
10481
2086
7878
9182
18592
20842
22605
3210
20244
31721
8573
20530
15026
22664
25463
24578
29258
17380
5428
28830
19264
9189
4808
1113
15082
25494
31207
26024
14138
24884
12200
9686
2717
645
29577
29689
7970
25450
9139
24612
1247
21176
5760
24286
14225
4420
11579
8403
26498
1853
1063
4810
18864
25535
25538
6615
13099
23204
22346
24530
959
29854
3201
17415
9171
9603
24750
17455
6545
7399
16100
29088
31047
1264
13190
18112
13581
9062
22795
28863
4009
4362
511
24966
13999
31529
17482
15850
18413
9072
18869
31782
17925
4610
2474
18056
16476
11720
20539
30314
12851
12040
13927
15204
23828
8250
28568
17088
8816
24855
4207
29486
8326
24562
12996
4281
5766
32075
6889
23802
21495
19874
16943
1932
14166
11657
27308
704
0
23549
8251
4241
30546
3830
19139
7130
13582
13885
13757
12742
768
24702
12528
12168
9186
30366
11903
30797
382
16718
550
18287
1554
27873
9665
29420
9464
32602
9998
12822
22150
29898
8883
15500
2868
30169
28803
21864
23036
23714
25853
5818
28167
31684
19477
4406
30597
23477
312
5161
9181
25178
18570
12722
24838
6357
19826
21294
28724
927
27224
29172
3000
16598
7597
18499
9249
24792
20524
3704
30888
11536
20576
6276
3787
20752
10087
26526
19767
6624
10997
1077
15851
16278
28828
13353
15259
27943
1610
24890
3666
31357
5139
17345
15196
3274
19248
9630
3171
4379
17992
20849
4568
17712
16111
525
9365
17035
15469
26153
10944
16327
8128
3161
9202
31787
12516
19261
16536
2431
4433
31224
2202
26654
14278
3300
21819
10573
22853
27269
8769
3019
25438
3259
31317
18090
27569
16955
684
30300
14511
9279
27111
24593
18336
5245
15928
32577
29674
22358
28359
4484
9104
7761
31828
5290
7417
5831
7453
27400
27123
20704
22530
6672
27639
4798
23271
22309
1455
27639
4186
22189
32181
7497
14453
4455
32414
10377
2310
29694
22583
7389
6382
11487
26126
29483
6855
3144
16180
3793
10954
10914
4930
13975
13295
18705
22682
6625
12373
8265
12271
13866
18661
4515
8456
12461
6195
28272
5312
30821
5284
18829
12370
17464
26070
1848
30163
16752
10556
7969
19968
1642
27145
17604
24378
7570
20560
27127
21967
15503
19305
20415
379
31674
15254
6504
27695
8661
24294
5589
19984
22522
1370
13076
707
22993
20551
20533
25576
30214
251
24925
11492
29434
6819
6678
19428
11193
23405
4585
17439
31021
20713
5935
1371
15249
2997
9252
23730
6183
13913
10813
25238
16174
4976
10172
2579
19983
9993
15233
13652
8663
3916
11043
29545
11753
20577
3903
19271
10997
6029
6672
14352
12836
14750
11328
14997
6293
28810
11262
9242
7949
7251
21073
32345
18922
2861
25260
13513
30041
3299
194
25375
31177
21879
6299
27925
29856
29449
3304
17259
2348
23289
8084
31276
11740
21072
18587
5171
22960
13660
28447
10221
9710
25243
14521
16737
14359
19675
25357
9581
2073
30878
23457
23122
22214
26819
2543
6515
26757
15971
32696
3673
22599
4090
924
1787
5821
15303
10728
31036
27081
14709
28591
438
50
12026
3100
16310
28059
19648
27654
12935
8886
13570
3013
31732
13749
29306
9028
11272
3841
16953
22616
31256
20015
13526
27472
3844
31536
27338
4558
17593
22471
28699
29653
32506
25920
31544
32546
353
29280
4900
1216
26272
17816
24791
21719
7437
14205
12258
19653
3166
20861
25169
2927
18608
17610
23509
16345
30415
19867
10275
17909
17841
22164
24727
1465
8515
28802
5405
18548
617
29260
15441
30818
63
21799
28389
32382
1702
8456
29251
12951
22012
32095
22132
4518
12330
14850
11073
11871
22244
25703
4248
4102
16172
15639
9777
29572
7704
8543
7792
8890
13014
15689
30862
22037
29165
6603
9716
21603
30149
23357
7911
17637
22634
17424
10858
26533
23181
20414
23904
10249
31692
31229
5362
15785
26675
1592
28720
20318
24322
23359
3323
19611
30384
18238
3106
28929
25137
16364
8395
9773
7029
29444
12053
14293
5937
15097
15867
3603
26081
19430
16508
25088
26126
11459
31224
8325
27596
20703
478
28526
392
25994
10884
2240
9728
10258
20310
24653
11155
22514
20019
18309
7355
6469
12308
911
18904
23425
17647
2457
25647
6241
14043
21868
18994
32547
22644
3651
26882
24564
12929
28125
22322
27561
5332
7633
3278
7087
11890
32546
23707
22085
28916
4115
4769
8936
17197
25660
23527
783
18189
25310
23422
17177
14021
16244
4288
22404
7468
24714
29402
6751
28002
10450
25992
32002
15795
22133
27424
508
10686
27815
14290
4941
8150
23422
2606
2262
7592
23044
27878
29453
8222
9867
17878
32245
19076
8512
22081
78
2282
29955
4190
2824
12745
17014
26131
3326
27369
340
29952
24289
21889
3077
13247
19314
17825
2415
1130
26613
2253
10510
20574
20706
32746
25927
4415
7901
4191
16377
27453
10216
12404
11606
15509
24792
4861
8433
18010
29445
13885
28951
21109
23110
23045
1123
31467
7965
8476
32141
30302
302
25059
22915
3543
9718
27193
13243
8130
8121
15005
9415
21562
24764
31890
28458
26247
28341
14408
28266
10213
27264
3448
31846
8071
16403
29584
16618
27612
4788
17680
8065
18705
14698
6708
14218
24791
24497
14035
10894
18278
7793
3975
7377
18882
8497
10766
9255
28989
11144
23792
6409
24637
4821
12898
32232
27711
48
29291
28865
6428
3745
6213
23282
22923
6543
14086
21324
14568
20347
4480
26217
21044
23790
26981
14656
14428
17327
18863
14838
13246
12858
20542
21240
30953
28526
15043
21574
15524
11910
15070
1810
18739
24394
21891
8073
30933
20102
20898
241
14737
10940
31239
2036
32306
16662
13951
20283
16529
1694
16444
8767
30994
16817
30074
4700
12145
26545
4195
25128
2239
763
17712
15106
30375
13593
2962
24814
27638
10552
5968
22688
14939
2780
17457
13270
32106
21714
31004
30699
14055
3175
18046
21161
66
15575
17388
4448
30046
18184
28938
3636
15510
22904
7595
1979
20482
9332
7481
5832
27638
7820
18776
13953
18124
27971
6086
4792
30180
17931
18309
4216
9192
23408
26941
17629
31829
10899
18140
20009
28727
15578
28287
17173
14388
12774
25749
11365
14283
9669
16705
15551
9694
18281
15617
15037
7790
13145
28814
20801
423
26279
19459
14857
17436
24098
2368
30339
5203
13772
7569
2786
31108
23695
28299
28529
20382
12331
20023
11303
17547
5491
627
21116
15029
24761
23444
18812
13513
8839
7760
8218
11963
11408
17628
22982
2058
25317
23377
26946
25413
11628
31572
19889
7886
7567
10998
1521
19166
7217
8921
20010
16585
13286
16277
23463
16259
19299
8793
2789
12643
25651
17622
13290
32552
12716
1112
6360
5178
7202
26678
8898
30770
1114
10093
24766
8603
23361
12680
32060
26106
25054
16067
7574
11021
9606
11119
24552
15697
3151
8856
27425
28614
1479
23526
17754
26870
13285
28865
25703
16692
8255
3256
11436
22050
20862
32036
21042
30582
21775
25608
20475
20733
4380
4668
27026
13792
29371
19659
27365
12582
19557
409
6743
32634
30889
12105
4370
22062
5409
1117
28058
7041
27046
31135
5288
29725
20416
27584
29749
18916
11872
30784
31957
12268
24018
8589
17734
18376
2029
32367
3145
3082
22669
30883
3248
9221
4675
24263
22457
9432
23370
19830
10650
25512
22205
13235
27741
15660
24072
30347
23790
30319
28317
30710
1651
6865
8168
1279
2011
31567
13700
28452
22458
13061
8623
21760
31316
21745
3067
24103
24055
9978
12359
28242
20879
3633
10734
5052
18804
4182
32574
13515
26246
3742
300
16627
29564
7603
21317
26840
19577
7933
12264
8626
25824
32544
15539
30710
24426
15814
827
30003
27766
8862
25088
7481
25248
17317
2464
18049
17812
16548
23114
20937
12069
22521
13686
1279
20121
14491
6099
3424
29255
13657
3969
27873
20325
15714
25217
22222
31771
15882
31082
16305
20443
20939
25181
9333
7669
24714
58
19659
32358
5404
14868
3277
6385
19465
16099
18913
9842
24464
12665
18145
7278
29931
20664
31609
14062
11988
28673
31440
21646
26951
21487
11626
22737
25226
18246
25165
2231
30059
31782
31586
5522
18633
3461
14623
18965
6229
13532
26979
3502
31386
2079
32161
12822
18491
21491
19521
16166
2172
26140
323
12524
1796
23604
550
23550
30434
19107
18696
27662
18125
20427
31502
12479
2736
26499
15878
11447
7782
4807
4427
6901
26049
10157
11753
24165
19922
23963
12802
4018
29540
27064
7025
7516
4810
16288
21932
12810
9435
19036
24303
21793
19770
12689
18583
31125
32219
32503
5836
28416
29634
14349
17250
26865
28942
16396
26625
4230
22583
5657
21380
21565
3220
17342
3744
27143
15392
3995
5062
14238
30333
18521
15946
5401
13625
15328
13508
7614
14673
11978
21175
791
25075
26647
21872
5704
24712
9506
20529
31647
28146
2515
11151
15469
25874
24855
13337
11028
26254
16781
31802
19810
27089
27267
5473
16669
24403
27936
25694
20191
18458
30178
5392
7972
26241
19020
28989
17826
27704
20184
7873
5849
18828
10547
2283
31722
488
21161
31012
14508
10652
11998
8913
22525
28894
31424
9851
12886
24590
10169
20525
17059
10559
30505
5406
15697
13042
27155
5264
7592
16420
22807
8184
7515
22924
18592
3679
19037
23582
19806
24328
12023
20691
5367
28499
16408
29100
26361
18401
1516
32757
12820
17657
12975
20423
31110
7723
7108
11472
14038
4403
18689
31830
965
13344
3662
16506
8322
12981
25454
24762
10781
31503
28188
23482
5438
7560
29274
17988
16663
25564
7430
15245
13975
25482
23726
8890
26592
3965
15525
28066
1020
3308
30294
13526
13003
20351
11481
21727
19776
16563
1732
28870
26061
30335
6724
32218
13596
15672
24428
15533
16128
30898
7372
17248
17323
8360
582
32032
20769
23645
26141
17137
2285
388
22607
29098
28178
31325
37
8513
20292
22306
30728
24905
8536
3745
7062
7865
24058
12842
31733
5871
15006
6315
28263
31733
19385
17690
26911
11778
26672
3091
8788
11844
24848
15555
9619
11996
24961
20740
21337
25643
2805
26825
32481
31564
8613
5309
7739
23009
23870
13351
16542
2835
12759
27153
16127
32212
9511
28073
23266
30823
1013
14823
16241
25891
3023
24688
6347
23668
23807
955
13726
4130
18619
15474
26360
31702
20380
28187
4698
32474
25682
20215
10767
17184
18069
10026
32699
5510
2654
2845
9527
4952
8024
5409
20380
20758
27793
25173
28830
24184
21622
22217
31260
19376
13566
27875
32756

