1000

6
13
16
26
32
33
36
42
45
47
58
60
63
80
82
86
114
131
141
167
170
186
187
207
216
222
224
238
248
249
257
268
279
289
290
303
304
309
312
314
323
342
345
348
350
351
366
371
375
391
393
409
416
421
422
425
427
446
456
474
477
480
516
517
518
529
538
551
553
556
561
577
587
592
595
602
617
637
639
651
654
674
676
696
701
702
725
727
730
736
738
739
739
741
742
774
776
785
787
791
794
799
809
809
818
822
823
843
843
845
845
846
847
847
855
870
876
880
896
900
913
926
931
955
958
960
964
965
971
972
1024
1026
1026
1033
1035
1038
1040
1041
1056
1071
1089
1129
1143
1146
1148
1155
1178
1180
1187
1196
1203
1204
1217
1220
1229
1231
1232
1234
1244
1260
1297
1315
1327
1329
1337
1352
1358
1382
1390
1390
1391
1402
1404
1404
1404
1410
1410
1413
1416
1418
1420
1434
1440
1440
1440
1447
1448
1454
1456
1476
1482
1486
1497
1514
1520
1525
1541
1547
1579
1619
1623
1647
1650
1651
1655
1670
1679
1686
1693
1695
1709
1712
1724
1732
1734
1735
1743
1763
1772
1791
1804
1805
1807
1823
1826
1837
1838
1842
1843
1872
1873
1880
1887
1896
1913
1913
1917
1918
1919
1927
1939
1959
1986
1988
1991
1995
1999
2006
2009
2016
2029
2046
2062
2065
2067
2072
2085
2092
2096
2101
2105
2112
2116
2123
2144
2148
2154
2172
2173
2199
2205
2205
2210
2228
2239
2241
2241
2254
2267
2267
2269
2297
2304
2333
2341
2371
2373
2376
2382
2391
2395
2403
2404
2407
2409
2414
2421
2422
2430
2451
2454
2460
2466
2471
2472
2472
2477
2482
2482
2491
2500
2503
2505
2512
2514
2523
2526
2528
2532
2542
2554
2562
2579
2580
2580
2587
2588
2590
2597
2615
2619
2622
2623
2637
2645
2646
2653
2654
2658
2661
2663
2663
2673
2675
2677
2678
2678
2678
2681
2688
2713
2718
2722
2724
2742
2746
2747
2758
2760
2771
2775
2795
2808
2819
2821
2821
2823
2824
2847
2857
2874
2880
2932
2934
2937
2942
2946
2967
2974
2974
2982
2994
3005
3029
3040
3042
3045
3051
3060
3068
3074
3084
3097
3112
3137
3147
3148
3177
3184
3187
3213
3216
3220
3239
3278
3285
3332
3340
3347
3348
3355
3378
3378
3387
3395
3403
3416
3417
3423
3423
3442
3447
3454
3461
3467
3476
3484
3493
3493
3499
3506
3521
3531
3554
3564
3577
3577
3581
3593
3595
3601
3605
3607
3637
3641
3642
3652
3656
3657
3662
3667
3668
3672
3691
3723
3758
3760
3765
3808
3834
3834
3838
3846
3852
3866
3868
3879
3895
3909
3927
3935
3953
3954
3955
3974
3997
3999
4011
4020
4032
4047
4070
4079
4084
4100
4111
4111
4130
4134
4139
4150
4164
4164
4173
4222
4234
4240
4241
4241
4244
4254
4269
4284
4293
4322
4352
4356
4358
4368
4374
4377
4378
4399
4402
4407
4421
4429
4452
4476
4478
4483
4508
4529
4530
4532
4562
4563
4594
4595
4603
4633
4646
4655
4662
4714
4724
4728
4755
4794
4806
4825
4828
4833
4841
4871
4900
4904
4909
4930
4953
4982
4990
4991
4992
5005
5011
5014
5018
5024
5053
5074
5074
5076
5092
5100
5104
5110
5116
5118
5155
5158
5170
5175
5188
5193
5247
5261
5261
5272
5278
5285
5314
5330
5344
5391
5417
5440
5441
5444
5445
5449
5451
5457
5470
5484
5509
5548
5573
5608
5615
5623
5627
5635
5685
5695
5707
5709
5730
5733
5742
5754
5757
5762
5770
5782
5789
5791
5795
5831
5832
5833
5844
5853
5870
5881
5891
5920
5931
5935
5939
5945
5952
5961
5964
5973
5988
6000
6004
6018
6028
6031
6039
6053
6083
6089
6098
6102
6111
6112
6126
6138
6183
6183
6186
6208
6222
6229
6241
6284
6288
6290
6318
6322
6325
6339
6359
6367
6374
6378
6381
6416
6419
6424
6434
6438
6449
6467
6470
6477
6496
6513
6527
6550
6575
6575
6592
6606
6616
6625
6635
6651
6654
6660
6671
6676
6689
6723
6731
6739
6740
6744
6780
6812
6823
6826
6835
6840
6841
6844
6850
6860
6874
6875
6888
6891
6915
6934
6936
6950
6960
6968
6972
6999
7038
7039
7050
7050
7051
7066
7075
7087
7093
7104
7109
7111
7112
7113
7120
7121
7126
7130
7138
7140
7142
7142
7149
7149
7158
7159
7165
7172
7187
7196
7200
7206
7221
7248
7250
7254
7264
7267
7279
7280
7282
7297
7310
7310
7321
7343
7347
7416
7428
7439
7442
7507
7514
7514
7530
7546
7554
7592
7600
7611
7631
7634
7644
7649
7660
7662
7691
7696
7699
7707
7709
7725
7732
7735
7749
7754
7765
7788
7791
7792
7801
7803
7803
7816
7825
7829
7843
7852
7865
7871
7875
7906
7907
7926
7934
7956
7969
7982
8005
8013
8037
8044
8053
8060
8062
8072
8077
8092
8103
8109
8119
8124
8149
8155
8163
8168
8199
8206
8220
8272
8310
8348
8353
8354
8372
8373
8382
8413
8415
8417
8432
8435
8441
8444
8450
8467
8468
8470
8512
8524
8533
8538
8551
8567
8567
8572
8573
8581
8582
8599
8629
8631
8642
8655
8658
8660
8668
8677
8678
8692
8694
8717
8720
8730
8731
8747
8752
8765
8774
8778
8783
8787
8801
8818
8827
8846
8849
8854
8858
8867
8869
8872
8873
8878
8889
8909
8909
8943
8962
8976
8984
9000
9010
9025
9034
9039
9051
9089
9112
9118
9128
9130
9130
9137
9151
9159
9161
9167
9168
9178
9179
9181
9193
9202
9207
9216
9280
9285
9308
9314
9325
9347
9352
9355
9381
9390
9398
9399
9399
9408
9417
9429
9440
9466
9471
9482
9487
9493
9504
9509
9521
9565
9590
9595
9602
9631
9650
9654
9701
9705
9726
9730
9732
9736
9741
9747
9753
9754
9766
9768
9771
9773
9793
9794
9816
9827
9831
9863
9871
9877
9892
9902
9912
9915
9951
9952
9978

