10000

17
17
21
33
36
40
43
43
43
48
49
53
60
61
63
63
66
82
83
83
85
85
85
87
91
93
100
112
115
115
118
119
122
138
139
143
149
150
154
154
157
159
161
167
174
176
179
191
192
193
199
202
206
214
214
216
226
231
231
231
238
239
249
251
260
262
264
266
267
267
269
270
271
275
282
282
282
286
286
294
301
302
312
312
314
316
318
319
323
323
324
326
327
332
340
348
353
356
358
359
364
373
375
376
380
395
403
405
406
407
409
409
410
412
414
415
419
421
425
427
429
444
446
449
451
452
457
463
465
467
469
472
474
479
481
481
487
488
492
500
503
504
513
515
517
520
522
524
525
529
531
533
533
534
534
543
544
546
548
549
549
550
550
552
560
561
562
564
567
577
585
586
587
591
592
595
603
605
605
606
610
611
611
612
614
615
616
617
619
620
625
628
630
633
636
641
642
643
646
647
648
654
654
658
659
672
674
674
687
690
692
693
694
703
705
705
710
717
722
736
740
747
749
758
761
761
762
763
764
770
772
772
781
782
787
789
792
793
794
800
802
806
815
820
820
823
823
824
825
825
827
827
830
836
842
843
843
847
848
848
848
849
855
865
866
875
875
876
877
893
894
894
894
897
901
903
910
914
914
919
920
921
922
923
924
930
932
932
934
935
935
937
946
949
949
951
952
959
962
962
963
966
969
972
973
977
979
979
979
981
986
991
998
999
1001
1009
1015
1015
1016
1020
1022
1023
1029
1033
1035
1035
1036
1037
1039
1040
1050
1054
1057
1057
1059
1060
1067
1069
1074
1075
1077
1086
1087
1089
1092
1092
1092
1098
1102
1106
1107
1111
1112
1113
1113
1123
1123
1128
1131
1136
1136
1136
1139
1140
1140
1141
1144
1145
1146
1149
1164
1164
1165
1168
1170
1175
1175
1176
1180
1181
1183
1185
1187
1189
1198
1198
1199
1204
1205
1205
1206
1212
1213
1218
1227
1232
1233
1234
1235
1235
1236
1240
1241
1242
1243
1244
1246
1255
1263
1264
1267
1270
1270
1273
1275
1275
1278
1280
1282
1286
1292
1295
1297
1305
1308
1312
1316
1316
1317
1319
1323
1323
1344
1344
1344
1350
1350
1354
1356
1359
1360
1360
1364
1371
1373
1374
1396
1396
1402
1409
1410
1415
1418
1423
1424
1438
1444
1444
1447
1448
1450
1451
1454
1454
1458
1459
1460
1467
1475
1478
1483
1488
1495
1496
1506
1515
1518
1518
1526
1528
1531
1533
1533
1538
1542
1547
1547
1560
1560
1562
1566
1566
1570
1572
1573
1576
1579
1582
1585
1586
1586
1591
1595
1600
1602
1602
1611
1613
1617
1618
1618
1620
1622
1626
1629
1633
1634
1635
1636
1638
1641
1642
1644
1644
1646
1648
1654
1655
1664
1664
1667
1667
1669
1670
1670
1670
1674
1678
1680
1680
1680
1681
1688
1688
1689
1690
1694
1700
1701
1705
1710
1718
1719
1720
1735
1738
1741
1743
1744
1751
1753
1753
1759
1760
1760
1770
1775
1778
1804
1808
1808
1809
1815
1816
1816
1820
1825
1827
1827
1829
1830
1834
1837
1837
1839
1846
1850
1852
1852
1856
1865
1865
1865
1865
1868
1874
1874
1876
1881
1888
1889
1894
1898
1898
1899
1899
1900
1901
1902
1911
1929
1933
1934
1936
1942
1946
1950
1951
1955
1959
1964
1966
1966
1967
1967
1982
1986
1987
1988
1990
1991
1991
1993
1995
1996
1996
2011
2011
2017
2017
2023
2028
2038
2052
2053
2053
2059
2062
2067
2067
2068
2074
2076
2079
2084
2086
2086
2087
2090
2094
2096
2098
2101
2101
2102
2107
2111
2111
2115
2115
2121
2129
2130
2130
2143
2143
2143
2144
2146
2147
2152
2152
2154
2156
2157
2158
2165
2168
2169
2169
2171
2178
2182
2183
2185
2187
2187
2194
2200
2201
2205
2208
2209
2216
2217
2221
2223
2224
2226
2230
2231
2234
2240
2240
2242
2246
2246
2249
2251
2253
2258
2258
2261
2264
2268
2274
2275
2282
2287
2289
2290
2291
2292
2296
2298
2300
2302
2311
2311
2312
2313
2320
2321
2321
2324
2331
2334
2339
2349
2356
2366
2369
2370
2376
2380
2383
2386
2386
2388
2391
2398
2407
2408
2414
2416
2416
2425
2428
2429
2432
2441
2445
2448
2453
2461
2464
2467
2476
2478
2479
2479
2481
2481
2484
2496
2497
2505
2515
2519
2526
2534
2540
2544
2544
2545
2550
2551
2555
2556
2556
2565
2572
2574
2582
2584
2584
2585
2585
2586
2588
2589
2590
2592
2595
2603
2604
2612
2629
2631
2633
2642
2643
2645
2646
2648
2649
2657
2658
2662
2673
2673
2675
2675
2675
2676
2678
2679
2692
2693
2695
2696
2699
2707
2707
2707
2709
2716
2721
2728
2728
2729
2730
2734
2735
2738
2739
2741
2742
2743
2752
2752
2755
2757
2758
2758
2773
2777
2779
2782
2786
2786
2788
2789
2803
2804
2806
2807
2810
2817
2822
2824
2825
2827
2829
2830
2833
2838
2843
2844
2845
2845
2845
2848
2854
2856
2856
2859
2861
2863
2865
2870
2872
2874
2880
2881
2882
2889
2893
2902
2903
2905
2910
2918
2924
2925
2928
2929
2939
2939
2939
2941
2949
2952
2961
2967
2975
2977
2977
2979
2983
2984
2984
2988
2990
2993
2997
3000
3002
3005
3007
3009
3017
3019
3032
3052
3054
3056
3060
3061
3062
3064
3065
3067
3068
3070
3073
3077
3081
3082
3088
3093
3104
3112
3113
3123
3132
3137
3143
3143
3145
3149
3149
3150
3153
3157
3165
3174
3175
3177
3185
3187
3191
3196
3198
3202
3210
3213
3213
3216
3217
3218
3219
3219
3223
3225
3225
3237
3238
3241
3244
3247
3248
3252
3257
3262
3273
3275
3284
3286
3287
3288
3288
3292
3298
3299
3303
3305
3311
3312
3313
3314
3321
3322
3324
3324
3333
3335
3339
3341
3342
3344
3349
3350
3352
3358
3358
3364
3365
3366
3368
3369
3370
3373
3378
3378
3380
3389
3394
3394
3405
3407
3413
3414
3420
3422
3422
3423
3426
3431
3432
3434
3436
3441
3459
3459
3460
3466
3467
3467
3471
3478
3478
3482
3484
3485
3487
3488
3507
3507
3510
3512
3516
3518
3521
3521
3524
3526
3526
3526
3539
3539
3541
3545
3549
3549
3554
3561
3563
3570
3570
3574
3579
3580
3585
3593
3597
3599
3601
3608
3610
3611
3612
3614
3614
3615
3619
3633
3633
3639
3644
3645
3655
3661
3669
3673
3674
3676
3684
3685
3688
3689
3690
3693
3702
3703
3713
3714
3714
3716
3727
3728
3729
3730
3730
3731
3731
3732
3733
3736
3736
3741
3744
3744
3747
3756
3761
3762
3763
3763
3764
3767
3769
3774
3775
3777
3787
3787
3790
3791
3792
3799
3800
3801
3801
3805
3807
3809
3814
3815
3832
3835
3840
3845
3848
3854
3854
3855
3866
3878
3888
3893
3894
3898
3900
3900
3901
3911
3913
3913
3920
3920
3924
3924
3926
3927
3931
3932
3938
3941
3942
3943
3946
3953
3960
3963
3964
3967
3968
3970
3979
3981
3984
3988
3988
3992
3995
4001
4014
4017
4018
4021
4030
4034
4038
4043
4045
4045
4046
4047
4058
4059
4066
4069
4077
4082
4083
4094
4103
4105
4105
4113
4115
4119
4121
4129
4129
4131
4134
4135
4135
4136
4137
4141
4149
4153
4157
4161
4162
4162
4166
4167
4170
4181
4187
4189
4208
4209
4220
4223
4224
4224
4228
4230
4234
4236
4236
4236
4242
4246
4249
4260
4260
4261
4269
4269
4270
4278
4279
4281
4283
4284
4292
4298
4300
4301
4302
4309
4310
4312
4318
4319
4321
4322
4322
4323
4323
4323
4327
4328
4329
4331
4336
4337
4339
4347
4354
4354
4358
4359
4360
4364
4367
4372
4372
4377
4386
4394
4401
4401
4402
4402
4404
4405
4412
4413
4416
4417
4418
4419
4419
4420
4421
4431
4431
4436
4441
4446
4448
4450
4453
4456
4467
4468
4469
4470
4473
4473
4481
4482
4495
4501
4508
4512
4523
4523
4524
4530
4535
4535
4536
4538
4541
4541
4545
4546
4551
4557
4557
4560
4561
4562
4567
4569
4585
4598
4600
4605
4610
4620
4623
4630
4631
4636
4637
4641
4641
4644
4648
4651
4654
4659
4661
4667
4669
4680
4682
4683
4685
4685
4685
4690
4691
4691
4692
4693
4698
4699
4703
4704
4709
4715
4716
4716
4717
4717
4720
4721
4724
4727
4739
4739
4743
4748
4752
4753
4754
4757
4757
4757
4759
4765
4768
4772
4781
4781
4783
4785
4785
4787
4789
4792
4794
4800
4800
4801
4805
4807
4807
4809
4811
4823
4826
4829
4831
4832
4833
4833
4833
4834
4836
4836
4838
4840
4841
4850
4850
4856
4858
4858
4860
4866
4867
4868
4870
4879
4884
4885
4886
4900
4903
4903
4906
4908
4911
4912
4913
4923
4927
4933
4934
4935
4937
4939
4944
4944
4948
4950
4950
4953
4958
4960
4961
4962
4964
4964
4967
4979
4979
4980
4981
4992
4998
4998
4998
5002
5004
5006
5014
5017
5024
5027
5029
5030
5035
5036
5041
5046
5046
5048
5051
5053
5056
5056
5057
5060
5075
5076
5086
5092
5097
5098
5102
5104
5111
5113
5114
5115
5117
5122
5125
5128
5130
5132
5133
5135
5147
5148
5150
5150
5156
5156
5161
5163
5163
5164
5164
5166
5169
5170
5170
5173
5173
5176
5179
5185
5186
5191
5192
5193
5195
5197
5198
5201
5203
5208
5209
5214
5215
5218
5219
5219
5226
5226
5227
5228
5228
5230
5236
5236
5237
5240
5241
5243
5245
5253
5254
5261
5261
5262
5266
5269
5269
5270
5275
5277
5286
5290
5294
5301
5307
5310
5311
5312
5315
5320
5323
5326
5333
5335
5339
5339
5345
5347
5347
5348
5350
5353
5356
5359
5359
5360
5363
5365
5366
5381
5382
5384
5389
5395
5398
5400
5401
5407
5411
5414
5417
5427
5432
5433
5434
5437
5438
5438
5438
5440
5440
5442
5442
5445
5446
5447
5451
5452
5457
5457
5459
5459
5460
5482
5483
5483
5490
5490
5491
5492
5492
5500
5504
5504
5505
5510
5510
5514
5520
5521
5527
5529
5545
5546
5547
5547
5552
5565
5567
5572
5574
5581
5586
5587
5590
5593
5596
5599
5601
5610
5610
5614
5616
5618
5622
5622
5625
5626
5634
5635
5636
5636
5640
5640
5640
5644
5648
5652
5656
5659
5664
5665
5671
5675
5679
5679
5679
5685
5686
5690
5690
5691
5697
5699
5706
5708
5710
5711
5717
5720
5725
5733
5735
5738
5738
5739
5740
5742
5748
5748
5753
5753
5756
5759
5766
5769
5772
5776
5779
5780
5781
5787
5789
5789
5794
5796
5801
5802
5803
5803
5804
5812
5815
5817
5823
5829
5830
5831
5834
5835
5835
5836
5836
5837
5838
5843
5845
5850
5853
5857
5862
5866
5867
5870
5880
5884
5889
5893
5897
5899
5910
5910
5916
5918
5919
5920
5921
5928
5931
5931
5936
5942
5943
5943
5943
5945
5945
5948
5951
5955
5956
5958
5964
5965
5965
5973
5974
5975
5977
5977
5981
5985
5987
5987
5988
5988
5991
5997
5999
6000
6008
6009
6016
6019
6022
6041
6042
6048
6049
6052
6056
6058
6058
6064
6064
6068
6070
6070
6073
6082
6083
6084
6090
6091
6095
6101
6102
6105
6108
6112
6114
6117
6124
6125
6125
6130
6134
6146
6147
6153
6155
6159
6161
6163
6164
6172
6173
6174
6180
6183
6186
6189
6190
6194
6198
6201
6204
6207
6223
6227
6233
6240
6246
6246
6251
6253
6254
6254
6257
6257
6263
6272
6273
6274
6277
6281
6281
6283
6285
6285
6286
6287
6290
6292
6292
6292
6300
6312
6326
6329
6329
6331
6345
6348
6350
6353
6358
6360
6372
6377
6386
6390
6392
6392
6393
6395
6395
6398
6404
6407
6409
6412
6415
6416
6419
6424
6424
6430
6430
6430
6431
6431
6433
6434
6435
6436
6441
6445
6450
6451
6460
6462
6468
6470
6483
6483
6490
6494
6498
6500
6502
6513
6513
6514
6517
6518
6519
6527
6528
6529
6531
6532
6534
6535
6535
6547
6547
6549
6550
6560
6564
6565
6566
6575
6575
6584
6588
6595
6597
6598
6598
6606
6610
6611
6611
6612
6618
6621
6624
6627
6632
6635
6644
6651
6654
6661
6663
6667
6672
6679
6683
6688
6690
6692
6694
6701
6701
6702
6703
6707
6709
6709
6715
6715
6716
6717
6718
6725
6728
6728
6733
6739
6743
6746
6749
6750
6765
6766
6770
6777
6777
6784
6790
6795
6800
6805
6805
6808
6812
6818
6822
6822
6830
6835
6842
6842
6843
6851
6858
6867
6867
6869
6875
6876
6877
6882
6886
6889
6890
6894
6896
6902
6905
6909
6911
6912
6916
6917
6925
6926
6926
6930
6930
6931
6931
6933
6945
6951
6952
6952
6953
6954
6956
6964
6965
6973
6975
6977
6987
6988
6992
6992
6995
6996
7002
7004
7010
7010
7013
7016
7018
7023
7025
7025
7025
7035
7036
7040
7045
7050
7051
7051
7060
7065
7067
7070
7078
7078
7085
7087
7102
7103
7106
7108
7108
7113
7113
7116
7119
7127
7137
7140
7142
7146
7148
7150
7159
7164
7170
7179
7184
7198
7202
7202
7206
7207
7209
7216
7219
7220
7222
7226
7232
7238
7240
7241
7247
7251
7257
7258
7260
7264
7265
7269
7273
7278
7280
7280
7281
7281
7283
7285
7286
7288
7290
7295
7295
7297
7302
7302
7314
7328
7329
7332
7336
7341
7343
7344
7344
7352
7365
7366
7368
7368
7368
7372
7373
7374
7377
7378
7378
7378
7386
7387
7387
7388
7395
7400
7405
7405
7407
7410
7411
7411
7417
7420
7429
7432
7432
7436
7437
7438
7439
7444
7458
7458
7459
7460
7469
7470
7477
7478
7487
7490
7491
7493
7494
7510
7517
7517
7518
7529
7530
7534
7550
7551
7552
7553
7554
7556
7557
7557
7558
7562
7565
7568
7571
7577
7587
7591
7596
7598
7598
7602
7605
7605
7609
7611
7611
7611
7613
7614
7616
7618
7619
7620
7624
7625
7626
7645
7652
7656
7660
7662
7665
7665
7666
7666
7667
7672
7673
7680
7683
7695
7703
7717
7717
7722
7724
7729
7742
7743
7743
7745
7749
7750
7750
7750
7754
7756
7771
7772
7773
7774
7784
7785
7790
7792
7793
7797
7799
7807
7812
7813
7816
7819
7823
7823
7831
7833
7834
7834
7835
7837
7845
7846
7847
7849
7855
7856
7858
7859
7859
7863
7866
7868
7871
7880
7885
7891
7892
7894
7895
7897
7897
7902
7909
7913
7915
7917
7918
7922
7925
7926
7928
7938
7939
7940
7950
7951
7953
7954
7957
7972
7974
7977
7978
7979
7980
7987
7988
7997
8001
8003
8005
8012
8014
8019
8020
8021
8025
8025
8026
8027
8027
8027
8030
8030
8031
8036
8038
8040
8041
8041
8041
8044
8046
8047
8048
8050
8054
8055
8057
8057
8058
8058
8062
8064
8064
8072
8076
8076
8077
8078
8083
8091
8097
8098
8101
8101
8103
8103
8104
8105
8109
8113
8120
8120
8122
8122
8122
8123
8132
8133
8134
8142
8147
8147
8151
8152
8152
8155
8156
8159
8160
8163
8163
8170
8172
8180
8182
8185
8189
8192
8193
8194
8197
8198
8201
8209
8212
8212
8214
8218
8218
8226
8228
8234
8235
8244
8248
8252
8252
8252
8253
8267
8267
8269
8270
8282
8284
8289
8293
8296
8303
8315
8319
8319
8321
8325
8325
8329
8332
8336
8337
8338
8343
8348
8349
8351
8356
8360
8369
8370
8389
8391
8392
8395
8399
8399
8406
8406
8414
8414
8416
8422
8427
8428
8432
8433
8442
8449
8450
8450
8452
8453
8459
8460
8460
8460
8461
8463
8474
8480
8480
8486
8486
8488
8489
8489
8494
8495
8505
8508
8509
8510
8510
8521
8524
8530
8531
8538
8540
8544
8544
8545
8550
8551
8554
8559
8562
8562
8567
8569
8572
8579
8582
8587
8589
8591
8593
8594
8597
8600
8604
8606
8611
8612
8613
8619
8620
8625
8626
8629
8632
8636
8638
8642
8652
8670
8670
8679
8689
8691
8694
8694
8702
8706
8706
8713
8713
8716
8719
8721
8721
8722
8725
8727
8730
8736
8738
8742
8743
8748
8750
8754
8756
8756
8764
8778
8778
8780
8784
8784
8785
8786
8789
8790
8791
8798
8799
8800
8808
8808
8808
8808
8812
8815
8818
8818
8826
8834
8834
8840
8841
8842
8847
8848
8855
8862
8863
8870
8871
8878
8879
8882
8885
8886
8888
8890
8891
8893
8895
8896
8901
8901
8905
8911
8920
8922
8931
8933
8936
8937
8942
8944
8948
8950
8950
8951
8952
8955
8957
8960
8961
8965
8966
8970
8971
8976
8981
8981
8983
8991
8992
8993
8993
9001
9004
9010
9012
9013
9014
9018
9018
9034
9035
9042
9050
9060
9061
9069
9070
9071
9071
9074
9075
9079
9080
9090
9094
9094
9095
9110
9117
9118
9121
9123
9127
9127
9128
9131
9150
9153
9155
9162
9167
9167
9170
9171
9171
9174
9174
9174
9176
9176
9177
9180
9182
9184
9187
9188
9188
9191
9194
9204
9206
9215
9216
9221
9230
9232
9241
9244
9246
9251
9253
9253
9255
9255
9256
9263
9264
9272
9278
9284
9284
9285
9286
9293
9295
9297
9302
9303
9312
9313
9316
9319
9328
9333
9335
9341
9347
9354
9357
9358
9360
9361
9365
9368
9373
9376
9377
9383
9383
9384
9385
9394
9398
9400
9404
9405
9406
9416
9424
9427
9432
9436
9438
9441
9447
9452
9453
9459
9459
9461
9465
9466
9468
9471
9472
9473
9475
9478
9478
9494
9505
9509
9510
9516
9517
9518
9518
9518
9520
9520
9523
9524
9525
9527
9529
9532
9533
9535
9536
9537
9539
9542
9544
9554
9557
9558
9561
9568
9569
9570
9572
9575
9579
9583
9589
9591
9593
9596
9600
9608
9608
9615
9615
9618
9621
9628
9630
9630
9632
9643
9646
9648
9654
9660
9662
9675
9675
9685
9685
9689
9697
9698
9700
9706
9714
9718
9719
9720
9720
9732
9734
9738
9740
9743
9750
9750
9751
9753
9754
9757
9757
9759
9765
9771
9777
9777
9778
9781
9784
9789
9790
9793
9796
9797
9801
9805
9807
9812
9820
9821
9823
9825
9826
9829
9831
9835
9840
9847
9853
9859
9859
9863
9870
9874
9878
9879
9879
9881
9882
9885
9889
9897
9899
9901
9903
9904
9907
9921
9923
9924
9928
9929
9929
9937
9939
9940
9951
9956
9957
9958
9960
9964
9964
9966
9977
9982
9984
9984
9986
9989
9995
9997
10002
10005
10010
10010
10019
10026
10027
10029
10032
10032
10033
10034
10036
10036
10040
10040
10041
10045
10048
10051
10058
10058
10063
10065
10065
10071
10076
10076
10089
10090
10095
10097
10097
10098
10100
10110
10114
10129
10130
10132
10133
10142
10144
10144
10145
10146
10148
10149
10150
10151
10153
10158
10161
10162
10164
10165
10168
10178
10183
10184
10184
10189
10191
10192
10196
10208
10209
10212
10213
10220
10230
10233
10237
10238
10241
10243
10246
10247
10249
10249
10250
10256
10263
10272
10272
10274
10275
10277
10282
10290
10295
10297
10306
10306
10311
10318
10318
10324
10327
10328
10329
10337
10340
10341
10345
10346
10347
10356
10358
10363
10367
10368
10371
10378
10382
10383
10383
10385
10391
10391
10393
10394
10396
10397
10397
10403
10404
10408
10414
10415
10418
10420
10430
10431
10434
10437
10440
10442
10444
10444
10451
10453
10455
10455
10458
10460
10461
10469
10473
10482
10492
10494
10495
10495
10495
10500
10503
10504
10506
10506
10508
10508
10519
10520
10522
10526
10534
10537
10542
10546
10546
10547
10554
10555
10560
10568
10572
10574
10582
10590
10594
10595
10600
10600
10603
10604
10605
10610
10616
10616
10618
10619
10622
10629
10631
10633
10636
10641
10646
10647
10649
10650
10654
10656
10669
10671
10682
10683
10689
10691
10695
10697
10699
10700
10700
10708
10708
10712
10715
10718
10721
10726
10727
10735
10738
10748
10753
10756
10759
10759
10771
10779
10783
10784
10787
10790
10810
10812
10818
10821
10823
10823
10826
10828
10832
10834
10846
10850
10854
10855
10857
10860
10867
10870
10872
10882
10883
10883
10885
10885
10892
10893
10894
10895
10897
10898
10900
10908
10911
10912
10914
10914
10918
10923
10927
10930
10933
10935
10943
10945
10950
10954
10957
10958
10958
10961
10966
10968
10969
10972
10973
10973
10975
10978
10979
10980
10985
10988
10990
10992
10996
10996
10998
10998
11004
11009
11009
11014
11017
11021
11021
11022
11022
11023
11028
11032
11037
11037
11037
11039
11039
11040
11042
11054
11056
11056
11062
11064
11064
11068
11072
11075
11078
11078
11080
11081
11088
11089
11091
11097
11102
11103
11105
11105
11109
11113
11123
11126
11126
11132
11141
11141
11142
11145
11147
11154
11154
11157
11166
11167
11171
11179
11190
11195
11201
11202
11202
11204
11213
11217
11221
11233
11236
11237
11240
11243
11245
11252
11261
11265
11271
11273
11274
11276
11278
11284
11288
11291
11297
11300
11300
11304
11304
11307
11308
11308
11318
11322
11328
11328
11329
11330
11331
11331
11332
11334
11337
11340
11354
11355
11357
11358
11366
11370
11374
11379
11381
11382
11387
11389
11391
11391
11392
11395
11399
11400
11402
11405
11405
11405
11410
11410
11416
11419
11421
11424
11428
11433
11435
11439
11440
11441
11447
11457
11468
11471
11472
11473
11484
11486
11489
11497
11498
11499
11501
11502
11502
11513
11519
11521
11523
11524
11524
11526
11529
11534
11544
11546
11552
11557
11558
11558
11560
11563
11566
11579
11579
11586
11589
11595
11597
11602
11604
11606
11615
11616
11616
11616
11619
11621
11629
11629
11634
11641
11646
11654
11657
11660
11665
11668
11669
11683
11687
11694
11700
11700
11706
11706
11720
11720
11721
11723
11733
11737
11737
11742
11749
11750
11754
11755
11756
11761
11762
11767
11767
11769
11770
11775
11781
11782
11788
11788
11789
11789
11791
11793
11793
11798
11801
11811
11813
11819
11820
11821
11826
11836
11838
11843
11851
11852
11852
11858
11859
11861
11864
11867
11882
11889
11891
11894
11896
11903
11904
11905
11906
11908
11913
11913
11914
11917
11926
11927
11929
11932
11933
11939
11945
11951
11955
11960
11968
11976
11976
11979
11983
11987
11992
12005
12009
12010
12010
12012
12015
12042
12045
12048
12050
12056
12059
12059
12064
12068
12073
12081
12083
12085
12090
12099
12102
12107
12108
12111
12114
12115
12116
12123
12124
12131
12132
12136
12137
12140
12140
12143
12145
12149
12149
12150
12150
12153
12157
12159
12163
12168
12168
12176
12184
12189
12195
12198
12201
12201
12202
12204
12207
12208
12215
12216
12217
12218
12218
12219
12221
12222
12225
12227
12232
12232
12232
12235
12237
12238
12240
12242
12243
12244
12244
12245
12246
12246
12249
12252
12255
12260
12260
12261
12261
12276
12278
12279
12281
12281
12284
12285
12288
12291
12292
12300
12302
12312
12316
12317
12318
12322
12328
12330
12331
12332
12332
12332
12339
12342
12344
12347
12350
12351
12357
12357
12360
12361
12365
12374
12374
12377
12385
12389
12390
12396
12400
12401
12402
12410
12425
12433
12436
12445
12447
12451
12452
12454
12454
12463
12464
12470
12481
12484
12488
12492
12494
12494
12495
12504
12507
12509
12510
12512
12517
12523
12524
12524
12527
12530
12535
12537
12544
12546
12546
12567
12570
12575
12579
12586
12586
12592
12593
12597
12598
12598
12599
12603
12606
12608
12617
12633
12643
12649
12650
12663
12669
12671
12672
12674
12693
12694
12697
12699
12699
12701
12702
12706
12707
12708
12710
12712
12712
12719
12723
12723
12724
12726
12728
12730
12733
12734
12736
12742
12750
12751
12754
12755
12756
12759
12761
12764
12767
12772
12787
12792
12793
12800
12802
12803
12805
12808
12818
12823
12833
12833
12838
12838
12840
12841
12841
12845
12857
12873
12877
12880
12880
12890
12891
12896
12906
12907
12908
12910
12911
12918
12919
12920
12922
12925
12925
12932
12935
12937
12957
12959
12960
12969
12972
12977
12978
12991
12993
12996
12997
13005
13005
13007
13007
13008
13009
13012
13016
13024
13024
13027
13028
13028
13029
13029
13029
13036
13044
13045
13045
13046
13046
13046
13052
13056
13057
13058
13059
13060
13066
13067
13069
13071
13076
13076
13087
13090
13095
13102
13110
13111
13121
13122
13128
13129
13136
13136
13143
13149
13149
13153
13158
13158
13159
13163
13165
13167
13167
13170
13176
13186
13188
13194
13195
13196
13200
13212
13214
13214
13217
13217
13218
13220
13226
13228
13230
13240
13241
13243
13245
13247
13249
13251
13251
13253
13254
13255
13262
13267
13268
13269
13270
13271
13272
13276
13276
13279
13282
13295
13295
13303
13306
13306
13310
13312
13315
13315
13322
13325
13327
13331
13337
13339
13340
13346
13347
13348
13348
13349
13349
13350
13357
13363
13367
13378
13382
13385
13389
13390
13391
13392
13393
13396
13402
13403
13403
13403
13404
13408
13409
13411
13412
13414
13415
13415
13418
13421
13422
13424
13430
13430
13437
13440
13442
13443
13443
13444
13460
13462
13468
13470
13472
13475
13479
13482
13486
13490
13494
13498
13499
13502
13505
13512
13514
13514
13516
13524
13524
13526
13527
13529
13533
13540
13543
13544
13545
13547
13559
13559
13560
13560
13562
13565
13566
13569
13570
13570
13573
13575
13575
13577
13578
13579
13587
13587
13588
13591
13593
13596
13596
13598
13600
13605
13610
13613
13615
13627
13634
13634
13637
13637
13638
13640
13643
13647
13648
13652
13661
13663
13666
13666
13668
13668
13671
13673
13674
13676
13677
13681
13682
13682
13686
13688
13689
13692
13694
13695
13713
13714
13729
13735
13741
13745
13746
13747
13748
13752
13754
13756
13756
13762
13766
13771
13771
13777
13778
13780
13783
13785
13792
13796
13797
13800
13801
13802
13803
13835
13845
13845
13846
13846
13848
13849
13849
13851
13856
13857
13857
13857
13858
13862
13871
13871
13871
13877
13882
13884
13887
13898
13898
13900
13904
13907
13916
13917
13919
13923
13924
13924
13931
13931
13931
13932
13933
13934
13936
13939
13940
13940
13941
13942
13946
13957
13962
13975
13981
13982
13983
13988
13992
13993
13994
14001
14003
14003
14006
14007
14009
14010
14010
14015
14017
14018
14020
14022
14022
14026
14029
14033
14034
14036
14036
14037
14038
14040
14052
14056
14058
14058
14058
14059
14061
14061
14067
14075
14079
14081
14089
14099
14100
14100
14101
14109
14112
14115
14116
14120
14122
14124
14125
14127
14131
14135
14135
14139
14143
14148
14148
14156
14163
14164
14169
14170
14173
14175
14176
14176
14178
14192
14192
14197
14207
14208
14208
14214
14217
14223
14223
14224
14225
14233
14234
14236
14237
14239
14242
14243
14252
14257
14258
14281
14286
14287
14288
14288
14288
14292
14299
14304
14305
14311
14314
14318
14319
14325
14327
14329
14331
14332
14333
14335
14338
14340
14355
14359
14362
14364
14372
14375
14376
14376
14378
14382
14384
14387
14389
14391
14393
14394
14400
14403
14411
14421
14422
14427
14433
14436
14443
14445
14451
14459
14461
14464
14464
14475
14476
14479
14481
14483
14486
14492
14494
14499
14500
14505
14513
14515
14517
14519
14520
14526
14533
14536
14537
14539
14541
14548
14551
14553
14555
14559
14561
14570
14572
14573
14576
14577
14580
14580
14581
14586
14587
14589
14590
14596
14597
14609
14609
14610
14617
14620
14626
14627
14632
14634
14634
14635
14640
14640
14644
14645
14647
14653
14655
14661
14664
14672
14680
14684
14686
14691
14695
14697
14699
14699
14702
14710
14714
14721
14725
14728
14732
14736
14741
14744
14746
14746
14748
14756
14764
14766
14767
14767
14769
14773
14777
14780
14783
14783
14784
14785
14789
14792
14795
14797
14797
14798
14802
14806
14812
14815
14819
14826
14835
14839
14839
14846
14849
14849
14849
14849
14851
14853
14862
14865
14867
14875
14880
14881
14884
14889
14890
14891
14895
14898
14899
14903
14904
14906
14910
14912
14920
14920
14936
14939
14939
14942
14950
14950
14951
14953
14968
14972
14975
14977
14983
14986
14988
14989
15000
15006
15008
15010
15011
15015
15020
15021
15022
15028
15029
15035
15035
15038
15041
15044
15047
15050
15051
15055
15056
15058
15066
15069
15074
15079
15079
15079
15079
15081
15083
15088
15090
15090
15092
15097
15099
15103
15105
15116
15118
15122
15128
15129
15130
15130
15136
15140
15142
15142
15142
15145
15153
15155
15156
15156
15157
15158
15159
15160
15168
15170
15173
15176
15177
15180
15186
15196
15197
15198
15202
15202
15203
15206
15209
15214
15217
15238
15246
15248
15250
15250
15253
15259
15261
15264
15265
15269
15270
15272
15278
15278
15279
15280
15285
15285
15286
15287
15289
15290
15293
15294
15303
15305
15307
15307
15308
15310
15318
15320
15320
15326
15327
15328
15328
15329
15334
15344
15355
15357
15358
15360
15362
15363
15366
15370
15372
15376
15376
15378
15380
15384
15385
15385
15391
15397
15398
15403
15404
15421
15423
15426
15430
15430
15431
15433
15444
15447
15450
15453
15454
15456
15456
15457
15459
15462
15469
15475
15478
15478
15479
15483
15492
15495
15496
15500
15504
15508
15509
15519
15523
15524
15525
15526
15526
15527
15528
15529
15533
15544
15547
15548
15549
15551
15562
15563
15565
15574
15577
15577
15577
15577
15578
15580
15595
15596
15604
15611
15615
15620
15620
15620
15621
15623
15625
15639
15642
15642
15642
15647
15653
15658
15662
15671
15671
15674
15678
15687
15691
15692
15699
15704
15709
15715
15716
15717
15718
15722
15727
15731
15732
15734
15740
15743
15744
15751
15755
15760
15771
15771
15777
15781
15781
15787
15794
15795
15796
15799
15799
15799
15801
15803
15808
15812
15818
15824
15826
15827
15829
15835
15837
15837
15842
15845
15848
15849
15850
15852
15853
15857
15860
15864
15865
15865
15870
15872
15878
15880
15880
15880
15881
15885
15888
15889
15892
15895
15901
15902
15903
15905
15907
15911
15915
15916
15916
15921
15921
15923
15935
15939
15941
15941
15941
15943
15944
15944
15949
15953
15954
15956
15956
15958
15958
15958
15962
15967
15970
15971
15979
15980
15981
15992
15992
15994
15994
15995
16003
16004
16005
16010
16013
16014
16016
16022
16023
16028
16030
16042
16049
16049
16050
16051
16052
16055
16062
16064
16066
16067
16068
16070
16072
16074
16078
16079
16082
16091
16092
16095
16103
16110
16113
16117
16129
16130
16136
16136
16142
16143
16145
16162
16173
16176
16183
16185
16188
16189
16190
16191
16192
16207
16207
16211
16215
16216
16218
16227
16229
16232
16238
16239
16240
16251
16255
16264
16274
16276
16276
16278
16281
16281
16288
16296
16299
16303
16312
16312
16313
16320
16321
16323
16324
16326
16331
16331
16333
16348
16349
16352
16353
16355
16355
16359
16359
16363
16371
16373
16377
16377
16379
16380
16383
16383
16384
16384
16393
16401
16402
16403
16403
16403
16404
16408
16408
16409
16410
16410
16412
16421
16421
16433
16444
16449
16451
16452
16454
16457
16465
16468
16469
16472
16474
16474
16478
16479
16486
16486
16487
16490
16492
16496
16499
16502
16503
16509
16511
16511
16517
16520
16522
16529
16535
16539
16542
16542
16543
16547
16548
16551
16557
16558
16560
16564
16578
16581
16583
16585
16593
16593
16595
16596
16602
16611
16614
16615
16629
16630
16631
16633
16636
16638
16639
16639
16639
16642
16645
16650
16653
16653
16654
16655
16656
16657
16663
16664
16664
16664
16666
16667
16671
16675
16676
16676
16683
16691
16709
16723
16723
16732
16741
16742
16743
16746
16748
16750
16752
16753
16755
16755
16760
16765
16766
16766
16774
16774
16775
16786
16786
16793
16794
16800
16801
16803
16809
16813
16814
16821
16827
16835
16839
16840
16842
16855
16855
16857
16859
16861
16862
16863
16863
16867
16868
16868
16873
16879
16881
16884
16885
16886
16887
16889
16891
16894
16895
16895
16915
16922
16926
16928
16935
16940
16943
16950
16959
16960
16982
16986
16987
16988
16998
16999
17000
17001
17002
17003
17004
17005
17012
17015
17020
17023
17025
17027
17028
17028
17028
17030
17041
17043
17044
17046
17048
17048
17049
17051
17053
17056
17059
17060
17067
17067
17069
17069
17077
17077
17080
17082
17087
17088
17095
17099
17099
17100
17108
17118
17120
17122
17132
17134
17139
17140
17146
17146
17146
17149
17151
17152
17155
17156
17156
17172
17173
17182
17183
17191
17192
17198
17201
17205
17205
17209
17214
17214
17218
17222
17225
17232
17236
17237
17240
17242
17243
17248
17254
17255
17258
17258
17262
17265
17266
17267
17277
17277
17281
17288
17294
17294
17295
17298
17299
17303
17303
17304
17310
17313
17317
17318
17318
17319
17327
17334
17335
17336
17337
17337
17338
17343
17350
17351
17359
17360
17370
17372
17372
17376
17382
17382
17392
17402
17403
17404
17411
17418
17420
17422
17425
17426
17427
17437
17437
17440
17444
17448
17451
17452
17455
17456
17460
17464
17465
17467
17467
17477
17477
17481
17484
17485
17489
17491
17492
17493
17500
17505
17505
17509
17510
17512
17514
17520
17522
17523
17526
17531
17531
17533
17537
17540
17546
17546
17547
17547
17548
17549
17550
17558
17559
17560
17562
17570
17574
17577
17578
17581
17582
17585
17586
17590
17591
17600
17600
17601
17602
17611
17613
17617
17619
17620
17620
17627
17636
17640
17643
17644
17648
17650
17650
17652
17666
17669
17670
17677
17678
17682
17683
17684
17686
17691
17693
17694
17698
17699
17699
17702
17710
17717
17719
17719
17725
17729
17733
17736
17737
17738
17739
17741
17742
17743
17747
17747
17748
17751
17755
17760
17763
17766
17772
17775
17783
17793
17798
17798
17799
17800
17806
17807
17812
17812
17826
17829
17830
17833
17835
17836
17844
17856
17857
17859
17859
17862
17864
17868
17868
17878
17884
17888
17892
17896
17897
17898
17900
17900
17901
17907
17911
17913
17917
17921
17922
17927
17929
17929
17931
17936
17939
17948
17950
17950
17952
17956
17962
17963
17965
17968
17969
17978
17986
17988
17989
17993
17994
17994
17998
17999
18009
18013
18015
18017
18020
18021
18025
18026
18029
18038
18039
18043
18043
18057
18058
18062
18063
18069
18075
18078
18080
18081
18084
18084
18086
18095
18097
18110
18111
18116
18120
18120
18121
18123
18126
18130
18131
18131
18134
18136
18140
18147
18148
18152
18164
18169
18176
18179
18180
18183
18192
18197
18206
18209
18210
18215
18215
18222
18224
18227
18228
18229
18230
18232
18245
18249
18249
18252
18254
18259
18262
18263
18264
18265
18266
18267
18269
18269
18275
18275
18289
18289
18291
18300
18304
18318
18320
18324
18327
18327
18328
18330
18336
18341
18348
18358
18367
18382
18384
18385
18385
18385
18386
18387
18388
18390
18399
18402
18407
18407
18415
18416
18420
18423
18424
18428
18433
18436
18439
18443
18446
18458
18472
18472
18475
18478
18480
18492
18494
18510
18511
18511
18516
18518
18521
18537
18538
18541
18546
18548
18553
18554
18558
18567
18572
18574
18577
18580
18594
18596
18598
18598
18604
18608
18610
18611
18616
18617
18622
18622
18622
18633
18635
18638
18641
18642
18655
18664
18665
18665
18667
18667
18670
18670
18673
18675
18678
18687
18689
18690
18692
18694
18709
18709
18712
18713
18715
18720
18725
18726
18734
18736
18740
18741
18743
18751
18753
18755
18757
18760
18764
18765
18766
18769
18770
18774
18777
18784
18788
18795
18805
18806
18812
18817
18818
18819
18820
18823
18825
18829
18830
18836
18838
18841
18842
18849
18854
18856
18861
18863
18866
18868
18869
18873
18873
18875
18877
18877
18884
18884
18897
18899
18901
18902
18906
18906
18914
18922
18925
18927
18933
18934
18936
18938
18943
18944
18948
18951
18954
18956
18956
18957
18959
18961
18965
18969
18970
18972
18975
18984
18985
18986
18989
18990
18991
18992
18999
19005
19006
19007
19009
19011
19012
19021
19021
19022
19022
19025
19027
19027
19032
19033
19034
19039
19043
19049
19050
19051
19062
19072
19072
19080
19082
19084
19086
19095
19097
19098
19099
19099
19099
19101
19105
19108
19110
19116
19119
19120
19128
19129
19130
19138
19141
19143
19146
19147
19148
19157
19159
19161
19165
19169
19173
19180
19183
19186
19187
19188
19192
19192
19202
19202
19205
19205
19211
19213
19213
19215
19216
19216
19217
19218
19218
19230
19235
19245
19248
19254
19255
19259
19259
19261
19261
19261
19263
19271
19275
19281
19284
19286
19286
19292
19293
19295
19299
19299
19301
19302
19312
19317
19318
19320
19322
19322
19331
19336
19339
19341
19342
19345
19352
19354
19358
19364
19366
19369
19369
19371
19372
19374
19382
19384
19386
19390
19395
19396
19402
19403
19404
19406
19421
19422
19426
19427
19434
19435
19436
19440
19442
19442
19446
19447
19456
19456
19457
19461
19464
19465
19467
19475
19476
19480
19487
19488
19489
19492
19502
19503
19505
19512
19514
19516
19525
19526
19536
19537
19539
19541
19549
19566
19568
19574
19577
19577
19582
19586
19588
19594
19596
19598
19601
19609
19609
19613
19615
19619
19622
19623
19623
19628
19628
19642
19644
19645
19647
19650
19650
19654
19654
19662
19668
19669
19682
19694
19697
19709
19714
19715
19719
19720
19725
19727
19729
19732
19734
19736
19737
19737
19741
19752
19753
19758
19762
19763
19766
19766
19768
19769
19772
19772
19772
19778
19779
19782
19783
19784
19784
19786
19791
19792
19793
19796
19800
19808
19809
19814
19825
19826
19829
19833
19835
19838
19842
19844
19848
19850
19850
19859
19864
19874
19875
19877
19879
19882
19882
19883
19884
19888
19889
19891
19891
19896
19904
19905
19908
19910
19911
19915
19918
19918
19918
19922
19925
19926
19928
19929
19932
19933
19941
19943
19944
19947
19949
19950
19951
19960
19962
19964
19966
19971
19974
19975
19975
19979
19981
19984
19986
19988
19991
19992
19997
20002
20003
20005
20006
20020
20021
20025
20026
20026
20028
20039
20043
20050
20053
20058
20060
20063
20066
20072
20073
20085
20089
20095
20102
20107
20108
20113
20119
20126
20128
20133
20135
20148
20158
20163
20164
20171
20174
20177
20183
20184
20186
20188
20196
20199
20202
20210
20213
20215
20219
20222
20224
20229
20229
20232
20235
20237
20239
20243
20247
20251
20255
20263
20267
20276
20278
20280
20290
20291
20292
20293
20299
20304
20307
20308
20319
20320
20321
20323
20329
20332
20333
20333
20336
20339
20341
20344
20352
20352
20356
20361
20376
20380
20381
20381
20386
20387
20393
20396
20400
20402
20406
20410
20414
20415
20421
20422
20423
20423
20424
20427
20427
20429
20429
20430
20437
20440
20445
20455
20459
20460
20460
20466
20472
20473
20474
20476
20480
20480
20482
20482
20484
20487
20492
20495
20496
20498
20503
20512
20513
20513
20514
20520
20523
20528
20530
20532
20534
20539
20548
20550
20555
20570
20581
20585
20589
20589
20594
20597
20603
20609
20614
20622
20622
20633
20636
20643
20650
20653
20659
20672
20674
20680
20681
20682
20682
20683
20689
20689
20690
20691
20695
20696
20698
20699
20701
20703
20704
20707
20708
20709
20709
20716
20723
20733
20744
20748
20757
20759
20762
20765
20766
20766
20771
20772
20772
20778
20779
20781
20792
20797
20802
20804
20812
20819
20822
20825
20825
20830
20830
20835
20839
20843
20846
20851
20852
20878
20880
20884
20887
20888
20889
20891
20892
20894
20895
20904
20907
20908
20913
20914
20914
20914
20919
20923
20927
20931
20932
20936
20938
20939
20940
20941
20943
20947
20947
20949
20954
20955
20964
20965
20965
20972
20972
20978
20981
20986
20988
20989
20989
20989
20990
20991
20991
20994
20999
21006
21008
21010
21021
21032
21035
21041
21044
21046
21049
21052
21052
21061
21063
21064
21065
21072
21078
21085
21087
21092
21098
21100
21104
21107
21112
21114
21115
21123
21124
21125
21126
21129
21133
21134
21135
21136
21138
21138
21142
21143
21144
21146
21146
21147
21151
21157
21164
21165
21165
21166
21167
21167
21168
21169
21177
21187
21188
21192
21199
21202
21217
21218
21218
21219
21221
21221
21222
21223
21224
21226
21235
21239
21239
21244
21244
21246
21247
21248
21254
21256
21257
21261
21267
21270
21279
21284
21285
21292
21293
21294
21301
21304
21309
21311
21315
21317
21324
21325
21328
21329
21331
21345
21345
21349
21351
21351
21354
21357
21359
21361
21364
21367
21379
21380
21381
21382
21382
21382
21383
21388
21389
21393
21394
21399
21408
21411
21415
21425
21427
21428
21429
21430
21432
21432
21434
21434
21435
21441
21441
21442
21444
21446
21448
21455
21460
21463
21467
21475
21477
21477
21477
21479
21487
21491
21492
21494
21495
21499
21499
21501
21501
21501
21505
21506
21509
21509
21510
21510
21512
21515
21515
21516
21518
21519
21520
21523
21530
21530
21534
21535
21536
21538
21541
21542
21542
21544
21546
21554
21554
21557
21561
21561
21569
21570
21571
21573
21578
21578
21579
21579
21582
21586
21588
21597
21603
21607
21612
21614
21616
21618
21619
21619
21620
21623
21626
21627
21635
21636
21642
21647
21650
21651
21651
21652
21654
21661
21664
21665
21670
21673
21674
21675
21676
21678
21683
21683
21685
21686
21688
21689
21690
21696
21696
21699
21705
21706
21710
21712
21714
21723
21727
21728
21730
21736
21740
21740
21748
21750
21751
21755
21758
21762
21768
21776
21780
21789
21793
21798
21800
21807
21809
21812
21819
21819
21821
21823
21827
21830
21831
21832
21832
21836
21837
21839
21839
21841
21841
21844
21846
21853
21855
21856
21858
21859
21862
21865
21872
21873
21874
21874
21878
21878
21882
21887
21890
21892
21894
21896
21899
21903
21903
21904
21905
21907
21909
21912
21923
21925
21932
21935
21947
21948
21958
21960
21965
21975
21978
21987
21988
21994
21996
21997
21997
21998
21999
21999
22003
22005
22006
22008
22010
22010
22011
22014
22019
22019
22021
22022
22025
22028
22030
22031
22041
22042
22044
22044
22045
22045
22047
22052
22059
22060
22063
22065
22066
22070
22071
22073
22089
22090
22092
22093
22109
22114
22119
22119
22119
22120
22124
22134
22141
22141
22142
22146
22147
22148
22150
22154
22155
22160
22164
22166
22168
22171
22176
22179
22180
22182
22182
22184
22184
22196
22196
22201
22223
22225
22225
22229
22230
22248
22248
22255
22259
22260
22262
22265
22265
22267
22267
22270
22270
22271
22273
22275
22276
22281
22287
22289
22290
22295
22304
22305
22307
22309
22310
22312
22313
22319
22323
22324
22326
22329
22332
22334
22338
22339
22341
22349
22350
22353
22355
22360
22363
22374
22377
22378
22378
22380
22382
22389
22391
22391
22391
22392
22393
22396
22397
22398
22400
22402
22406
22408
22409
22411
22414
22414
22414
22429
22432
22438
22442
22445
22449
22454
22454
22459
22459
22461
22462
22463
22465
22465
22467
22468
22470
22472
22474
22475
22488
22489
22493
22500
22506
22519
22523
22536
22538
22538
22539
22539
22542
22544
22545
22545
22554
22557
22564
22568
22568
22572
22574
22575
22577
22583
22588
22591
22600
22601
22604
22604
22605
22606
22622
22625
22629
22631
22631
22632
22633
22637
22640
22641
22644
22649
22651
22651
22657
22668
22672
22676
22682
22684
22688
22690
22696
22701
22703
22704
22705
22708
22724
22733
22736
22737
22743
22747
22760
22764
22767
22770
22771
22771
22773
22774
22777
22777
22782
22786
22793
22795
22797
22800
22800
22802
22806
22807
22809
22814
22824
22829
22834
22834
22837
22838
22844
22846
22850
22850
22854
22856
22859
22860
22864
22866
22870
22873
22880
22881
22882
22883
22886
22894
22900
22903
22907
22917
22918
22921
22926
22927
22927
22941
22941
22948
22950
22952
22959
22965
22967
22967
22968
22972
22976
22976
22979
22980
22984
22986
22989
22990
23004
23007
23011
23012
23016
23021
23024
23025
23030
23031
23033
23035
23042
23044
23046
23046
23051
23054
23058
23061
23064
23064
23074
23079
23082
23085
23085
23088
23089
23089
23094
23096
23097
23097
23103
23104
23106
23107
23108
23111
23112
23119
23122
23124
23125
23126
23129
23133
23136
23137
23140
23143
23150
23152
23157
23158
23167
23167
23168
23173
23174
23175
23184
23184
23186
23191
23191
23193
23193
23195
23195
23196
23197
23200
23204
23204
23212
23218
23222
23222
23223
23225
23226
23228
23231
23241
23243
23245
23246
23249
23249
23252
23255
23271
23274
23275
23278
23279
23283
23295
23298
23299
23301
23304
23304
23305
23306
23306
23309
23311
23316
23317
23321
23323
23323
23324
23326
23330
23346
23346
23354
23356
23356
23358
23359
23360
23370
23372
23373
23377
23381
23382
23383
23387
23387
23391
23395
23403
23406
23408
23410
23412
23419
23419
23421
23426
23426
23429
23429
23430
23430
23431
23436
23438
23442
23448
23456
23457
23458
23458
23460
23464
23464
23465
23471
23473
23483
23487
23487
23488
23488
23495
23495
23495
23498
23501
23505
23508
23510
23510
23516
23518
23519
23527
23528
23534
23537
23539
23540
23543
23549
23549
23551
23563
23567
23569
23572
23577
23578
23578
23579
23580
23580
23582
23583
23585
23585
23586
23599
23599
23603
23610
23611
23613
23614
23625
23626
23627
23629
23629
23632
23633
23640
23640
23642
23642
23648
23648
23654
23661
23662
23671
23672
23678
23680
23682
23689
23689
23695
23696
23698
23704
23710
23715
23717
23719
23719
23719
23719
23721
23724
23725
23731
23732
23737
23739
23745
23752
23762
23770
23774
23778
23779
23783
23789
23793
23797
23799
23801
23805
23810
23815
23820
23820
23823
23824
23825
23831
23835
23836
23838
23842
23842
23845
23845
23846
23846
23848
23854
23856
23859
23866
23866
23868
23871
23873
23877
23877
23884
23890
23891
23891
23892
23894
23896
23898
23899
23899
23900
23903
23906
23906
23910
23915
23926
23928
23928
23932
23933
23933
23934
23937
23939
23941
23956
23969
23970
23976
23985
23990
23992
23997
23997
23998
23999
23999
23999
24000
24001
24004
24007
24008
24009
24017
24017
24023
24025
24026
24027
24030
24032
24036
24040
24048
24050
24051
24052
24066
24066
24066
24069
24070
24077
24081
24083
24085
24087
24093
24095
24097
24100
24103
24104
24106
24112
24123
24124
24125
24126
24128
24129
24133
24135
24138
24142
24148
24148
24155
24160
24161
24165
24167
24169
24170
24174
24177
24185
24187
24204
24205
24206
24206
24209
24210
24210
24213
24214
24215
24215
24220
24221
24222
24225
24227
24229
24230
24231
24238
24240
24240
24241
24244
24245
24247
24249
24249
24251
24256
24257
24264
24267
24268
24274
24275
24278
24279
24279
24283
24284
24294
24295
24296
24299
24302
24304
24304
24305
24308
24310
24311
24315
24321
24326
24333
24336
24338
24339
24345
24345
24348
24348
24353
24361
24364
24364
24366
24373
24373
24375
24376
24376
24377
24380
24384
24391
24391
24398
24409
24412
24414
24418
24420
24426
24426
24427
24430
24431
24431
24434
24435
24435
24436
24437
24439
24440
24440
24443
24448
24463
24464
24469
24472
24478
24480
24482
24483
24483
24487
24488
24489
24495
24496
24497
24507
24511
24520
24520
24520
24530
24537
24539
24540
24543
24544
24553
24557
24560
24561
24570
24586
24586
24587
24593
24595
24598
24603
24605
24609
24617
24617
24620
24621
24622
24624
24629
24629
24629
24633
24648
24650
24650
24652
24653
24666
24669
24678
24679
24680
24685
24687
24689
24690
24693
24693
24698
24706
24710
24713
24718
24748
24749
24757
24758
24758
24766
24769
24772
24778
24778
24789
24790
24790
24791
24792
24796
24797
24798
24801
24805
24805
24810
24813
24814
24816
24819
24822
24825
24827
24828
24832
24833
24840
24842
24844
24846
24850
24866
24867
24868
24871
24873
24877
24880
24882
24883
24891
24894
24895
24899
24900
24903
24906
24906
24907
24909
24919
24920
24921
24921
24922
24923
24924
24925
24926
24927
24936
24936
24942
24946
24948
24953
24953
24955
24960
24964
24968
24973
24975
24977
24979
24984
24987
24989
24990
24991
24998
25006
25011
25013
25022
25025
25028
25031
25031
25031
25034
25035
25038
25038
25044
25054
25080
25083
25086
25089
25090
25090
25097
25097
25103
25112
25116
25116
25121
25133
25135
25135
25138
25138
25141
25144
25150
25151
25152
25154
25155
25160
25166
25175
25178
25182
25182
25183
25201
25201
25204
25204
25210
25213
25229
25231
25232
25235
25236
25236
25247
25247
25248
25250
25250
25256
25259
25259
25261
25267
25272
25274
25278
25282
25286
25289
25292
25298
25300
25302
25314
25336
25341
25347
25347
25350
25350
25353
25353
25355
25356
25357
25359
25359
25361
25366
25367
25368
25376
25379
25379
25379
25383
25388
25395
25397
25402
25405
25409
25409
25410
25413
25413
25421
25425
25427
25427
25431
25445
25446
25462
25464
25464
25469
25473
25478
25479
25480
25481
25484
25487
25487
25493
25497
25500
25504
25511
25512
25516
25517
25524
25533
25535
25536
25540
25542
25542
25542
25546
25554
25556
25556
25557
25565
25569
25572
25574
25583
25585
25586
25587
25595
25596
25598
25599
25600
25604
25609
25609
25611
25612
25613
25617
25621
25621
25626
25626
25634
25636
25643
25644
25646
25649
25650
25651
25651
25658
25658
25662
25663
25663
25669
25669
25674
25678
25681
25682
25687
25688
25688
25689
25690
25691
25692
25699
25704
25704
25704
25719
25723
25727
25728
25736
25737
25742
25745
25745
25754
25763
25763
25764
25769
25769
25772
25775
25775
25777
25779
25779
25780
25783
25785
25787
25790
25791
25794
25804
25805
25809
25810
25810
25814
25816
25817
25818
25822
25823
25823
25824
25828
25830
25831
25833
25833
25834
25835
25841
25848
25850
25852
25854
25860
25862
25866
25866
25867
25870
25874
25874
25876
25885
25887
25889
25897
25901
25908
25912
25913
25913
25915
25920
25920
25920
25926
25929
25929
25936
25942
25944
25953
25955
25955
25970
25973
25975
25977
25977
25981
25983
25986
25986
25991
25997
25998
25999
26001
26009
26010
26014
26016
26019
26020
26022
26029
26030
26031
26033
26033
26035
26044
26044
26047
26050
26051
26057
26062
26064
26065
26065
26072
26072
26077
26083
26084
26087
26088
26089
26089
26094
26095
26100
26104
26106
26106
26114
26121
26121
26122
26129
26130
26134
26136
26138
26138
26143
26143
26144
26144
26145
26147
26148
26152
26157
26162
26164
26166
26178
26180
26180
26183
26188
26188
26189
26195
26195
26197
26198
26198
26204
26210
26214
26216
26219
26219
26220
26225
26226
26229
26235
26237
26238
26245
26247
26251
26256
26266
26270
26274
26278
26279
26284
26291
26292
26293
26296
26302
26303
26305
26305
26306
26307
26307
26308
26310
26311
26313
26314
26317
26318
26320
26322
26325
26329
26333
26334
26340
26341
26345
26352
26357
26364
26368
26371
26375
26376
26384
26392
26392
26393
26398
26404
26406
26410
26411
26414
26415
26416
26417
26419
26423
26429
26433
26440
26447
26453
26454
26456
26458
26459
26460
26461
26462
26466
26467
26468
26478
26479
26490
26491
26491
26492
26492
26495
26503
26504
26509
26512
26517
26518
26521
26529
26537
26537
26541
26549
26554
26555
26557
26560
26560
26561
26561
26562
26568
26568
26568
26571
26572
26573
26579
26580
26584
26585
26590
26590
26593
26593
26597
26598
26601
26603
26611
26612
26619
26620
26621
26625
26630
26631
26631
26635
26636
26638
26639
26641
26642
26642
26642
26644
26646
26647
26648
26650
26659
26661
26665
26666
26668
26669
26674
26684
26686
26686
26688
26692
26694
26695
26704
26711
26711
26714
26720
26721
26724
26728
26729
26737
26739
26740
26742
26742
26747
26749
26749
26751
26752
26771
26774
26778
26781
26781
26789
26789
26798
26798
26802
26803
26804
26805
26805
26808
26808
26814
26817
26817
26824
26825
26831
26832
26834
26841
26847
26849
26853
26869
26869
26869
26870
26870
26873
26873
26873
26876
26882
26883
26888
26892
26893
26893
26899
26899
26900
26904
26908
26908
26909
26910
26913
26916
26917
26922
26924
26929
26935
26939
26939
26940
26946
26952
26953
26961
26966
26974
26979
26980
26988
26990
26992
26994
26997
26999
26999
27000
27006
27015
27021
27024
27025
27033
27039
27041
27052
27056
27060
27060
27060
27061
27064
27070
27082
27083
27090
27090
27091
27097
27102
27104
27107
27109
27110
27111
27111
27112
27126
27130
27130
27133
27137
27138
27141
27142
27145
27151
27152
27160
27166
27170
27178
27179
27186
27191
27194
27196
27199
27200
27203
27209
27210
27211
27211
27213
27213
27214
27218
27222
27226
27228
27238
27242
27248
27252
27264
27272
27282
27282
27284
27285
27287
27289
27289
27291
27296
27300
27308
27313
27317
27322
27323
27330
27332
27333
27336
27337
27341
27343
27344
27347
27355
27359
27363
27372
27377
27379
27380
27381
27384
27387
27388
27392
27393
27396
27397
27398
27398
27398
27400
27404
27404
27404
27408
27418
27418
27425
27428
27433
27436
27449
27450
27462
27462
27463
27465
27474
27475
27477
27477
27488
27489
27491
27495
27509
27511
27515
27518
27519
27526
27532
27540
27540
27546
27550
27559
27561
27563
27563
27565
27565
27566
27567
27570
27573
27573
27580
27581
27584
27591
27594
27597
27599
27603
27611
27612
27615
27619
27620
27627
27629
27630
27635
27642
27646
27654
27657
27657
27660
27664
27665
27671
27681
27682
27683
27686
27692
27696
27699
27700
27700
27701
27702
27706
27707
27713
27716
27721
27727
27728
27738
27745
27747
27748
27754
27760
27760
27779
27780
27780
27782
27783
27785
27786
27796
27796
27802
27807
27813
27824
27828
27834
27841
27842
27849
27853
27855
27857
27859
27864
27865
27867
27869
27871
27874
27881
27882
27887
27897
27897
27898
27905
27915
27918
27918
27919
27923
27927
27929
27929
27929
27933
27935
27937
27937
27938
27941
27944
27950
27955
27962
27963
27964
27965
27972
27974
27990
27995
27999
28000
28011
28013
28015
28019
28027
28032
28035
28037
28039
28042
28054
28056
28062
28068
28069
28069
28070
28070
28071
28075
28102
28103
28107
28117
28119
28124
28124
28128
28130
28131
28136
28145
28154
28156
28160
28172
28174
28175
28176
28177
28179
28179
28181
28185
28187
28191
28194
28197
28198
28199
28200
28200
28204
28205
28205
28205
28206
28206
28210
28213
28214
28216
28219
28233
28238
28242
28243
28246
28250
28254
28261
28266
28268
28271
28276
28283
28284
28292
28298
28305
28306
28307
28311
28319
28321
28322
28323
28328
28329
28331
28335
28338
28341
28352
28353
28368
28375
28379
28380
28387
28389
28391
28393
28394
28394
28397
28399
28402
28410
28421
28429
28436
28437
28443
28454
28457
28460
28464
28471
28486
28487
28487
28496
28496
28498
28501
28509
28513
28516
28528
28529
28530
28531
28532
28541
28541
28547
28548
28553
28555
28556
28557
28559
28559
28559
28563
28566
28575
28581
28583
28583
28583
28585
28587
28590
28591
28592
28592
28594
28594
28601
28601
28607
28608
28615
28617
28620
28624
28625
28627
28628
28634
28641
28641
28641
28648
28649
28650
28651
28655
28656
28658
28660
28663
28666
28667
28668
28675
28676
28678
28678
28685
28693
28694
28699
28700
28701
28702
28704
28709
28714
28715
28716
28717
28720
28723
28728
28734
28735
28738
28741
28741
28745
28748
28750
28757
28768
28773
28777
28777
28779
28779
28779
28783
28785
28787
28788
28793
28806
28807
28813
28815
28817
28820
28822
28828
28831
28833
28834
28834
28835
28835
28838
28841
28854
28857
28861
28865
28866
28867
28869
28873
28874
28881
28881
28887
28890
28892
28894
28895
28903
28903
28909
28909
28909
28918
28922
28936
28945
28946
28954
28955
28957
28968
28970
28971
28977
28978
28978
28979
28979
28980
28982
28988
28992
28996
28996
28997
29002
29015
29016
29019
29020
29025
29027
29031
29031
29036
29042
29043
29044
29044
29047
29048
29055
29060
29062
29064
29069
29071
29099
29099
29099
29101
29105
29105
29108
29111
29111
29114
29119
29122
29123
29125
29129
29130
29133
29134
29134
29135
29136
29139
29141
29142
29143
29144
29148
29148
29149
29151
29151
29151
29154
29155
29158
29166
29169
29172
29176
29177
29181
29181
29186
29186
29189
29189
29189
29192
29194
29194
29201
29203
29204
29211
29218
29225
29226
29231
29232
29238
29242
29253
29260
29260
29268
29271
29273
29275
29275
29276
29277
29277
29281
29282
29284
29285
29289
29289
29291
29291
29298
29299
29301
29303
29303
29304
29307
29309
29311
29312
29312
29318
29320
29325
29328
29332
29336
29337
29339
29346
29348
29354
29359
29365
29370
29372
29373
29379
29379
29383
29385
29390
29398
29399
29400
29402
29403
29408
29410
29417
29417
29421
29424
29425
29441
29443
29444
29452
29453
29458
29463
29464
29465
29465
29468
29470
29472
29489
29500
29502
29505
29505
29509
29511
29515
29517
29520
29522
29524
29526
29527
29532
29534
29540
29544
29545
29546
29548
29549
29549
29555
29559
29559
29560
29560
29561
29561
29565
29568
29568
29573
29574
29579
29591
29593
29601
29602
29604
29608
29610
29613
29613
29613
29626
29627
29629
29629
29632
29638
29642
29650
29651
29654
29655
29660
29665
29665
29666
29668
29668
29668
29671
29671
29672
29674
29680
29681
29682
29684
29686
29689
29690
29691
29703
29705
29712
29715
29718
29720
29722
29722
29723
29724
29726
29728
29737
29738
29738
29741
29746
29753
29753
29760
29762
29763
29764
29767
29770
29773
29779
29780
29781
29785
29788
29790
29792
29795
29796
29799
29818
29819
29820
29820
29820
29821
29826
29833
29841
29841
29847
29847
29851
29857
29857
29859
29864
29870
29873
29874
29881
29886
29887
29887
29899
29902
29903
29910
29911
29916
29916
29917
29924
29928
29942
29943
29943
29945
29946
29959
29962
29962
29963
29967
29969
29975
29983
29986
29988
29990
29990
29993
29996
29997
29999
30003
30004
30010
30010
30017
30018
30025
30043
30047
30048
30050
30053
30057
30070
30080
30082
30089
30091
30091
30095
30096
30099
30099
30103
30107
30108
30110
30110
30113
30121
30123
30125
30131
30138
30141
30143
30145
30149
30154
30163
30164
30166
30167
30168
30181
30183
30187
30192
30194
30196
30205
30207
30209
30214
30223
30224
30235
30240
30241
30241
30253
30260
30260
30275
30276
30276
30277
30278
30282
30286
30291
30294
30296
30299
30299
30302
30302
30303
30316
30318
30319
30320
30324
30324
30327
30328
30328
30331
30333
30343
30345
30352
30355
30358
30365
30367
30371
30372
30372
30374
30379
30379
30380
30382
30391
30393
30394
30398
30398
30417
30420
30425
30426
30427
30436
30440
30446
30447
30448
30449
30456
30456
30463
30464
30468
30480
30489
30494
30501
30503
30506
30507
30510
30510
30512
30515
30516
30528
30528
30530
30530
30530
30535
30541
30546
30548
30555
30557
30561
30561
30562
30562
30567
30570
30570
30573
30577
30582
30583
30587
30587
30590
30592
30604
30609
30609
30611
30612
30615
30618
30621
30626
30628
30630
30632
30632
30634
30636
30639
30639
30639
30645
30646
30647
30647
30648
30649
30655
30664
30666
30669
30670
30672
30681
30692
30695
30695
30701
30701
30705
30709
30711
30713
30713
30717
30718
30722
30723
30727
30729
30732
30736
30737
30739
30741
30742
30746
30747
30750
30755
30755
30761
30766
30767
30771
30772
30774
30775
30782
30795
30799
30800
30811
30811
30813
30813
30814
30817
30824
30828
30828
30829
30837
30840
30842
30842
30843
30844
30846
30847
30851
30855
30855
30855
30857
30869
30873
30877
30880
30880
30880
30881
30882
30884
30889
30893
30898
30900
30908
30910
30918
30925
30927
30933
30944
30946
30954
30969
30969
30969
30974
30981
30981
30981
30982
30989
30990
30996
30999
31002
31009
31011
31013
31013
31021
31021
31021
31022
31023
31023
31027
31031
31032
31034
31035
31036
31037
31040
31040
31045
31049
31059
31063
31066
31068
31076
31077
31078
31081
31083
31088
31088
31089
31093
31096
31102
31104
31105
31124
31126
31127
31127
31129
31131
31134
31137
31137
31143
31145
31145
31150
31152
31154
31156
31166
31167
31174
31175
31181
31185
31189
31190
31198
31200
31205
31211
31212
31215
31216
31222
31222
31225
31236
31238
31238
31242
31246
31246
31248
31255
31257
31267
31267
31272
31274
31274
31275
31279
31286
31288
31288
31289
31292
31292
31298
31307
31311
31313
31320
31322
31323
31330
31330
31331
31334
31341
31343
31352
31353
31357
31357
31360
31367
31368
31370
31370
31372
31375
31377
31378
31381
31382
31384
31388
31389
31392
31393
31393
31394
31394
31395
31401
31403
31407
31408
31409
31416
31418
31421
31421
31424
31427
31433
31435
31440
31443
31443
31445
31448
31453
31457
31461
31465
31466
31467
31472
31482
31482
31487
31491
31497
31500
31505
31507
31514
31516
31520
31523
31530
31537
31542
31543
31546
31551
31553
31553
31556
31559
31562
31567
31579
31581
31581
31585
31593
31595
31598
31601
31603
31605
31605
31609
31613
31615
31616
31617
31617
31618
31633
31635
31638
31641
31641
31641
31641
31643
31645
31648
31656
31657
31660
31667
31674
31674
31676
31682
31688
31689
31692
31693
31694
31699
31701
31706
31706
31713
31718
31719
31724
31726
31728
31730
31734
31738
31739
31741
31742
31742
31766
31769
31773
31784
31790
31796
31797
31799
31800
31801
31809
31814
31822
31825
31826
31834
31843
31846
31846
31851
31851
31852
31853
31856
31857
31863
31866
31869
31869
31870
31873
31883
31891
31895
31895
31899
31911
31912
31915
31916
31919
31923
31933
31934
31935
31938
31939
31952
31956
31971
31975
31982
31983
31985
31992
31992
31999
32001
32004
32007
32010
32016
32027
32028
32037
32039
32043
32046
32048
32050
32058
32060
32067
32083
32088
32092
32098
32098
32106
32107
32108
32110
32120
32121
32122
32126
32127
32127
32127
32129
32132
32134
32134
32136
32136
32138
32139
32139
32140
32141
32143
32157
32160
32162
32165
32166
32173
32186
32187
32189
32190
32191
32193
32193
32195
32195
32203
32207
32209
32211
32214
32220
32223
32230
32234
32234
32235
32239
32243
32244
32245
32254
32260
32263
32274
32281
32283
32284
32285
32290
32291
32291
32293
32293
32301
32303
32303
32303
32322
32323
32323
32325
32326
32326
32329
32329
32329
32332
32333
32336
32336
32340
32346
32352
32361
32364
32364
32372
32377
32384
32386
32389
32392
32397
32398
32410
32420
32421
32423
32425
32431
32431
32437
32441
32444
32446
32447
32447
32452
32453
32454
32455
32459
32459
32460
32462
32468
32474
32480
32482
32483
32483
32484
32486
32488
32494
32500
32501
32502
32506
32514
32520
32520
32527
32534
32537
32537
32537
32539
32539
32540
32543
32546
32552
32558
32562
32563
32565
32577
32585
32586
32592
32594
32597
32601
32602
32603
32605
32610
32613
32614
32624
32627
32629
32629
32635
32637
32638
32639
32640
32642
32644
32649
32652
32653
32654
32656
32657
32662
32664
32668
32677
32681
32682
32683
32694
32706
32708
32708
32708
32709
32710
32720
32725
32725
32728
32728
32732
32732
32733
32741
32746
32750
32752
32756
32761
32764
32766

