10000

3
3
4
6
6
10
13
14
22
23
23
24
26
28
35
42
42
47
49
49
49
55
56
57
58
60
70
71
74
85
86
89
110
112
113
120
122
124
130
132
133
137
138
139
143
149
150
151
152
159
160
162
163
168
170
172
178
184
185
186
187
190
191
195
203
206
206
210
219
220
221
222
223
225
232
233
236
240
243
245
247
249
249
256
260
262
266
269
270
275
276
277
280
282
283
283
284
289
290
293
298
299
301
301
311
311
311
312
312
312
313
315
315
320
347
352
355
359
361
365
371
373
374
387
388
396
399
417
425
434
436
443
446
446
448
448
456
458
459
460
461
462
469
471
472
476
477
479
482
485
487
488
491
499
499
504
507
507
513
514
514
526
527
529
530
533
534
535
535
535
538
549
555
555
556
562
565
570
574
590
591
592
596
596
597
600
606
611
629
632
634
637
637
638
643
645
648
651
652
653
658
659
666
666
668
673
673
677
678
681
687
688
693
693
694
695
700
701
705
711
714
718
723
723
724
725
730
732
738
740
742
744
748
750
754
755
759
767
770
776
777
782
783
784
785
786
791
792
796
796
797
799
803
813
815
815
816
817
818
822
824
828
828
833
838
840
843
843
845
848
860
869
869
872
872
872
880
884
885
898
901
913
913
916
917
918
918
920
921
921
923
923
925
925
934
939
952
953
959
959
960
966
970
974
974
977
979
979
980
982
982
987
988
990
991
995
997
1006
1006
1014
1015
1015
1017
1029
1033
1034
1035
1038
1043
1048
1054
1055
1057
1058
1062
1072
1073
1075
1075
1079
1084
1086
1089
1091
1091
1092
1092
1095
1097
1099
1102
1107
1110
1116
1118
1120
1123
1125
1125
1128
1132
1134
1141
1149
1153
1162
1165
1166
1166
1167
1174
1175
1178
1184
1188
1194
1201
1201
1206
1212
1228
1242
1242
1242
1249
1254
1266
1267
1269
1272
1276
1278
1278
1280
1282
1282
1284
1289
1292
1304
1310
1313
1314
1315
1316
1326
1333
1335
1336
1340
1341
1343
1343
1352
1354
1358
1360
1360
1364
1364
1365
1366
1367
1376
1383
1387
1388
1389
1390
1395
1397
1397
1406
1406
1411
1412
1424
1426
1426
1432
1433
1434
1436
1448
1455
1456
1457
1464
1465
1468
1473
1482
1491
1491
1493
1501
1502
1503
1503
1503
1506
1521
1522
1522
1525
1530
1537
1538
1539
1540
1543
1549
1552
1556
1556
1561
1563
1564
1578
1579
1581
1595
1595
1598
1603
1607
1608
1611
1615
1616
1623
1632
1633
1635
1636
1638
1642
1644
1657
1659
1659
1669
1669
1672
1679
1680
1684
1685
1685
1688
1691
1695
1699
1700
1707
1708
1709
1711
1711
1714
1715
1718
1719
1728
1732
1733
1735
1738
1740
1740
1742
1743
1746
1747
1761
1763
1766
1769
1771
1775
1782
1783
1785
1788
1800
1800
1804
1805
1805
1805
1811
1820
1822
1828
1830
1836
1836
1842
1843
1844
1866
1867
1869
1869
1869
1870
1873
1881
1887
1888
1890
1895
1896
1896
1901
1902
1905
1907
1909
1911
1912
1916
1917
1918
1920
1921
1923
1925
1927
1930
1932
1932
1937
1945
1946
1946
1947
1951
1952
1953
1953
1954
1956
1960
1961
1962
1972
1973
1975
1977
1977
1979
1983
1983
1988
1989
1991
1993
1995
1997
1998
2005
2007
2007
2008
2012
2013
2013
2014
2019
2020
2021
2023
2026
2029
2036
2038
2039
2040
2044
2046
2057
2063
2067
2068
2075
2081
2082
2084
2085
2088
2090
2091
2092
2095
2096
2097
2103
2111
2113
2114
2126
2131
2132
2136
2139
2140
2141
2144
2145
2146
2149
2151
2153
2156
2157
2157
2159
2171
2173
2175
2175
2176
2184
2187
2188
2193
2198
2200
2202
2203
2205
2208
2209
2210
2218
2219
2221
2222
2222
2227
2228
2228
2232
2236
2239
2245
2246
2252
2252
2255
2256
2259
2261
2263
2263
2269
2270
2271
2273
2273
2280
2281
2282
2285
2288
2289
2290
2293
2296
2297
2301
2303
2312
2314
2314
2315
2318
2321
2321
2323
2323
2323
2326
2332
2332
2335
2339
2341
2343
2344
2346
2349
2349
2353
2356
2369
2370
2374
2376
2378
2380
2381
2386
2394
2414
2421
2426
2430
2433
2433
2435
2435
2436
2440
2441
2444
2445
2451
2460
2461
2464
2468
2473
2475
2475
2480
2490
2491
2492
2493
2496
2506
2515
2515
2517
2520
2526
2528
2537
2541
2542
2543
2547
2553
2556
2557
2564
2574
2580
2582
2582
2586
2587
2590
2590
2604
2614
2621
2632
2633
2635
2636
2651
2653
2658
2666
2672
2676
2683
2683
2685
2687
2688
2691
2701
2702
2703
2704
2705
2706
2712
2714
2715
2715
2716
2716
2725
2727
2728
2730
2732
2733
2734
2737
2737
2743
2745
2746
2748
2748
2750
2750
2755
2761
2762
2775
2780
2781
2783
2786
2790
2795
2796
2800
2801
2805
2811
2812
2815
2816
2818
2818
2818
2822
2823
2828
2835
2836
2837
2841
2842
2843
2845
2849
2853
2854
2855
2857
2858
2864
2864
2869
2869
2881
2885
2886
2888
2891
2891
2892
2895
2895
2913
2915
2916
2917
2925
2927
2929
2939
2946
2946
2947
2947
2949
2954
2956
2958
2959
2962
2963
2963
2970
2971
2973
2974
2976
2990
2996
3000
3001
3003
3004
3006
3010
3010
3012
3013
3018
3019
3023
3023
3023
3026
3028
3030
3037
3041
3043
3046
3055
3060
3062
3067
3071
3074
3074
3083
3087
3100
3101
3105
3109
3112
3115
3116
3118
3118
3124
3126
3127
3134
3135
3135
3138
3139
3140
3143
3146
3148
3153
3153
3156
3157
3159
3161
3162
3173
3178
3183
3188
3188
3189
3197
3200
3200
3205
3212
3214
3214
3224
3227
3229
3230
3235
3235
3239
3242
3245
3246
3248
3252
3253
3256
3259
3260
3269
3271
3274
3277
3285
3291
3293
3297
3310
3311
3311
3314
3315
3316
3317
3321
3322
3327
3331
3337
3347
3350
3358
3361
3367
3370
3371
3371
3373
3378
3379
3382
3387
3393
3394
3398
3401
3413
3413
3414
3425
3425
3427
3430
3436
3438
3445
3454
3454
3454
3456
3460
3461
3462
3467
3470
3472
3477
3482
3483
3483
3485
3492
3503
3505
3507
3508
3513
3519
3521
3523
3523
3524
3526
3530
3535
3550
3555
3559
3560
3571
3575
3585
3587
3593
3595
3600
3603
3603
3605
3605
3607
3607
3609
3610
3616
3619
3623
3626
3627
3627
3627
3630
3631
3633
3636
3640
3645
3646
3658
3658
3660
3662
3665
3680
3681
3682
3684
3687
3687
3691
3692
3695
3696
3698
3704
3705
3706
3711
3712
3715
3719
3723
3726
3727
3730
3735
3736
3741
3744
3750
3754
3756
3756
3758
3758
3763
3772
3775
3777
3780
3794
3797
3797
3797
3799
3802
3802
3814
3831
3838
3843
3853
3860
3866
3869
3869
3879
3895
3897
3898
3900
3900
3900
3901
3906
3915
3919
3924
3925
3935
3939
3939
3946
3949
3952
3954
3956
3958
3960
3963
3970
3973
3976
3977
3985
3988
3995
3999
4001
4004
4005
4007
4021
4021
4022
4024
4031
4034
4034
4040
4047
4050
4052
4058
4061
4064
4068
4084
4087
4087
4092
4095
4095
4100
4104
4110
4112
4118
4118
4121
4123
4135
4138
4143
4152
4152
4153
4154
4157
4159
4163
4169
4173
4173
4175
4181
4183
4184
4192
4194
4196
4197
4199
4205
4205
4206
4207
4217
4218
4219
4228
4234
4236
4256
4256
4268
4270
4273
4276
4278
4286
4288
4290
4291
4291
4294
4296
4300
4305
4312
4317
4328
4329
4332
4334
4338
4339
4342
4346
4350
4350
4362
4364
4371
4373
4377
4384
4387
4388
4391
4396
4399
4401
4402
4403
4406
4406
4407
4412
4419
4421
4421
4427
4428
4433
4435
4440
4441
4442
4442
4443
4445
4452
4457
4469
4469
4472
4475
4491
4500
4505
4505
4515
4516
4521
4524
4532
4533
4535
4541
4547
4547
4547
4548
4553
4554
4560
4565
4567
4573
4583
4584
4584
4587
4588
4590
4591
4591
4594
4596
4598
4599
4605
4607
4614
4614
4618
4619
4619
4624
4628
4634
4642
4645
4649
4649
4660
4663
4664
4666
4669
4670
4672
4681
4687
4687
4688
4691
4695
4699
4714
4715
4716
4718
4722
4723
4730
4732
4733
4745
4748
4749
4754
4758
4762
4762
4768
4775
4780
4782
4784
4787
4799
4804
4805
4809
4811
4813
4813
4816
4822
4827
4829
4834
4838
4840
4841
4842
4844
4844
4855
4856
4860
4864
4867
4868
4868
4871
4874
4874
4874
4876
4883
4885
4886
4893
4897
4897
4898
4899
4899
4916
4918
4922
4923
4931
4936
4938
4946
4958
4958
4959
4965
4973
4980
4982
4982
4984
4985
4990
4997
5000
5011
5011
5013
5019
5020
5026
5029
5030
5031
5042
5044
5045
5050
5051
5056
5061
5072
5077
5077
5081
5083
5083
5084
5088
5091
5097
5098
5098
5098
5101
5103
5105
5112
5117
5119
5120
5124
5124
5132
5137
5138
5139
5141
5146
5149
5152
5155
5158
5165
5169
5170
5175
5181
5181
5181
5187
5188
5190
5196
5200
5201
5204
5206
5209
5210
5211
5212
5212
5218
5222
5222
5222
5223
5228
5256
5258
5259
5261
5263
5267
5268
5269
5272
5272
5276
5276
5277
5277
5283
5288
5290
5292
5292
5300
5300
5301
5304
5305
5307
5309
5311
5312
5319
5320
5322
5324
5326
5332
5333
5338
5345
5347
5347
5348
5351
5361
5363
5363
5364
5365
5368
5376
5378
5379
5380
5383
5390
5390
5391
5392
5394
5399
5400
5401
5405
5406
5407
5407
5408
5412
5429
5430
5435
5438
5439
5442
5443
5447
5449
5457
5462
5469
5473
5475
5478
5478
5486
5494
5495
5499
5504
5507
5516
5519
5521
5525
5526
5526
5527
5529
5535
5539
5542
5544
5544
5547
5549
5552
5553
5558
5564
5565
5566
5568
5569
5573
5576
5576
5577
5583
5589
5600
5601
5601
5605
5615
5624
5624
5635
5637
5639
5647
5648
5649
5649
5651
5651
5656
5658
5659
5659
5660
5668
5672
5672
5674
5677
5678
5680
5680
5687
5691
5694
5695
5701
5703
5706
5708
5710
5711
5713
5713
5714
5730
5731
5740
5740
5742
5745
5748
5752
5752
5753
5761
5769
5776
5777
5781
5786
5786
5787
5790
5791
5793
5823
5823
5825
5826
5837
5841
5848
5849
5851
5851
5851
5855
5860
5861
5873
5874
5874
5874
5876
5880
5882
5893
5897
5901
5902
5905
5906
5909
5924
5930
5932
5933
5936
5940
5942
5942
5950
5953
5956
5967
5969
5971
5972
5973
5978
5980
5980
5984
5985
5988
5989
5990
5993
6001
6002
6002
6006
6010
6015
6018
6021
6025
6027
6029
6030
6033
6034
6037
6044
6053
6057
6058
6061
6062
6074
6075
6075
6077
6080
6081
6082
6090
6099
6100
6101
6103
6106
6108
6108
6108
6110
6111
6111
6112
6122
6128
6129
6132
6135
6135
6145
6151
6154
6163
6167
6175
6177
6179
6182
6184
6191
6195
6198
6198
6207
6213
6214
6218
6219
6220
6222
6222
6231
6233
6235
6236
6238
6243
6247
6250
6251
6252
6254
6258
6264
6264
6265
6265
6268
6274
6275
6276
6283
6284
6289
6294
6297
6301
6305
6307
6309
6310
6313
6314
6314
6315
6316
6316
6325
6336
6337
6340
6342
6343
6343
6344
6345
6347
6350
6351
6352
6356
6359
6364
6365
6376
6380
6381
6382
6383
6384
6394
6395
6397
6400
6406
6406
6407
6411
6413
6415
6419
6425
6432
6433
6434
6434
6440
6441
6447
6448
6452
6460
6460
6466
6475
6483
6488
6490
6495
6495
6496
6498
6500
6503
6504
6506
6524
6528
6528
6531
6534
6535
6541
6541
6541
6546
6550
6555
6556
6556
6561
6566
6571
6572
6572
6573
6584
6591
6594
6596
6598
6600
6603
6608
6612
6612
6614
6618
6620
6625
6626
6629
6629
6631
6633
6636
6638
6638
6639
6646
6647
6650
6654
6656
6660
6662
6664
6666
6667
6674
6678
6681
6684
6695
6696
6699
6717
6719
6720
6725
6734
6735
6736
6738
6740
6743
6745
6746
6749
6751
6753
6754
6762
6765
6765
6765
6769
6773
6777
6784
6785
6792
6792
6793
6796
6797
6798
6799
6802
6802
6805
6806
6808
6809
6811
6812
6816
6820
6821
6824
6829
6831
6847
6848
6848
6855
6857
6860
6861
6866
6868
6871
6872
6874
6885
6885
6889
6895
6896
6899
6900
6904
6909
6914
6919
6920
6922
6927
6940
6942
6942
6944
6945
6947
6953
6953
6955
6963
6969
6971
6971
6971
6972
6973
6974
6976
6985
6986
6987
6990
6997
6998
7001
7010
7011
7018
7028
7029
7031
7031
7033
7033
7034
7034
7036
7042
7047
7050
7051
7056
7062
7070
7072
7080
7085
7085
7087
7088
7091
7091
7098
7100
7104
7106
7106
7108
7110
7113
7115
7128
7130
7133
7137
7138
7145
7145
7147
7149
7157
7158
7175
7180
7181
7187
7190
7190
7194
7200
7205
7221
7225
7231
7232
7234
7243
7244
7244
7247
7251
7263
7264
7266
7266
7267
7267
7268
7268
7273
7275
7275
7279
7282
7283
7286
7287
7290
7291
7293
7295
7296
7298
7299
7300
7304
7305
7305
7307
7310
7310
7314
7319
7321
7321
7323
7334
7339
7344
7345
7352
7354
7360
7360
7360
7361
7364
7370
7377
7387
7389
7392
7392
7409
7414
7421
7421
7427
7429
7430
7431
7440
7442
7443
7449
7451
7451
7452
7452
7453
7455
7466
7472
7476
7483
7483
7492
7498
7499
7507
7509
7510
7511
7514
7520
7526
7528
7531
7533
7535
7541
7542
7545
7548
7548
7555
7558
7562
7562
7567
7568
7568
7569
7572
7572
7575
7580
7583
7588
7588
7588
7592
7593
7596
7600
7601
7603
7603
7606
7606
7606
7608
7610
7610
7611
7611
7615
7621
7622
7622
7624
7624
7631
7634
7640
7644
7655
7658
7661
7661
7664
7676
7677
7678
7681
7682
7685
7685
7688
7690
7690
7691
7700
7701
7701
7704
7705
7708
7715
7717
7717
7721
7722
7723
7724
7727
7728
7743
7744
7746
7749
7753
7757
7761
7766
7767
7772
7775
7785
7788
7791
7792
7795
7799
7799
7801
7805
7806
7807
7809
7810
7811
7816
7817
7819
7826
7827
7828
7828
7834
7836
7837
7838
7843
7846
7849
7850
7852
7853
7853
7861
7862
7866
7866
7866
7868
7868
7872
7872
7872
7877
7884
7885
7888
7896
7897
7905
7905
7910
7920
7926
7927
7928
7928
7929
7930
7931
7935
7945
7947
7948
7949
7951
7954
7960
7963
7970
7974
7975
7976
7978
7978
7983
7984
7988
7996
8006
8009
8012
8020
8023
8024
8025
8032
8032
8035
8037
8045
8045
8050
8053
8059
8062
8064
8070
8081
8083
8095
8102
8103
8105
8107
8109
8118
8121
8129
8132
8133
8137
8138
8143
8145
8145
8146
8148
8151
8152
8152
8155
8155
8157
8159
8168
8171
8173
8179
8180
8184
8186
8192
8196
8199
8200
8201
8203
8204
8208
8219
8219
8220
8227
8227
8227
8229
8230
8239
8239
8241
8243
8244
8246
8250
8251
8252
8255
8258
8258
8262
8263
8267
8267
8268
8271
8271
8276
8277
8279
8280
8286
8290
8292
8299
8300
8303
8304
8310
8315
8318
8320
8321
8322
8322
8325
8330
8330
8332
8337
8337
8338
8340
8340
8340
8344
8344
8348
8349
8357
8361
8366
8368
8369
8369
8370
8372
8375
8376
8377
8386
8391
8394
8396
8398
8399
8403
8406
8418
8423
8423
8425
8427
8427
8429
8431
8432
8432
8434
8436
8439
8440
8442
8449
8451
8458
8461
8463
8464
8466
8473
8474
8474
8477
8478
8488
8491
8491
8493
8497
8497
8498
8500
8504
8505
8508
8509
8511
8512
8515
8520
8526
8527
8528
8528
8530
8540
8545
8546
8550
8553
8553
8556
8558
8565
8569
8571
8572
8574
8575
8576
8576
8579
8580
8581
8586
8588
8588
8590
8598
8600
8600
8601
8605
8608
8610
8613
8615
8615
8616
8617
8628
8631
8633
8633
8638
8641
8645
8648
8649
8653
8654
8654
8657
8661
8666
8666
8666
8670
8671
8677
8679
8683
8683
8684
8687
8687
8690
8690
8690
8693
8693
8698
8698
8704
8709
8715
8718
8719
8720
8727
8732
8734
8734
8734
8735
8737
8738
8740
8740
8743
8745
8747
8759
8761
8764
8769
8771
8771
8774
8777
8778
8781
8783
8791
8797
8800
8802
8806
8813
8813
8816
8816
8817
8818
8819
8819
8824
8826
8832
8834
8836
8842
8843
8844
8847
8849
8849
8850
8851
8851
8856
8856
8862
8868
8868
8869
8871
8877
8878
8885
8885
8886
8887
8894
8896
8899
8903
8905
8910
8913
8915
8916
8922
8924
8927
8927
8930
8931
8934
8939
8945
8945
8947
8949
8954
8957
8963
8966
8976
8977
8978
8979
8988
8991
8999
9004
9004
9009
9010
9016
9017
9029
9030
9031
9037
9038
9045
9048
9049
9050
9051
9053
9055
9055
9056
9057
9057
9061
9062
9063
9064
9068
9073
9074
9075
9077
9079
9088
9089
9097
9097
9099
9102
9104
9105
9106
9107
9111
9114
9115
9123
9125
9127
9127
9138
9147
9152
9157
9157
9160
9162
9162
9164
9174
9180
9184
9191
9193
9193
9195
9197
9198
9199
9199
9201
9205
9208
9212
9231
9232
9233
9239
9253
9259
9260
9262
9262
9265
9266
9271
9273
9278
9285
9296
9306
9306
9315
9317
9318
9318
9322
9324
9331
9342
9344
9350
9350
9351
9353
9358
9361
9361
9363
9364
9365
9365
9368
9380
9381
9381
9382
9386
9394
9395
9403
9406
9410
9415
9424
9426
9432
9434
9446
9449
9449
9450
9450
9454
9459
9465
9469
9475
9482
9483
9487
9488
9492
9506
9507
9507
9508
9512
9512
9516
9516
9520
9520
9523
9524
9524
9527
9528
9529
9529
9539
9541
9541
9545
9547
9554
9558
9564
9565
9567
9569
9572
9574
9575
9577
9577
9579
9582
9583
9597
9597
9600
9601
9602
9607
9610
9619
9626
9626
9627
9634
9643
9648
9649
9650
9655
9663
9670
9673
9674
9675
9678
9679
9682
9687
9687
9688
9688
9692
9692
9695
9696
9696
9696
9700
9703
9714
9719
9723
9732
9741
9746
9751
9752
9760
9762
9762
9763
9764
9768
9768
9769
9769
9780
9780
9784
9786
9794
9797
9802
9805
9810
9811
9815
9817
9820
9823
9830
9836
9836
9844
9845
9846
9847
9851
9852
9854
9856
9863
9864
9875
9876
9877
9879
9882
9882
9886
9889
9889
9891
9894
9894
9895
9902
9902
9907
9908
9909
9910
9911
9917
9930
9935
9938
9938
9941
9943
9951
9954
9955
9956
9957
9961
9962
9964
9966
9971
9972
9981
9982
9984
9984
9987
9990
9991
9994
10004
10012
10020
10025
10025
10025
10026
10027
10031
10035
10039
10040
10045
10061
10062
10065
10067
10067
10068
10070
10070
10070
10073
10086
10087
10091
10093
10095
10101
10111
10117
10123
10135
10143
10146
10157
10161
10170
10173
10174
10175
10178
10180
10180
10183
10185
10192
10195
10196
10197
10202
10203
10203
10204
10212
10213
10213
10216
10223
10224
10225
10226
10227
10233
10234
10235
10237
10239
10239
10241
10242
10242
10244
10250
10255
10255
10257
10263
10268
10270
10280
10281
10288
10288
10291
10299
10308
10312
10315
10317
10318
10320
10321
10322
10324
10326
10328
10329
10339
10341
10343
10348
10354
10357
10360
10366
10367
10376
10376
10378
10381
10384
10387
10392
10407
10410
10412
10418
10424
10426
10431
10434
10452
10459
10459
10460
10461
10469
10473
10473
10474
10489
10494
10498
10499
10504
10507
10517
10519
10523
10524
10527
10527
10534
10536
10538
10542
10547
10548
10554
10557
10558
10559
10562
10566
10576
10578
10583
10586
10593
10597
10610
10611
10612
10614
10617
10619
10620
10623
10630
10637
10640
10641
10642
10645
10646
10650
10653
10662
10665
10666
10667
10667
10669
10678
10679
10683
10684
10684
10687
10689
10689
10691
10692
10698
10698
10699
10701
10702
10703
10709
10714
10720
10726
10730
10731
10731
10737
10737
10743
10744
10747
10750
10752
10752
10754
10755
10755
10756
10758
10774
10781
10784
10784
10787
10796
10797
10802
10803
10804
10807
10809
10810
10815
10816
10826
10828
10831
10832
10838
10845
10859
10860
10864
10866
10871
10875
10879
10881
10884
10888
10892
10892
10899
10902
10923
10925
10926
10927
10928
10929
10939
10941
10944
10946
10953
10955
10958
10961
10961
10965
10966
10968
10971
10973
10976
10979
10979
10981
10982
10983
10988
10989
10989
10992
10997
10997
10999
11001
11001
11007
11024
11027
11027
11031
11036
11042
11042
11052
11052
11052
11057
11058
11060
11068
11068
11074
11074
11085
11088
11090
11091
11092
11096
11101
11102
11103
11113
11114
11116
11118
11119
11125
11126
11130
11132
11133
11135
11138
11140
11142
11142
11143
11146
11156
11162
11162
11163
11180
11184
11189
11195
11198
11199
11201
11201
11202
11207
11211
11212
11217
11218
11218
11222
11222
11230
11232
11234
11241
11244
11249
11250
11252
11253
11254
11260
11261
11265
11268
11269
11272
11272
11276
11286
11287
11289
11290
11294
11295
11295
11300
11300
11303
11303
11305
11306
11309
11310
11314
11315
11315
11320
11323
11327
11334
11335
11336
11344
11345
11346
11348
11356
11358
11364
11364
11374
11374
11378
11380
11384
11390
11394
11398
11400
11403
11403
11405
11413
11413
11415
11417
11417
11428
11434
11434
11435
11436
11439
11442
11451
11452
11454
11455
11455
11459
11461
11470
11478
11479
11485
11486
11487
11487
11492
11493
11494
11508
11516
11516
11516
11517
11521
11526
11533
11535
11538
11542
11543
11547
11547
11550
11550
11553
11554
11555
11555
11558
11562
11563
11564
11567
11569
11578
11579
11582
11589
11593
11599
11599
11603
11613
11613
11615
11616
11617
11622
11625
11625
11626
11633
11633
11634
11634
11634
11645
11648
11657
11658
11660
11668
11677
11682
11689
11691
11692
11693
11703
11706
11708
11709
11717
11720
11720
11721
11727
11728
11728
11729
11731
11732
11737
11738
11740
11742
11742
11742
11743
11746
11746
11752
11753
11756
11758
11760
11768
11770
11774
11783
11784
11785
11787
11788
11793
11794
11794
11794
11796
11797
11800
11802
11805
11807
11808
11808
11811
11821
11830
11840
11840
11842
11843
11843
11845
11845
11846
11848
11849
11850
11852
11852
11855
11857
11858
11861
11865
11875
11883
11887
11887
11887
11893
11896
11904
11905
11906
11907
11910
11911
11911
11916
11918
11946
11951
11951
11952
11952
11964
11970
11975
11978
11981
11985
11993
11995
11997
11999
11999
12007
12008
12010
12013
12017
12018
12023
12027
12028
12033
12035
12037
12041
12042
12053
12054
12062
12069
12079
12082
12091
12095
12098
12099
12103
12107
12109
12110
12110
12127
12132
12132
12133
12133
12134
12134
12140
12141
12142
12144
12147
12148
12154
12154
12156
12167
12177
12182
12184
12184
12184
12187
12200
12201
12201
12205
12209
12211
12219
12220
12222
12222
12222
12223
12224
12234
12238
12247
12248
12251
12253
12253
12255
12256
12259
12259
12260
12272
12274
12279
12287
12287
12295
12297
12298
12301
12302
12308
12313
12327
12329
12329
12338
12340
12342
12374
12374
12374
12381
12387
12388
12390
12390
12391
12393
12405
12406
12416
12423
12425
12426
12427
12429
12431
12431
12432
12433
12436
12438
12439
12445
12452
12458
12465
12465
12466
12476
12479
12481
12482
12482
12488
12493
12499
12517
12517
12517
12519
12519
12520
12522
12525
12531
12538
12539
12542
12546
12547
12547
12550
12552
12560
12568
12569
12575
12577
12585
12585
12586
12586
12589
12591
12593
12601
12603
12606
12607
12608
12618
12622
12626
12644
12647
12647
12653
12655
12656
12660
12664
12667
12668
12668
12671
12671
12671
12684
12685
12687
12690
12692
12694
12696
12697
12700
12707
12707
12711
12712
12714
12715
12718
12719
12724
12728
12731
12734
12737
12741
12748
12751
12759
12763
12766
12767
12768
12768
12769
12770
12771
12771
12772
12772
12774
12780
12780
12780
12782
12783
12784
12784
12784
12786
12788
12788
12791
12792
12792
12794
12796
12797
12799
12805
12805
12808
12810
12814
12817
12821
12824
12827
12832
12834
12835
12837
12838
12838
12842
12844
12846
12850
12851
12857
12868
12870
12872
12874
12875
12875
12877
12877
12881
12892
12893
12895
12896
12908
12910
12919
12925
12928
12931
12933
12937
12945
12947
12948
12951
12956
12956
12963
12967
12971
12975
12984
12985
12988
12990
12991
12995
12999
13000
13006
13008
13015
13016
13019
13021
13022
13024
13025
13025
13029
13032
13033
13036
13037
13037
13038
13038
13046
13047
13049
13050
13054
13064
13072
13072
13072
13073
13073
13076
13082
13083
13084
13086
13091
13098
13099
13102
13104
13109
13117
13118
13120
13121
13121
13123
13126
13134
13139
13139
13141
13141
13145
13156
13166
13167
13168
13169
13169
13172
13177
13177
13180
13182
13190
13196
13198
13212
13212
13213
13214
13217
13221
13224
13229
13230
13234
13237
13239
13247
13252
13253
13254
13257
13260
13264
13269
13274
13276
13279
13281
13286
13288
13289
13294
13296
13297
13298
13305
13306
13306
13312
13313
13313
13319
13321
13324
13324
13324
13327
13338
13339
13339
13347
13352
13353
13355
13357
13360
13360
13362
13365
13369
13372
13376
13377
13378
13383
13384
13399
13399
13404
13405
13407
13411
13415
13420
13423
13438
13440
13441
13446
13446
13449
13452
13453
13456
13457
13460
13466
13467
13468
13474
13475
13476
13477
13478
13493
13495
13499
13500
13502
13503
13506
13508
13510
13510
13512
13515
13519
13527
13530
13532
13533
13542
13544
13545
13547
13552
13559
13562
13566
13567
13572
13575
13575
13577
13581
13583
13587
13588
13597
13598
13599
13603
13603
13604
13609
13613
13615
13622
13623
13631
13639
13644
13647
13650
13653
13655
13668
13669
13669
13672
13677
13693
13693
13695
13704
13704
13706
13711
13714
13716
13719
13721
13722
13726
13727
13727
13727
13728
13728
13732
13733
13735
13738
13738
13739
13742
13746
13747
13752
13755
13757
13757
13760
13764
13766
13768
13769
13772
13774
13775
13776
13779
13785
13793
13796
13802
13806
13808
13811
13812
13817
13817
13820
13823
13829
13831
13836
13837
13838
13840
13842
13844
13856
13857
13857
13860
13872
13873
13876
13881
13885
13895
13903
13905
13907
13911
13913
13914
13914
13914
13915
13919
13919
13926
13927
13930
13938
13945
13955
13960
13962
13975
13976
13985
14008
14010
14018
14018
14019
14023
14032
14033
14036
14041
14041
14047
14050
14058
14059
14060
14067
14072
14084
14086
14087
14090
14092
14094
14100
14100
14101
14106
14110
14111
14116
14119
14127
14130
14133
14136
14138
14138
14139
14142
14143
14146
14149
14156
14165
14169
14176
14177
14179
14183
14186
14193
14194
14195
14196
14204
14205
14209
14210
14210
14214
14215
14215
14216
14221
14223
14228
14228
14232
14234
14239
14242
14244
14254
14256
14260
14261
14262
14266
14268
14270
14274
14281
14283
14283
14285
14289
14294
14295
14295
14297
14304
14307
14308
14311
14312
14314
14314
14318
14322
14323
14325
14327
14328
14341
14347
14354
14361
14362
14364
14368
14370
14374
14389
14392
14392
14398
14402
14405
14407
14408
14408
14409
14415
14425
14427
14429
14437
14451
14452
14455
14456
14463
14463
14466
14466
14475
14477
14478
14487
14495
14495
14500
14501
14501
14501
14502
14505
14511
14514
14516
14517
14518
14519
14528
14529
14536
14546
14547
14554
14556
14563
14564
14566
14572
14573
14573
14576
14576
14582
14585
14589
14592
14597
14602
14607
14609
14609
14610
14626
14629
14645
14645
14651
14652
14657
14658
14659
14660
14667
14668
14676
14676
14681
14683
14684
14684
14685
14686
14687
14689
14695
14698
14699
14699
14705
14711
14718
14720
14720
14726
14727
14739
14744
14747
14751
14756
14767
14769
14772
14773
14777
14780
14782
14786
14788
14788
14789
14795
14798
14801
14803
14807
14807
14810
14811
14814
14821
14827
14828
14834
14844
14862
14872
14874
14877
14883
14885
14892
14893
14898
14900
14901
14904
14905
14912
14912
14913
14922
14924
14925
14927
14928
14928
14930
14935
14937
14942
14944
14957
14961
14970
14985
14987
14988
14994
14998
15002
15005
15012
15015
15021
15023
15027
15028
15031
15035
15038
15038
15040
15041
15041
15046
15052
15054
15059
15059
15062
15066
15068
15069
15071
15071
15072
15079
15083
15090
15093
15100
15102
15106
15111
15115
15118
15121
15122
15122
15123
15124
15126
15137
15139
15142
15144
15145
15146
15150
15151
15152
15155
15156
15156
15163
15164
15165
15168
15169
15171
15174
15181
15182
15195
15195
15200
15202
15212
15215
15216
15217
15219
15227
15235
15238
15251
15254
15256
15257
15262
15264
15265
15266
15267
15270
15275
15275
15278
15282
15284
15286
15288
15290
15296
15299
15306
15323
15323
15325
15326
15327
15327
15328
15330
15331
15337
15338
15339
15343
15349
15351
15353
15355
15362
15364
15367
15367
15370
15371
15372
15372
15377
15379
15379
15380
15385
15392
15392
15403
15410
15412
15413
15415
15416
15424
15433
15435
15448
15454
15456
15456
15459
15465
15465
15468
15470
15474
15477
15479
15482
15483
15484
15488
15489
15489
15492
15493
15496
15497
15497
15498
15505
15507
15508
15522
15523
15524
15524
15529
15529
15536
15538
15543
15545
15551
15552
15553
15556
15556
15561
15561
15562
15564
15566
15569
15574
15580
15584
15585
15588
15589
15589
15591
15592
15592
15596
15601
15601
15601
15605
15611
15616
15621
15623
15628
15637
15640
15643
15644
15653
15654
15662
15670
15672
15672
15677
15680
15684
15685
15688
15691
15693
15704
15705
15717
15718
15721
15724
15726
15733
15737
15737
15742
15743
15746
15747
15751
15759
15760
15769
15770
15776
15778
15782
15787
15791
15792
15793
15797
15803
15805
15808
15812
15812
15817
15819
15821
15824
15831
15834
15834
15842
15845
15864
15866
15867
15868
15869
15872
15874
15878
15878
15880
15884
15884
15885
15888
15888
15894
15896
15900
15901
15904
15906
15908
15911
15913
15917
15920
15921
15922
15924
15926
15927
15934
15934
15936
15939
15946
15948
15949
15949
15951
15953
15956
15960
15964
15965
15970
15973
15974
15977
15977
15979
15982
15982
15986
15988
15993
15993
15993
15997
16001
16007
16011
16013
16018
16019
16025
16031
16037
16047
16053
16053
16054
16055
16057
16060
16060
16064
16067
16069
16072
16078
16091
16091
16103
16104
16105
16106
16114
16114
16119
16126
16128
16129
16133
16134
16138
16139
16143
16146
16146
16148
16153
16153
16156
16157
16157
16168
16174
16178
16180
16180
16188
16188
16190
16191
16196
16198
16198
16200
16200
16200
16202
16203
16204
16207
16211
16212
16213
16215
16215
16216
16218
16223
16224
16233
16234
16234
16235
16238
16240
16243
16244
16246
16246
16254
16257
16257
16262
16265
16265
16267
16274
16275
16276
16276
16276
16280
16285
16285
16288
16289
16290
16294
16294
16299
16301
16314
16318
16321
16322
16330
16333
16335
16336
16339
16344
16345
16348
16352
16353
16354
16356
16362
16363
16363
16365
16366
16368
16369
16371
16373
16373
16376
16380
16380
16381
16381
16383
16384
16389
16391
16391
16392
16392
16393
16398
16402
16408
16409
16414
16418
16423
16423
16425
16431
16433
16436
16442
16443
16444
16449
16456
16458
16463
16466
16471
16472
16472
16474
16475
16488
16490
16497
16499
16505
16506
16507
16513
16518
16547
16548
16551
16562
16563
16567
16574
16574
16575
16582
16582
16585
16586
16589
16591
16591
16593
16593
16601
16607
16608
16609
16621
16627
16630
16637
16638
16639
16641
16641
16643
16646
16649
16651
16658
16660
16661
16662
16662
16662
16663
16663
16663
16673
16674
16677
16681
16681
16682
16685
16687
16690
16690
16691
16693
16705
16711
16722
16728
16730
16732
16735
16737
16739
16739
16740
16741
16745
16747
16751
16752
16752
16764
16768
16774
16776
16779
16781
16784
16786
16796
16796
16798
16800
16801
16802
16810
16816
16821
16824
16830
16830
16831
16832
16834
16839
16839
16840
16842
16844
16850
16851
16854
16864
16866
16868
16884
16885
16886
16893
16895
16896
16897
16899
16901
16903
16904
16910
16912
16913
16913
16914
16916
16920
16923
16930
16931
16939
16940
16941
16943
16947
16952
16954
16957
16957
16958
16960
16961
16965
16968
16969
16969
16971
16973
16977
16984
16986
17001
17001
17003
17005
17006
17007
17007
17011
17018
17020
17022
17024
17027
17029
17030
17038
17038
17048
17049
17050
17052
17055
17066
17072
17079
17082
17091
17094
17098
17102
17103
17104
17108
17110
17111
17112
17115
17120
17121
17129
17140
17148
17148
17153
17154
17157
17159
17159
17160
17160
17163
17164
17165
17166
17169
17170
17174
17176
17177
17179
17179
17182
17188
17189
17196
17197
17197
17199
17204
17210
17210
17213
17218
17218
17220
17221
17221
17229
17237
17249
17258
17261
17265
17268
17268
17270
17270
17273
17283
17287
17287
17292
17293
17297
17298
17301
17304
17305
17306
17309
17314
17317
17317
17319
17323
17328
17332
17336
17338
17339
17345
17346
17347
17351
17352
17353
17361
17362
17363
17363
17364
17366
17375
17375
17376
17383
17384
17385
17386
17393
17394
17394
17398
17400
17406
17411
17419
17420
17424
17424
17425
17429
17439
17450
17450
17455
17457
17459
17459
17459
17461
17467
17471
17477
17485
17495
17495
17495
17498
17505
17507
17508
17511
17516
17520
17523
17524
17535
17541
17544
17546
17546
17547
17548
17550
17551
17554
17557
17557
17562
17564
17569
17570
17571
17575
17577
17580
17601
17602
17609
17620
17633
17636
17637
17649
17651
17653
17653
17654
17656
17657
17663
17665
17666
17670
17682
17685
17695
17695
17696
17700
17701
17705
17707
17713
17714
17716
17717
17720
17723
17723
17727
17727
17731
17733
17734
17735
17736
17741
17751
17751
17757
17758
17759
17761
17762
17763
17765
17766
17767
17771
17771
17774
17777
17785
17789
17795
17797
17797
17802
17813
17814
17815
17817
17821
17824
17827
17831
17835
17852
17854
17855
17873
17873
17877
17878
17881
17882
17884
17900
17900
17904
17908
17909
17915
17919
17919
17923
17934
17935
17943
17945
17946
17948
17950
17952
17959
17960
17960
17960
17968
17968
17969
17974
17976
17981
17985
17986
17991
17993
17994
18013
18018
18022
18027
18033
18034
18035
18038
18044
18045
18047
18048
18051
18061
18065
18066
18067
18073
18073
18079
18083
18088
18095
18101
18105
18107
18110
18110
18111
18112
18114
18123
18123
18126
18128
18130
18133
18138
18139
18148
18155
18164
18164
18165
18170
18172
18173
18174
18180
18181
18183
18195
18209
18212
18212
18220
18222
18223
18224
18226
18230
18235
18237
18238
18241
18250
18252
18254
18256
18260
18261
18261
18263
18271
18276
18283
18287
18289
18290
18293
18296
18302
18309
18313
18322
18328
18328
18332
18336
18342
18343
18344
18346
18347
18347
18355
18359
18359
18363
18367
18368
18370
18372
18377
18387
18389
18392
18392
18395
18395
18403
18405
18405
18411
18422
18425
18430
18431
18434
18436
18444
18450
18456
18458
18464
18464
18466
18467
18467
18468
18475
18479
18484
18485
18485
18492
18500
18500
18501
18505
18508
18509
18515
18518
18520
18523
18528
18528
18532
18532
18536
18543
18547
18547
18550
18571
18584
18586
18588
18592
18599
18603
18603
18603
18604
18611
18615
18615
18620
18631
18633
18633
18638
18642
18642
18646
18655
18661
18676
18677
18681
18685
18687
18689
18694
18695
18695
18699
18700
18706
18710
18711
18712
18713
18718
18727
18729
18730
18736
18737
18741
18743
18743
18745
18746
18747
18748
18751
18751
18755
18758
18759
18761
18766
18772
18775
18784
18786
18787
18790
18792
18794
18795
18796
18799
18801
18804
18805
18806
18808
18809
18814
18817
18824
18824
18829
18830
18831
18834
18835
18835
18837
18839
18839
18847
18854
18855
18858
18861
18864
18866
18870
18872
18877
18878
18884
18886
18892
18899
18899
18901
18902
18908
18915
18916
18917
18921
18927
18928
18928
18932
18934
18939
18942
18942
18943
18946
18948
18949
18950
18953
18956
18956
18957
18969
18970
18972
18973
18976
18978
18979
18980
18981
18986
18996
18998
19001
19002
19003
19011
19015
19026
19026
19033
19033
19034
19037
19040
19045
19047
19052
19054
19054
19054
19055
19059
19078
19079
19083
19090
19096
19097
19097
19115
19116
19119
19122
19125
19127
19129
19133
19133
19139
19139
19139
19145
19150
19154
19155
19156
19157
19157
19162
19163
19164
19176
19178
19179
19179
19186
19186
19192
19195
19195
19195
19199
19199
19204
19206
19209
19212
19213
19215
19217
19219
19220
19227
19228
19232
19232
19233
19235
19238
19240
19241
19242
19244
19251
19255
19262
19265
19265
19272
19273
19273
19274
19274
19277
19284
19285
19286
19292
19296
19297
19300
19300
19301
19302
19303
19305
19309
19310
19319
19324
19326
19330
19334
19336
19338
19339
19340
19365
19367
19374
19381
19386
19387
19388
19402
19409
19411
19412
19414
19414
19415
19421
19421
19424
19427
19427
19430
19431
19438
19443
19444
19449
19449
19451
19451
19451
19452
19454
19457
19458
19458
19467
19471
19471
19481
19485
19488
19488
19494
19499
19499
19508
19515
19521
19522
19525
19531
19537
19537
19546
19546
19547
19554
19555
19557
19560
19562
19562
19563
19564
19565
19569
19571
19576
19580
19581
19590
19591
19592
19596
19598
19604
19604
19606
19608
19614
19617
19633
19638
19645
19645
19647
19647
19650
19650
19655
19656
19657
19660
19669
19678
19681
19681
19684
19693
19700
19709
19713
19715
19718
19730
19735
19737
19740
19744
19750
19752
19754
19754
19755
19760
19763
19763
19763
19772
19773
19778
19780
19785
19786
19792
19792
19797
19800
19801
19807
19807
19811
19820
19821
19823
19823
19825
19828
19831
19833
19834
19844
19847
19851
19852
19857
19857
19858
19859
19865
19880
19881
19882
19923
19927
19927
19928
19928
19929
19930
19931
19932
19935
19940
19941
19943
19947
19947
19947
19977
19977
19981
19982
19983
19986
19987
19989
19992
19993
19995
19996
19996
19997
19998
20002
20004
20006
20006
20015
20015
20018
20020
20022
20023
20026
20028
20029
20032
20038
20041
20041
20041
20044
20044
20044
20050
20051
20053
20054
20057
20060
20067
20067
20067
20068
20071
20071
20077
20081
20086
20087
20089
20101
20102
20105
20109
20115
20119
20119
20121
20125
20129
20129
20131
20135
20141
20144
20144
20147
20153
20160
20161
20174
20178
20184
20187
20188
20190
20190
20191
20196
20196
20200
20204
20204
20206
20208
20209
20211
20211
20213
20215
20222
20230
20242
20244
20250
20252
20253
20255
20261
20269
20273
20281
20282
20283
20283
20285
20299
20303
20308
20308
20314
20315
20319
20324
20325
20327
20331
20334
20335
20337
20342
20346
20353
20355
20357
20358
20362
20367
20367
20370
20372
20373
20376
20376
20376
20378
20380
20383
20383
20387
20393
20395
20396
20397
20397
20399
20404
20405
20413
20413
20416
20420
20421
20422
20426
20431
20433
20440
20442
20446
20447
20456
20459
20462
20462
20476
20478
20478
20480
20482
20486
20488
20490
20501
20503
20505
20520
20521
20527
20529
20533
20546
20550
20558
20563
20565
20565
20573
20582
20583
20584
20587
20588
20593
20598
20600
20601
20603
20606
20607
20610
20612
20614
20620
20625
20631
20635
20639
20657
20662
20664
20665
20668
20668
20673
20673
20674
20679
20683
20684
20685
20692
20696
20701
20702
20703
20710
20710
20720
20726
20730
20732
20733
20735
20735
20738
20739
20739
20745
20745
20750
20752
20752
20766
20769
20770
20770
20772
20772
20774
20776
20796
20799
20800
20804
20807
20809
20809
20813
20815
20816
20818
20824
20836
20837
20838
20842
20843
20845
20845
20851
20854
20858
20858
20865
20871
20875
20876
20878
20882
20883
20883
20886
20888
20893
20894
20895
20895
20896
20897
20900
20903
20904
20904
20907
20909
20912
20915
20918
20919
20925
20926
20927
20928
20930
20931
20936
20938
20939
20939
20939
20953
20954
20956
20958
20961
20961
20963
20965
20966
20973
20976
20977
20979
20981
20989
20991
20993
20996
21013
21014
21017
21017
21020
21022
21029
21029
21030
21037
21047
21049
21052
21053
21068
21068
21073
21075
21085
21086
21087
21090
21099
21100
21105
21107
21110
21113
21127
21130
21134
21134
21138
21140
21141
21146
21155
21157
21162
21164
21169
21172
21172
21175
21176
21177
21177
21184
21189
21191
21193
21194
21194
21197
21199
21220
21225
21227
21239
21240
21243
21243
21260
21267
21268
21271
21275
21276
21285
21287
21290
21290
21297
21316
21316
21318
21322
21325
21325
21327
21328
21332
21336
21337
21342
21357
21357
21358
21359
21359
21361
21361
21364
21364
21364
21365
21367
21368
21376
21377
21378
21381
21382
21383
21384
21387
21390
21392
21399
21400
21404
21408
21409
21412
21413
21414
21418
21420
21421
21421
21421
21426
21426
21429
21433
21434
21435
21443
21443
21444
21446
21448
21453
21458
21460
21462
21465
21466
21466
21469
21469
21470
21471
21471
21484
21487
21489
21492
21500
21500
21501
21501
21503
21507
21508
21509
21511
21512
21517
21519
21522
21522
21525
21525
21525
21526
21526
21532
21537
21539
21539
21539
21541
21544
21545
21549
21550
21559
21560
21564
21567
21573
21573
21573
21577
21578
21578
21580
21580
21583
21585
21585
21590
21591
21593
21601
21604
21610
21611
21616
21616
21619
21621
21622
21628
21640
21645
21646
21653
21654
21661
21663
21677
21678
21684
21684
21688
21688
21693
21713
21715
21718
21721
21726
21730
21732
21734
21736
21740
21742
21742
21745
21747
21748
21753
21760
21762
21763
21765
21767
21768
21769
21775
21777
21777
21778
21785
21789
21789
21792
21792
21801
21802
21812
21813
21815
21816
21821
21830
21831
21833
21849
21855
21855
21856
21861
21862
21863
21865
21867
21869
21875
21876
21878
21882
21887
21887
21896
21899
21905
21914
21915
21920
21923
21923
21924
21931
21939
21947
21947
21947
21951
21953
21954
21955
21964
21972
21987
21988
21988
22000
22001
22002
22004
22006
22008
22018
22020
22020
22020
22022
22023
22024
22041
22045
22046
22047
22054
22057
22064
22064
22070
22072
22077
22078
22079
22085
22086
22090
22098
22099
22102
22108
22111
22116
22117
22119
22122
22124
22133
22141
22142
22148
22157
22163
22164
22165
22165
22167
22171
22173
22173
22173
22173
22188
22196
22198
22206
22208
22208
22210
22213
22214
22214
22216
22221
22222
22232
22235
22236
22238
22238
22241
22251
22258
22265
22265
22272
22275
22276
22280
22282
22288
22295
22300
22302
22302
22304
22304
22305
22306
22307
22307
22308
22314
22329
22335
22345
22345
22346
22346
22349
22350
22352
22359
22359
22363
22363
22364
22365
22367
22377
22378
22379
22380
22380
22383
22386
22389
22389
22395
22395
22397
22398
22399
22404
22406
22410
22413
22418
22422
22436
22439
22439
22442
22443
22450
22452
22453
22457
22463
22468
22469
22470
22478
22479
22480
22483
22485
22492
22495
22496
22499
22499
22500
22504
22513
22515
22518
22521
22523
22532
22534
22535
22541
22542
22542
22543
22545
22552
22556
22559
22561
22564
22566
22570
22574
22591
22596
22596
22602
22608
22611
22614
22615
22617
22627
22628
22635
22637
22648
22648
22650
22657
22657
22660
22668
22669
22677
22680
22684
22687
22688
22691
22695
22698
22701
22709
22710
22711
22722
22727
22728
22734
22746
22752
22759
22768
22771
22771
22772
22774
22775
22782
22785
22787
22792
22793
22794
22795
22802
22803
22808
22810
22812
22813
22813
22813
22814
22814
22816
22827
22829
22830
22830
22833
22833
22834
22836
22837
22838
22855
22856
22856
22856
22856
22858
22867
22870
22879
22879
22884
22885
22893
22893
22897
22902
22905
22911
22912
22914
22923
22923
22924
22925
22926
22926
22932
22933
22937
22940
22941
22952
22953
22958
22960
22960
22963
22967
22968
22975
22977
22983
22987
22989
22993
22993
22995
22997
23004
23004
23007
23012
23017
23021
23024
23026
23027
23030
23033
23035
23037
23039
23040
23058
23059
23060
23066
23066
23070
23074
23076
23076
23078
23084
23087
23089
23101
23101
23105
23106
23114
23119
23128
23136
23137
23144
23146
23147
23148
23150
23152
23159
23159
23161
23166
23169
23170
23171
23176
23177
23183
23185
23188
23193
23195
23196
23196
23197
23200
23204
23205
23207
23209
23212
23213
23216
23223
23231
23239
23244
23246
23248
23250
23253
23255
23256
23259
23263
23267
23273
23275
23275
23276
23276
23280
23280
23281
23283
23286
23288
23291
23292
23295
23300
23301
23301
23308
23312
23315
23318
23333
23333
23335
23341
23342
23345
23347
23350
23351
23356
23360
23368
23369
23375
23376
23380
23384
23388
23399
23401
23411
23412
23414
23415
23419
23420
23420
23427
23428
23429
23429
23434
23444
23445
23450
23451
23454
23454
23459
23460
23470
23473
23475
23476
23482
23484
23486
23487
23489
23490
23494
23497
23503
23505
23505
23508
23509
23515
23519
23523
23527
23532
23533
23538
23539
23544
23555
23561
23577
23580
23582
23585
23587
23588
23589
23591
23591
23592
23600
23601
23601
23604
23604
23605
23606
23607
23614
23620
23620
23625
23626
23627
23629
23631
23635
23636
23643
23647
23651
23656
23659
23661
23675
23677
23679
23687
23690
23692
23695
23702
23705
23706
23709
23709
23711
23712
23713
23721
23726
23727
23728
23730
23732
23733
23736
23743
23749
23749
23759
23770
23771
23771
23771
23777
23785
23785
23786
23788
23796
23797
23797
23799
23802
23804
23805
23808
23817
23819
23820
23825
23825
23841
23841
23849
23852
23854
23855
23859
23861
23863
23865
23866
23866
23876
23879
23882
23884
23885
23889
23894
23896
23898
23900
23906
23909
23909
23909
23910
23910
23912
23912
23913
23925
23929
23933
23937
23938
23942
23945
23948
23949
23950
23951
23963
23970
23974
23981
23981
23982
23987
23988
23993
24002
24002
24002
24002
24009
24011
24014
24015
24021
24022
24026
24029
24036
24048
24048
24049
24053
24056
24060
24062
24063
24064
24066
24068
24069
24073
24080
24083
24087
24098
24098
24099
24103
24104
24109
24111
24117
24119
24120
24123
24125
24125
24129
24133
24135
24138
24139
24144
24153
24156
24157
24163
24165
24176
24179
24186
24186
24189
24193
24197
24203
24207
24209
24211
24212
24212
24217
24229
24231
24233
24238
24238
24240
24247
24248
24252
24252
24254
24256
24258
24263
24263
24266
24266
24267
24270
24270
24301
24302
24306
24312
24321
24325
24325
24326
24327
24329
24330
24331
24332
24332
24337
24341
24345
24350
24350
24351
24354
24356
24360
24361
24364
24366
24370
24370
24371
24378
24378
24378
24380
24382
24383
24386
24386
24392
24395
24395
24397
24397
24398
24403
24403
24404
24405
24406
24406
24408
24409
24409
24413
24415
24416
24417
24420
24420
24422
24422
24423
24425
24427
24428
24438
24442
24449
24453
24454
24466
24468
24468
24468
24474
24475
24477
24478
24489
24490
24490
24499
24500
24505
24506
24508
24514
24516
24519
24520
24539
24542
24545
24549
24560
24564
24566
24570
24570
24571
24578
24581
24584
24586
24586
24588
24589
24590
24596
24599
24608
24611
24613
24613
24614
24616
24618
24620
24623
24624
24629
24630
24635
24637
24639
24645
24647
24649
24652
24656
24658
24661
24664
24666
24683
24695
24697
24701
24706
24715
24722
24727
24730
24734
24737
24740
24748
24755
24759
24766
24768
24769
24769
24773
24774
24775
24780
24781
24781
24784
24793
24793
24797
24798
24799
24801
24809
24809
24809
24811
24814
24815
24815
24815
24816
24817
24820
24824
24825
24827
24828
24828
24830
24831
24834
24844
24845
24848
24849
24852
24854
24861
24863
24863
24867
24869
24878
24879
24880
24881
24891
24891
24895
24896
24897
24900
24903
24903
24904
24910
24914
24918
24919
24927
24936
24937
24940
24945
24946
24955
24959
24961
24964
24964
24967
24969
24970
24978
24979
24980
24981
24982
24986
24987
24994
25004
25004
25005
25006
25013
25013
25016
25026
25027
25035
25041
25042
25043
25047
25047
25047
25054
25055
25082
25084
25086
25086
25092
25096
25097
25098
25100
25101
25102
25105
25114
25115
25117
25119
25120
25126
25126
25133
25142
25144
25145
25147
25148
25151
25156
25158
25160
25169
25170
25177
25177
25179
25184
25188
25198
25200
25207
25210
25217
25217
25221
25224
25225
25233
25234
25236
25237
25243
25243
25248
25255
25261
25269
25271
25274
25282
25287
25293
25296
25299
25300
25301
25306
25309
25314
25316
25324
25326
25328
25328
25332
25332
25336
25338
25342
25350
25354
25356
25361
25364
25366
25368
25373
25382
25384
25387
25387
25390
25394
25399
25401
25402
25404
25405
25411
25411
25417
25422
25422
25427
25434
25445
25446
25447
25449
25450
25452
25455
25457
25458
25459
25466
25473
25479
25485
25486
25489
25497
25498
25499
25510
25511
25516
25516
25518
25519
25522
25524
25524
25532
25532
25533
25540
25542
25544
25549
25550
25561
25561
25565
25577
25579
25584
25585
25587
25592
25596
25596
25598
25599
25600
25601
25601
25603
25615
25617
25627
25629
25629
25630
25638
25643
25648
25653
25655
25655
25656
25656
25659
25660
25664
25666
25668
25669
25669
25671
25672
25681
25682
25688
25690
25691
25693
25693
25698
25700
25714
25718
25720
25725
25730
25730
25731
25732
25735
25750
25762
25763
25766
25770
25773
25775
25775
25781
25792
25794
25796
25798
25801
25807
25816
25821
25822
25829
25831
25836
25836
25836
25836
25837
25837
25838
25841
25846
25857
25861
25861
25862
25870
25872
25876
25884
25885
25888
25889
25889
25890
25890
25897
25898
25898
25902
25910
25910
25910
25911
25914
25916
25916
25922
25922
25925
25932
25933
25940
25940
25942
25942
25945
25945
25951
25957
25963
25966
25969
25970
25970
25972
25972
25975
25978
25981
25983
25990
26001
26009
26014
26017
26022
26028
26028
26036
26038
26039
26040
26044
26044
26046
26048
26048
26051
26051
26055
26059
26059
26065
26065
26066
26067
26067
26071
26071
26073
26074
26082
26085
26087
26089
26090
26092
26092
26092
26094
26095
26097
26103
26103
26105
26105
26106
26106
26112
26112
26113
26113
26114
26116
26117
26119
26121
26123
26125
26128
26130
26131
26131
26141
26143
26143
26149
26152
26159
26161
26171
26174
26182
26183
26184
26189
26192
26194
26197
26203
26204
26206
26207
26212
26214
26216
26218
26222
26223
26225
26229
26230
26233
26236
26245
26247
26253
26256
26259
26259
26262
26264
26264
26272
26280
26281
26281
26283
26283
26285
26288
26291
26294
26295
26301
26305
26308
26311
26311
26314
26325
26333
26337
26346
26349
26363
26365
26366
26367
26374
26377
26377
26378
26384
26385
26386
26388
26388
26394
26397
26398
26404
26405
26410
26411
26420
26428
26437
26438
26443
26444
26445
26446
26452
26452
26453
26460
26461
26463
26465
26466
26466
26472
26474
26476
26478
26483
26484
26487
26488
26495
26501
26502
26503
26504
26506
26507
26511
26515
26519
26519
26525
26529
26540
26548
26553
26556
26556
26571
26576
26582
26591
26592
26593
26594
26596
26599
26605
26612
26613
26613
26613
26618
26628
26631
26636
26638
26639
26642
26647
26647
26647
26649
26649
26656
26667
26670
26674
26677
26683
26688
26690
26697
26704
26705
26709
26729
26736
26741
26745
26746
26747
26751
26755
26758
26758
26761
26762
26770
26774
26776
26783
26785
26789
26791
26792
26793
26796
26798
26805
26807
26810
26812
26815
26819
26820
26830
26832
26832
26834
26835
26836
26838
26842
26852
26855
26856
26858
26860
26862
26864
26870
26872
26872
26873
26873
26875
26879
26879
26883
26888
26890
26893
26894
26899
26900
26904
26908
26912
26925
26929
26930
26934
26935
26936
26938
26939
26940
26940
26941
26944
26948
26951
26951
26955
26964
26967
26972
26972
26977
26979
26983
26983
26985
26986
26986
26986
26988
26990
26991
26997
27003
27014
27017
27018
27018
27021
27028
27031
27041
27050
27054
27054
27055
27055
27062
27064
27065
27068
27080
27081
27082
27084
27086
27087
27098
27100
27110
27113
27114
27115
27115
27119
27121
27123
27128
27130
27131
27132
27134
27136
27141
27142
27143
27146
27147
27155
27158
27167
27169
27172
27186
27187
27188
27189
27195
27199
27201
27202
27204
27207
27209
27213
27214
27223
27226
27228
27229
27235
27235
27236
27238
27239
27240
27249
27250
27261
27266
27268
27268
27278
27280
27280
27283
27288
27293
27294
27303
27303
27320
27324
27324
27327
27327
27330
27332
27334
27335
27339
27341
27343
27344
27346
27365
27368
27369
27375
27378
27378
27378
27390
27391
27392
27393
27395
27399
27400
27404
27413
27413
27418
27420
27421
27422
27426
27430
27433
27433
27440
27441
27441
27443
27445
27446
27446
27448
27448
27448
27451
27452
27452
27455
27455
27456
27458
27469
27478
27480
27482
27484
27487
27489
27495
27498
27500
27502
27504
27505
27513
27514
27514
27523
27526
27533
27536
27545
27545
27549
27554
27555
27556
27557
27559
27568
27568
27577
27577
27582
27583
27584
27585
27586
27587
27596
27597
27607
27609
27612
27615
27617
27618
27619
27620
27620
27624
27627
27630
27637
27645
27647
27649
27653
27656
27659
27660
27660
27660
27664
27665
27673
27676
27677
27679
27681
27687
27695
27695
27699
27701
27705
27705
27706
27715
27715
27716
27726
27734
27734
27735
27741
27741
27743
27743
27756
27757
27762
27763
27763
27764
27764
27769
27772
27779
27779
27786
27789
27797
27801
27801
27805
27806
27808
27810
27811
27812
27812
27813
27815
27816
27818
27822
27824
27839
27844
27845
27846
27848
27849
27852
27853
27857
27860
27865
27866
27868
27869
27871
27873
27875
27875
27879
27880
27901
27902
27903
27904
27908
27910
27913
27926
27933
27934
27936
27937
27937
27941
27944
27944
27955
27955
27955
27961
27963
27965
27967
27968
27969
27972
27979
27980
27985
27986
27992
27993
27995
27997
27998
28001
28002
28007
28012
28013
28016
28018
28019
28022
28024
28024
28037
28046
28046
28047
28048
28049
28061
28064
28065
28070
28072
28085
28086
28090
28091
28092
28095
28104
28106
28111
28117
28121
28133
28138
28138
28139
28140
28145
28149
28149
28158
28159
28165
28165
28165
28179
28192
28195
28198
28204
28205
28211
28213
28228
28230
28232
28241
28248
28249
28257
28259
28267
28271
28274
28280
28284
28288
28292
28299
28301
28303
28312
28314
28318
28319
28339
28345
28345
28346
28349
28351
28353
28354
28361
28367
28369
28375
28380
28382
28384
28386
28388
28391
28397
28400
28409
28424
28424
28425
28426
28430
28432
28432
28433
28435
28440
28444
28444
28446
28447
28456
28458
28459
28461
28465
28466
28467
28480
28483
28484
28485
28486
28486
28488
28489
28491
28491
28493
28496
28497
28500
28503
28503
28505
28513
28514
28520
28521
28541
28550
28557
28557
28558
28562
28566
28568
28568
28580
28583
28586
28589
28590
28594
28597
28600
28601
28604
28606
28606
28608
28609
28613
28615
28616
28618
28618
28619
28621
28623
28624
28625
28627
28628
28636
28639
28643
28649
28650
28650
28651
28663
28666
28668
28672
28679
28682
28684
28684
28684
28685
28686
28687
28688
28688
28689
28689
28690
28690
28691
28693
28703
28704
28708
28716
28718
28722
28725
28728
28731
28736
28740
28745
28749
28773
28776
28780
28783
28783
28786
28790
28791
28791
28794
28795
28795
28798
28799
28802
28805
28806
28806
28809
28810
28810
28812
28813
28813
28817
28833
28833
28851
28854
28855
28857
28858
28859
28863
28864
28866
28868
28870
28874
28879
28882
28882
28883
28884
28884
28885
28886
28892
28894
28894
28897
28899
28900
28900
28901
28909
28909
28911
28921
28927
28930
28932
28936
28937
28944
28946
28956
28958
28965
28967
28969
28972
28973
28973
28983
28984
28984
28987
28989
28990
28990
28993
28993
28997
28997
29002
29005
29016
29021
29035
29036
29038
29041
29041
29042
29047
29048
29048
29051
29056
29058
29076
29078
29080
29082
29084
29089
29096
29096
29097
29097
29100
29102
29103
29104
29109
29112
29116
29117
29121
29130
29130
29131
29132
29139
29140
29142
29149
29158
29158
29160
29160
29161
29161
29166
29167
29174
29174
29175
29175
29175
29176
29179
29180
29181
29184
29185
29188
29190
29192
29197
29198
29216
29217
29221
29222
29225
29230
29231
29239
29250
29251
29251
29254
29256
29266
29268
29275
29277
29277
29283
29287
29288
29289
29291
29293
29293
29300
29301
29313
29333
29339
29339
29340
29345
29346
29346
29353
29354
29356
29359
29360
29360
29361
29362
29368
29371
29372
29374
29379
29382
29384
29395
29397
29401
29405
29411
29411
29417
29417
29420
29422
29422
29422
29424
29425
29426
29430
29431
29449
29453
29456
29460
29462
29464
29464
29471
29474
29477
29490
29498
29498
29501
29503
29504
29505
29510
29516
29516
29519
29521
29522
29523
29526
29526
29535
29535
29539
29541
29541
29543
29544
29544
29546
29548
29548
29550
29557
29559
29562
29565
29567
29574
29580
29582
29584
29586
29588
29588
29594
29597
29599
29609
29610
29617
29618
29627
29636
29642
29643
29645
29651
29660
29661
29664
29671
29674
29674
29691
29692
29698
29699
29700
29702
29703
29705
29707
29707
29708
29711
29712
29713
29728
29729
29733
29737
29738
29741
29741
29743
29744
29746
29750
29761
29763
29766
29772
29773
29777
29784
29786
29791
29794
29799
29800
29809
29814
29816
29817
29818
29821
29829
29831
29832
29837
29844
29848
29858
29859
29859
29868
29868
29870
29871
29874
29877
29883
29893
29895
29908
29911
29917
29925
29932
29935
29935
29942
29949
29952
29957
29961
29964
29967
29969
29969
29969
29970
29974
29978
29978
29980
29993
30002
30010
30011
30012
30017
30020
30021
30024
30025
30036
30041
30043
30049
30053
30053
30065
30066
30066
30069
30072
30073
30073
30074
30074
30075
30084
30084
30084
30087
30091
30092
30098
30106
30107
30116
30119
30123
30127
30132
30133
30140
30143
30147
30148
30150
30150
30155
30157
30161
30167
30169
30171
30173
30175
30180
30183
30187
30189
30192
30199
30202
30204
30205
30212
30218
30223
30227
30227
30229
30233
30233
30234
30239
30239
30240
30250
30256
30262
30262
30263
30263
30269
30272
30273
30280
30281
30288
30292
30293
30297
30299
30302
30304
30305
30308
30312
30313
30314
30320
30327
30334
30334
30336
30338
30342
30344
30351
30358
30360
30362
30374
30379
30379
30381
30388
30391
30392
30395
30401
30402
30402
30404
30406
30410
30414
30415
30416
30417
30417
30418
30419
30419
30421
30428
30431
30432
30434
30435
30439
30440
30442
30449
30453
30453
30454
30456
30461
30468
30468
30469
30469
30473
30474
30475
30483
30484
30488
30492
30493
30504
30504
30508
30512
30518
30526
30528
30529
30546
30554
30557
30558
30564
30566
30566
30568
30575
30577
30577
30585
30588
30609
30610
30615
30616
30621
30627
30627
30628
30629
30631
30632
30637
30641
30644
30659
30670
30673
30674
30674
30677
30685
30690
30700
30700
30708
30711
30712
30714
30718
30720
30721
30726
30729
30730
30732
30732
30732
30735
30735
30743
30751
30751
30756
30766
30775
30779
30779
30779
30781
30784
30784
30789
30789
30790
30790
30790
30791
30792
30796
30802
30802
30803
30803
30804
30805
30805
30807
30809
30814
30818
30819
30822
30825
30830
30832
30833
30836
30845
30845
30845
30846
30855
30855
30856
30861
30864
30871
30874
30877
30877
30878
30885
30887
30902
30904
30913
30913
30928
30928
30935
30938
30939
30960
30960
30963
30966
30966
30967
30970
30971
30971
30975
30981
30984
30986
30987
30988
30991
30992
30999
31002
31019
31023
31023
31028
31029
31029
31029
31038
31040
31040
31042
31046
31047
31048
31050
31052
31053
31053
31057
31058
31058
31061
31062
31067
31074
31083
31085
31092
31096
31104
31110
31114
31115
31127
31132
31142
31142
31145
31147
31150
31153
31153
31155
31157
31158
31164
31169
31174
31177
31179
31179
31181
31183
31186
31189
31190
31194
31205
31207
31217
31217
31223
31225
31227
31233
31238
31241
31244
31250
31250
31262
31264
31266
31271
31273
31273
31276
31287
31289
31294
31299
31305
31306
31311
31311
31312
31315
31318
31320
31321
31321
31322
31325
31329
31332
31333
31335
31336
31339
31339
31342
31344
31345
31348
31351
31351
31351
31352
31354
31356
31357
31357
31362
31368
31370
31373
31376
31387
31391
31391
31392
31393
31403
31405
31408
31413
31414
31417
31418
31422
31428
31431
31452
31452
31453
31453
31454
31456
31457
31458
31462
31462
31464
31466
31466
31473
31475
31482
31493
31493
31497
31498
31499
31509
31510
31514
31520
31521
31523
31531
31532
31533
31534
31539
31540
31542
31546
31550
31555
31558
31560
31573
31577
31580
31584
31586
31587
31587
31588
31595
31598
31602
31604
31607
31610
31612
31613
31619
31620
31620
31624
31624
31627
31654
31655
31658
31664
31667
31680
31687
31688
31691
31697
31699
31701
31701
31704
31705
31713
31722
31722
31725
31725
31729
31732
31733
31735
31740
31742
31750
31756
31759
31759
31764
31765
31766
31775
31777
31779
31792
31795
31799
31799
31801
31804
31804
31813
31815
31818
31820
31821
31835
31839
31848
31849
31849
31851
31855
31855
31856
31861
31866
31869
31871
31871
31876
31877
31879
31879
31882
31886
31886
31890
31896
31901
31901
31902
31908
31924
31936
31942
31950
31953
31954
31958
31964
31964
31971
31976
31977
31989
31989
31996
32000
32002
32003
32004
32009
32013
32021
32025
32027
32030
32030
32031
32032
32044
32044
32046
32065
32080
32081
32083
32084
32084
32088
32089
32096
32098
32102
32107
32108
32111
32113
32118
32119
32126
32127
32129
32134
32146
32148
32149
32152
32153
32154
32158
32162
32166
32167
32171
32183
32193
32195
32196
32202
32205
32210
32210
32214
32215
32220
32227
32228
32229
32233
32234
32248
32254
32257
32266
32270
32276
32299
32302
32304
32313
32313
32318
32326
32327
32332
32333
32340
32345
32346
32348
32349
32351
32352
32353
32357
32358
32363
32364
32364
32365
32366
32369
32373
32379
32383
32384
32384
32385
32389
32399
32401
32401
32404
32405
32406
32408
32416
32423
32428
32431
32433
32434
32438
32445
32452
32452
32452
32456
32460
32461
32461
32461
32464
32465
32469
32472
32472
32475
32476
32481
32492
32493
32498
32513
32515
32515
32519
32524
32525
32532
32536
32537
32540
32540
32546
32547
32551
32554
32567
32569
32571
32574
32575
32578
32580
32583
32589
32590
32595
32598
32601
32602
32605
32606
32609
32609
32610
32611
32619
32620
32629
32629
32630
32631
32632
32633
32634
32636
32642
32647
32654
32654
32659
32660
32671
32685
32688
32689
32697
32699
32699
32701
32709
32709
32712
32715
32718
32720
32723
32735
32737
32738
32739
32747
32755
32765

