1000

11
26
27
29
30
33
52
60
74
86
91
96
99
103
105
114
117
120
129
136
153
161
164
173
177
180
194
205
217
234
237
240
242
246
272
276
279
279
291
292
296
311
327
332
347
371
389
401
410
413
415
419
420
429
435
441
444
452
463
466
469
483
484
485
491
494
496
529
533
549
554
555
557
558
564
567
567
567
571
573
574
587
589
603
614
623
625
631
633
636
643
645
652
653
675
680
684
688
703
711
719
752
766
777
780
790
790
797
800
801
804
818
820
820
851
854
861
869
885
895
896
897
907
908
912
914
918
931
936
939
945
946
952
952
965
991
994
1002
1030
1037
1048
1060
1071
1074
1076
1081
1087
1091
1100
1110
1112
1124
1130
1151
1155
1167
1186
1190
1200
1202
1208
1220
1248
1265
1307
1313
1318
1320
1333
1336
1343
1344
1346
1347
1350
1351
1352
1353
1356
1368
1369
1373
1375
1392
1393
1406
1413
1425
1437
1438
1455
1457
1465
1476
1484
1485
1487
1489
1493
1497
1500
1509
1510
1510
1517
1521
1530
1533
1551
1555
1557
1572
1574
1583
1595
1607
1624
1628
1637
1669
1673
1677
1682
1718
1734
1735
1772
1783
1802
1806
1806
1808
1808
1835
1838
1846
1866
1868
1895
1904
1915
1928
1931
1937
1941
1973
1991
1992
1995
2000
2024
2031
2032
2045
2049
2053
2053
2054
2059
2078
2080
2104
2110
2117
2154
2163
2166
2170
2171
2173
2176
2178
2195
2195
2197
2203
2205
2221
2223
2232
2233
2255
2259
2260
2267
2278
2279
2287
2290
2295
2300
2306
2318
2320
2326
2327
2330
2331
2331
2355
2359
2359
2362
2373
2379
2392
2425
2431
2448
2463
2473
2481
2482
2489
2492
2495
2495
2498
2503
2524
2529
2535
2542
2545
2580
2585
2592
2593
2596
2596
2603
2612
2618
2618
2629
2631
2632
2652
2661
2679
2690
2692
2695
2721
2730
2748
2763
2775
2783
2787
2794
2820
2821
2835
2846
2851
2852
2876
2911
2936
2980
2982
2992
2994
3002
3002
3007
3031
3040
3040
3046
3067
3073
3077
3091
3092
3096
3099
3110
3115
3116
3175
3175
3177
3202
3205
3214
3223
3223
3234
3244
3253
3266
3293
3302
3303
3304
3317
3318
3330
3357
3380
3401
3404
3423
3450
3462
3466
3467
3478
3480
3488
3499
3500
3502
3505
3514
3515
3523
3528
3538
3560
3564
3594
3628
3653
3676
3712
3724
3731
3736
3749
3760
3792
3799
3815
3820
3883
3888
3940
3956
3958
3958
3959
3962
3971
3973
3982
4025
4028
4030
4041
4043
4059
4074
4089
4094
4100
4103
4115
4117
4135
4177
4187
4203
4208
4241
4246
4255
4256
4263
4275
4281
4297
4317
4330
4334
4353
4357
4368
4391
4392
4417
4443
4448
4454
4458
4475
4486
4492
4494
4501
4506
4514
4515
4528
4536
4552
4555
4556
4573
4574
4576
4607
4611
4616
4620
4621
4621
4627
4628
4648
4650
4691
4695
4749
4783
4789
4792
4792
4798
4804
4807
4810
4815
4830
4836
4839
4856
4876
4891
4919
4930
4940
4942
4958
4966
4967
4994
5017
5031
5035
5040
5043
5060
5087
5088
5093
5101
5113
5115
5122
5125
5125
5129
5133
5140
5145
5157
5186
5192
5192
5213
5244
5263
5275
5276
5280
5283
5293
5350
5351
5382
5385
5437
5459
5460
5478
5493
5513
5515
5515
5526
5537
5539
5551
5566
5584
5585
5612
5623
5633
5654
5688
5697
5701
5704
5713
5754
5758
5759
5764
5768
5776
5787
5791
5796
5808
5809
5815
5816
5820
5844
5851
5870
5873
5876
5882
5893
5897
5903
5913
5943
5947
5948
5958
5969
5970
6014
6035
6036
6039
6041
6080
6088
6100
6124
6125
6134
6140
6153
6155
6160
6166
6179
6190
6196
6204
6242
6254
6282
6286
6295
6332
6368
6371
6372
6373
6375
6400
6411
6412
6429
6434
6439
6444
6452
6461
6465
6481
6488
6501
6503
6544
6555
6559
6566
6567
6572
6576
6577
6583
6593
6619
6619
6648
6665
6682
6703
6706
6712
6717
6734
6756
6759
6778
6795
6806
6824
6846
6848
6849
6875
6875
6880
6898
6901
6919
6922
6926
6926
6938
6940
6951
6951
6954
6955
6962
6963
6966
6969
6969
6971
6975
6985
7001
7008
7013
7032
7033
7035
7079
7091
7091
7091
7098
7104
7109
7126
7137
7163
7173
7184
7192
7202
7206
7207
7216
7235
7238
7240
7248
7255
7265
7278
7300
7305
7312
7315
7318
7326
7327
7349
7366
7372
7378
7394
7397
7409
7409
7411
7423
7428
7441
7445
7450
7460
7496
7498
7556
7559
7584
7601
7606
7610
7624
7634
7647
7668
7674
7685
7687
7696
7698
7700
7707
7715
7741
7754
7761
7768
7801
7803
7813
7819
7829
7834
7834
7837
7859
7860
7875
7904
7913
7963
7964
7965
7971
7974
8004
8007
8025
8046
8050
8053
8066
8069
8081
8083
8101
8103
8104
8115
8132
8135
8136
8149
8165
8165
8169
8178
8182
8215
8216
8222
8236
8237
8245
8251
8279
8281
8283
8285
8315
8323
8325
8330
8348
8356
8394
8399
8410
8415
8416
8420
8425
8443
8461
8465
8468
8470
8473
8473
8497
8505
8516
8524
8536
8540
8546
8547
8582
8589
8591
8599
8619
8623
8673
8683
8686
8688
8693
8712
8720
8731
8750
8753
8761
8775
8779
8791
8793
8811
8819
8831
8839
8846
8849
8854
8898
8899
8902
8907
8908
8912
8914
8925
8928
8939
8969
8979
8980
8984
8987
8989
9008
9015
9046
9069
9081
9087
9089
9108
9113
9125
9128
9145
9177
9178
9190
9207
9225
9226
9235
9263
9265
9277
9333
9340
9359
9366
9367
9370
9380
9389
9405
9419
9426
9432
9435
9453
9463
9470
9480
9507
9507
9520
9538
9548
9591
9597
9608
9615
9672
9674
9684
9685
9686
9701
9702
9728
9767
9785
9815
9823
9832
9835
9852
9868
9876
9889
9894
9905
9915
9919
9926
9927
9958
9959
9985

