1000

7450
4691
2053
8907
3175
5796
4620
1130
4208
6559
2463
8683
7904
6703
5897
1307
9190
766
7441
7300
8323
4611
4448
625
6035
91
2205
4789
3007
6875
2331
5437
242
4357
918
6963
8811
5882
6778
9380
7859
1151
8101
292
8720
1186
1438
529
4648
5551
965
1333
2330
5758
3820
3712
4041
8415
1783
1941
4043
2473
896
3091
7265
463
3502
5816
6824
5157
4103
7137
8416
8753
9684
8069
1353
2197
4836
466
2775
4492
5539
6567
6286
8547
4876
7013
2846
2170
3293
1392
2821
1995
74
3450
401
26
1413
9905
389
3357
6204
1624
4094
3982
7091
6100
1110
4783
6372
2936
777
6926
276
1091
3046
8761
6759
2359
9608
6371
6039
4494
3478
4616
7761
4856
1112
237
1265
3736
347
9548
688
7584
9926
558
3514
3002
4798
5017
485
8969
8215
5133
4830
8591
5276
441
7238
800
5537
4515
4334
9894
9958
3304
6014
3799
9823
161
8524
180
114
8279
6555
675
4368
680
2690
2992
5192
2763
9615
1583
7001
496
2171
8356
3302
4187
6544
8135
5263
6434
1336
7378
9405
2053
1048
1517
8237
1806
6429
2173
3538
5129
6966
5768
5460
7349
8898
3116
1037
603
2059
240
9702
1808
1347
6971
29
3318
9069
1076
3002
9367
752
4025
4930
5876
8775
8468
5948
3515
1533
8251
5970
9463
311
6951
3594
9277
2498
8791
885
452
5808
854
5704
804
6412
2154
8793
7715
6134
1087
3628
7963
4059
5283
2223
5280
4804
1555
3202
6576
931
4246
7035
8908
9145
296
2585
9815
7163
2730
952
5244
1318
1320
7813
8325
272
6155
7202
5513
1521
6080
1595
1509
8819
9432
1866
7326
8902
6898
9832
9686
567
7126
2326
2110
7409
2787
3067
6955
1572
3244
30
3404
3205
8750
5654
2618
6375
5125
8831
5873
3177
415
6481
9470
5903
2049
1484
105
533
4297
790
645
1393
1155
3401
1510
4281
8928
790
3330
3253
1476
4574
9915
246
1167
9507
6572
5943
6975
1530
4514
435
7668
2980
413
3959
2612
205
9959
554
1071
3380
7428
7674
1734
1628
571
3096
4135
2163
8980
279
6940
8081
2482
912
4117
9235
483
6282
3523
9113
7109
633
631
908
5851
484
2362
5893
4256
7819
8222
8330
2652
6985
1557
6041
8245
1350
5809
410
1352
8497
907
2783
8136
6140
9591
2592
2054
8007
6648
6901
1425
6962
1313
7971
6400
5213
6444
2379
6926
4275
429
7647
9108
2982
6153
5478
7278
1772
564
2178
2535
2603
4089
6880
2166
2721
494
2448
861
2279
5526
1718
719
614
936
8688
2851
2267
4528
2232
1846
2631
2661
2300
8693
4330
9419
4749
4203
177
1465
8165
2024
7837
6190
5612
8115
2679
7248
4028
9426
801
469
820
6503
1406
1637
1002
636
8004
7423
5060
4994
1457
2492
7305
711
8540
2545
4628
3815
8686
8025
2489
8420
7216
8050
4650
6088
4966
3958
444
9370
8589
4621
6806
6848
8849
3073
9674
2596
7634
3234
6439
7834
4552
555
5566
7409
8132
5093
164
1928
6969
4506
4391
3266
9835
573
3940
1677
2695
6712
4392
9728
3971
1190
7173
8083
4919
1346
120
8979
1373
1200
7913
86
9876
8394
7875
7372
4475
9453
5140
5382
8236
8854
9927
5515
8103
3031
7696
1497
8673
8046
1991
6938
5820
8984
9225
7559
217
6242
2876
6368
8283
2320
8066
797
2318
9538
4607
9359
9480
851
2078
4810
1551
5459
3040
3223
2203
1992
567
1493
9868
4177
643
2080
9087
6875
3466
3653
574
2295
5293
2596
7974
1500
5913
1735
6461
8425
6795
2306
2835
1806
7768
3564
1208
3467
1100
4621
8399
2392
4241
4792
5713
8839
6706
6411
6501
2104
1904
5764
3214
491
8149
6295
7829
939
279
8461
8281
9785
2287
1487
3077
1510
9435
7091
129
5701
9985
5350
3499
2000
6373
6619
4263
6682
589
291
4100
1973
818
4317
2290
5493
1802
1808
6849
3973
420
327
8987
6488
2355
652
3749
914
1343
3560
6465
6969
4536
153
7624
3110
6125
7685
1574
7104
6124
4255
8470
6619
6922
3528
4417
6717
4501
5351
3505
5697
2632
4940
8410
6160
5087
4353
11
9340
3724
7698
2529
5759
9177
2255
1437
7460
8623
2495
2327
419
3958
3480
5043
7315
6734
332
371
27
6846
3317
653
5113
9178
8165
8846
103
9226
5623
9263
8939
1081
6954
4792
2542
684
2911
8914
5776
6036
6577
897
4458
2629
549
1489
7091
7207
994
5088
4967
4556
1202
8925
8516
1060
2425
9520
1607
5870
9366
7754
4695
3888
8104
4958
7008
952
7394
4576
2692
3731
946
1356
7964
5791
9919
7098
117
5101
33
5969
1369
8473
7445
3962
7803
780
5633
6583
3175
8465
5125
9507
7192
1351
6179
587
2524
9767
7312
6254
7366
8582
5947
1937
8899
2221
8989
6166
623
4839
2994
4573
1673
4555
2359
5787
7700
5115
2260
3115
991
8348
9852
4627
7079
6951
7235
7240
4443
2031
8912
7860
96
6196
7411
567
7206
5815
7032
1835
8443
3423
3676
9389
1375
3883
895
6665
8536
8505
5035
9125
3223
9207
2373
3760
7834
136
5585
1868
99
2233
8619
8315
8473
6452
2195
6566
2045
52
5192
2259
9008
5515
9672
1368
4115
9889
8182
7707
703
7965
4942
8779
7255
5385
4454
869
4074
9089
9333
5584
7741
2748
7496
2618
5688
2431
8178
4486
3488
1838
7556
1669
2278
2820
9597
7318
8285
1124
1220
7801
194
945
6756
8712
6919
5275
2503
7687
2176
3500
7606
7498
7601
1074
1248
9081
3303
1485
7033
3040
1895
4891
2852
7610
2117
8546
3092
4815
5958
4030
7184
1915
8599
1931
9046
2481
2495
3462
9265
2032
5186
7327
557
2580
9128
2593
5754
3792
173
9701
1455
2331
234
820
1682
8169
9685
6332
8053
60
3956
7397
5122
2794
4807
5844
3099
5040
9015
1344
8731
5031
5145
2195
6593
1030
8216

