10000

17457
13420
2245
24266
23805
13650
30845
15275
14463
27031
12167
8771
19414
7028
4745
23216
7290
24848
11103
8813
8386
2805
11709
11887
2473
22208
12054
4973
22993
14877
5565
2175
28104
23027
843
14314
22923
476
15936
4666
16200
12248
24301
22418
872
2114
17297
19265
461
17923
4034
17813
10328
31493
15118
6132
6831
13547
29411
30504
17213
23039
21420
24571
30074
21099
15677
10756
1388
20909
18033
15552
30830
21573
5137
6885
13104
9648
5880
14322
18687
666
30069
19467
20550
11088
9201
6660
24661
31348
28882
23484
7266
21492
1951
18604
28621
60
12132
27327
24489
18347
18520
13668
5495
25156
19645
4834
1844
4007
22792
23533
24727
27455
32578
28022
4500
20668
27054
20679
9764
25796
4268
10702
19272
5605
2013
24505
9547
10703
9864
13252
23368
10944
3900
14927
31725
18751
23223
27188
8062
1549
27143
13911
27421
14425
9199
25983
22856
17459
8588
7268
27555
5443
3640
19977
10744
12731
16047
1611
4732
31114
17265
17082
24404
26067
31335
19881
17751
23709
25544
20353
4118
27852
15934
2651
16153
1616
11845
29645
2156
668
29908
8451
25691
4441
31040
14610
1657
23900
10845
24970
26599
32214
31462
22858
18130
1995
32031
13721
16190
21446
25016
30066
24834
19402
24053
24350
26388
21899
15628
23561
29703
11486
8399
18126
30674
17007
13706
24468
8915
29362
23855
23197
2580
10524
5552
15644
24780
17298
7853
31815
27433
18978
8783
4782
3660
20209
25972
32715
8598
2676
17164
26074
25890
2019
30402
14827
16786
30187
31456
14901
13583
28580
32108
7853
4491
20930
12439
14295
28745
28687
31321
28636
32416
16153
18261
25054
2044
17959
1282
31624
24869
28018
1804
23785
6340
31890
23544
27266
4387
23863
21768
17821
26420
30233
17758
7905
19157
12850
15459
5924
11346
2090
16234
8832
25387
5651
18065
8617
12824
9558
232
9597
19531
10989
9174
4317
16373
6099
18872
3260
27147
3513
9162
629
22346
19451
843
4194
13945
26834
32220
11434
16366
10955
12586
27226
13907
5752
27084
5304
25770
1125
12655
5332
15759
21325
2096
21855
32701
2702
19785
6336
980
219
6896
30053
5978
23345
6524
27735
2303
30732
3530
19986
18981
6874
9951
24979
18847
27568
20174
434
27577
7996
732
9394
17273
23291
30435
535
28965
10667
2036
19127
18949
5124
16960
10004
11626
12707
32313
28649
10992
17991
22772
21763
24063
16191
3026
26194
8856
9507
26463
13120
1870
21955
30074
29761
8338
6749
1719
29356
8500
28179
12033
8905
23591
2203
30084
9259
4997
313
15306
7232
14546
7658
8227
7974
645
8930
24395
6848
31428
13881
31047
30730
27504
11234
7568
26281
19297
19932
8819
1735
4339
29868
3000
25885
3521
1034
25730
32081
14256
8155
28790
13955
816
11615
30751
3619
12990
29868
13457
25861
16301
30299
7757
8887
16423
18817
9061
8978
28271
5601
2273
8719
13672
32351
31584
6620
26203
4024
4867
18223
31733
1905
20102
18395
3727
1805
18864
1953
23987
1923
13038
28488
4827
8431
17467
2543
8571
31368
17218
5283
26690
30418
19655
11309
30621
28693
28483
3373
8574
6413
22734
6765
13915
21987
7234
7535
4985
8540
20894
30024
26218
21073
5544
10161
18901
21855
11479
2140
8053
11999
19823
27268
19300
22808
21742
4296
13466
21172
27815
20281
11952
29041
25005
5042
12522
19737
13298
18536
32373
22196
8368
17601
9197
28668
11272
16490
28195
5905
28138
31908
15900
31342
9780
6110
24157
2332
23582
16265
15717
21285
3285
13352
12668
20044
11622
21414
10667
21243
990
7661
28684
25981
7087
26548
24900
8045
22870
12184
15693
19823
28987
18799
30073
5406
17881
21465
7091
14149
28958
11287
22280
16977
32021
21537
359
18694
4034
32498
21157
29042
3662
14119
15556
28703
31588
21448
23925
17293
5338
12134
10459
17375
29844
21862
12690
23253
14501
6556
12784
30714
30392
19996
14987
5407
32431
2892
10747
24327
12425
15934
20961
22116
27017
28989
27944
32002
19604
678
19338
25411
27100
15866
22102
10699
2491
2864
21105
19324
7905
10320
923
17317
9138
8509
5364
25718
26346
31186
27327
29112
2947
15921
16741
21435
16344
27992
15805
30351
28682
29174
21130
10614
30627
7548
8006
4762
5753
22902
11294
2812
11478
796
10045
30381
725
9508
1869
27968
7951
987
14139
18047
28791
12148
12091
24413
20355
4256
7949
11052
6797
9055
3454
25872
29048
21525
4401
30132
21654
13024
1695
24891
10953
28969
26461
20858
29417
23929
9886
4196
9318
20878
14072
1733
815
18095
7531
4916
27346
1084
13727
19778
21732
7305
2925
2296
7843
11244
28065
11905
20954
3605
7678
14883
29957
32158
17027
30836
9910
20963
31725
21194
2103
20244
17789
16371
15217
15497
507
11558
30732
13653
23035
29498
31704
26397
20319
11286
23148
13099
10781
31849
28685
26046
8771
9627
31697
30628
27448
29699
9475
3595
1092
23898
28618
11413
29266
25455
25862
19882
18165
3869
29051
21778
6314
6010
16433
4291
20573
2386
5146
15351
28718
724
25846
14466
14196
22410
17268
29283
18434
12431
18586
8601
12458
31996
5222
24120
256
18083
8118
15035
19040
16128
25957
22684
12851
6252
9911
11042
31085
32660
20215
23675
7514
18730
14942
2314
30107
10202
25655
17666
29548
32384
16449
8244
26152
8856
17237
7205
26894
8949
24392
18532
24133
26295
30227
31002
6942
14455
2097
19427
10650
4548
8777
28380
17196
15059
19981
24062
26815
4722
2658
2730
15355
4670
3777
8580
32196
25366
24029
25221
22020
5583
27526
16204
18603
21545
22989
13237
31732
7682
4457
3245
13289
26314
14681
4421
10025
10039
20939
16901
4329
14138
30269
8834
9273
1073
2786
16690
17544
30558
22855
29056
10091
8344
24630
27676
17306
31040
23259
18837
12603
21367
17189
2857
24420
18830
21359
9692
17115
16830
19296
17351
25120
23066
31759
12211
25261
20673
24427
7910
31612
15448
16091
19773
28874
10424
11553
8059
32027
27619
22404
16353
19326
18237
29230
26879
26386
10489
17363
21193
17353
8657
5267
30189
17516
25338
1058
6500
25055
22615
2854
24135
22439
13037
11232
15845
31145
30615
5647
11794
5940
26106
16913
24514
3906
19388
18252
19414
31227
6129
29132
565
2939
17110
23341
28447
5077
24002
2748
2750
16472
24409
24793
9982
529
3
20896
20383
15760
15005
13000
28809
10223
17774
8394
13919
29969
5980
16198
23894
15144
19807
22691
25160
12154
1079
8439
18948
8292
31322
8230
29417
20639
3633
1869
9395
6082
27779
30049
21140
27656
818
28435
17287
14676
3109
3575
5345
10610
17541
10982
19240
16800
9260
1953
25897
31053
10586
15286
9541
11808
3242
26792
1292
6460
28997
31050
1805
10691
25942
28780
23275
26776
18110
2745
1972
18794
24584
14304
4207
3310
20895
12018
18164
6251
6974
8715
16641
26236
22953
21813
9097
29970
3227
7305
14415
21688
30975
1432
436
15643
31586
12297
16589
19145
24233
6531
8633
19001
2815
24781
562
13324
8466
17459
1633
16018
21887
24364
28663
10384
8330
27451
27513
8512
5651
2067
18395
29082
31174
20222
19537
19154
25489
13695
8290
24098
2139
822
31294
8649
31475
24325
1873
26452
31046
14193
17176
10012
6614
2635
12340
9488
28007
20367
10173
21172
26875
2956
13016
4714
11265
19525
8844
16369
30410
5656
22993
8747
25916
925
32234
10787
16842
7377
245
9038
1188
10612
15041
14609
21290
687
991
30084
5031
10234
1788
7542
26940
6973
15470
3505
11290
18485
17420
32126
12788
31514
4419
19052
31413
10879
7526
12622
5486
6265
5190
6275
20882
3843
12035
20346
4197
15265
12577
26484
19122
28228
15326
2444
7868
16238
27587
28149
31352
24982
29818
22660
13817
8654
11999
15982
12844
23459
19801
31058
20421
25669
10859
11130
21113
12520
25990
14686
1134
15465
16930
31849
11760
28725
32013
4864
13669
5223
3074
29121
31619
2864
31613
6664
18368
23420
24270
6584
22794
20178
1644
14392
28345
9852
28813
29883
24002
11241
10227
14789
1581
8271
1289
27115
15561
20372
1326
10714
32030
19055
11345
2970
30627
3019
9406
32532
20529
3436
4407
11218
8376
4052
17735
6151
5169
6504
22483
16591
11731
28879
17394
1975
4234
5787
3071
6528
23205
555
4844
12832
27086
9679
8152
25098
6976
32302
16356
14511
23604
12517
31299
30789
7836
32369
2705
14023
1556
2895
5478
4157
24854
17505
2858
20029
17005
25236
11563
10418
20204
20928
26860
988
4959
32464
32193
20376
30402
20770
8344
27618
7345
21297
4634
13976
19488
20081
23283
9856
11852
24186
8813
6029
31217
16233
21316
11358
24254
23427
694
26888
17670
23580
19929
27413
13752
16824
8497
25293
32401
18287
7810
12724
26256
5526
5347
21075
1707
1947
16148
27963
6848
2353
15377
16200
24270
20141
30183
13603
19557
27824
27335
24586
19547
4871
3161
10196
12481
28367
10578
24111
2837
30685
5449
5933
12985
11613
711
27391
4004
1464
17309
1280
32088
5564
25466
9205
23060
13047
20668
28562
5706
5475
1927
18241
22611
15433
29460
28192
2146
6751
31052
14408
22711
19763
25750
7509
7701
25549
8173
21539
3189
30864
31029
23509
11260
8802
24015
5660
6699
269
17771
22198
27478
26852
16157
3124
16471
29097
21684
26113
25731
27822
14407
7072
2013
1595
28688
14645
27018
5680
29821
5447
1669
25579
29829
21444
8340
24940
13369
6725
12667
8631
14747
22932
7791
3706
15282
20588
16333
8432
2014
11135
4364
8709
20842
26301
7409
13755
8032
21460
31233
13772
19617
27123
27452
8081
20020
17108
30984
6434
13279
26873
5740
20927
5876
23350
9854
16751
27502
26991
30239
3046
26428
20131
32229
2732
29661
11305
89
17020
24109
19002
22627
18411
14463
16816
3074
22346
8939
29453
30528
9164
28138
28351
9062
8684
19232
12963
7788
20745
120
24775
26291
18515
20854
21364
16119
2795
4809
12908
32383
26438
7200
28016
12694
26067
3135
16389
7743
2781
4946
8824
293
28594
14209
19488
5841
30469
18372
10979
17695
8337
28921
29691
30963
16383
10548
12794
3112
6922
25942
29708
18377
13025
19681
637
22148
15564
24586
15483
15195
3603
17424
796
8349
32540
10701
21923
4885
2515
651
767
32129
10062
30488
5268
30790
12466
21789
22078
16737
18256
26283
8083
28833
2068
26647
17001
15379
3616
4104
17049
24766
2228
24014
15106
913
26705
8693
5072
7834
26398
29978
28158
20089
28810
4350
26649
5139
11315
16345
8263
24203
12295
22001
6025
29038
7592
26986
23101
31533
12053
15456
4583
28625
30344
3379
25648
31722
21914
16674
17199
9160
28589
7452
4840
25326
7051
210
18450
24516
6219
22545
25630
1932
2421
13903
29300
9879
32358
20612
27392
20665
2293
18747
7661
11770
10070
744
3248
32654
1343
27772
21577
28936
22602
31799
3269
2506
23451
19645
16904
21184
11970
4205
27081
1102
7138
20206
31454
20614
2323
8458
2490
7583
6406
24256
3636
17570
16104
29588
13962
10343
18824
19754
27557
14528
10683
6163
27294
13812
30720
16103
6018
18543
32096
24468
27986
16567
17304
10997
12110
5026
28794
25255
16243
26311
28817
26904
15939
16690
13572
6112
22468
13404
2236
20565
25035
4442
16585
31321
12154
32340
19458
25975
15880
57
26092
16431
7872
19633
28894
6541
16973
30803
15202
8449
2356
21785
13533
6250
15778
5392
21875
11380
23144
1364
15653
10020
17220
30012
20028
12465
21090
7634
18155
4758
24354
7558
7728
12517
8732
23587
10235
11742
6754
27393
17554
27584
22532
13693
7988
24799
20442
5542
16380
29175
7293
8505
29961
18112
20631
17104
22236
19650
15965
29526
27649
23659
22617
10174
12274
13407
3949
18164
312
16143
21013
15380
15059
22157
4332
30939
31964
31391
27762
31835
26729
11538
28684
12786
21169
26704
32332
15484
13169
25653
21107
456
21134
7455
15156
2633
30971
20804
29371
2318
10461
26697
14318
8180
8429
30992
3315
13339
12062
25041
16114
26262
5761
9836
6940
1383
3173
2301
29932
2218
4290
4273
25004
28688
9688
29401
19772
5263
11027
4669
19471
16984
24370
2227
20086
12042
19880
28400
6433
8229
11074
22173
9954
21953
26123
10926
22453
3456
27757
27119
4350
12737
28568
28639
13073
2326
9512
16322
2039
31225
19457
1522
3952
14010
30846
17270
19508
26044
27596
22485
30334
6625
31376
23852
14283
12099
18128
2687
21471
24613
20752
4173
25354
9769
9403
9063
425
15299
9157
10754
6383
20973
13711
16138
9446
19996
23819
32697
7088
9331
31264
22377
23059
8759
14928
15782
14645
15492
31896
6792
12707
14142
11415
17727
12184
14409
22771
20720
31869
6909
2297
7104
25004
6100
5507
21550
26745
5222
2335
26789
23411
12184
19309
5457
27879
24080
7113
1075
9894
10988
7978
13168
1800
28851
1354
5615
28465
7819
2312
8738
18067
23981
20490
17188
30644
11031
28070
24581
10802
14720
3331
28002
24068
12177
1659
15672
19458
5714
25668
249
12200
3043
6736
12768
24087
3692
30065
21378
20060
29526
1473
17575
30453
24252
2113
4695
9361
20252
5056
312
11800
4435
3327
16663
10731
12488
9746
32452
2157
14311
27913
18467
14274
21713
11728
30336
13527
13905
11092
4899
11682
13587
29671
27172
6315
7440
21734
16257
26059
11085
12697
23150
11315
5061
16730
23276
31153
9123
30970
3485
10031
21429
9056
12759
22141
24350
28019
26103
32080
12875
26939
11768
8586
17960
19522
18500
10939
15251
27969
17609
27880
19217
17656
4688
20620
23743
30302
30218
15325
23692
8698
8556
8528
7846
2193
23101
22367
26674
16641
26862
7562
28736
1389
16681
29340
27902
23450
6316
8239
299
7321
24664
8050
7631
8103
21381
15146
11306
3153
4505
4855
5098
6108
30169
25561
29089
12771
8575
14834
4469
25666
27660
28558
538
27187
11743
7520
21501
17079
6407
24590
22722
16952
5206
5873
30449
26476
19638
22
26092
30588
28864
21896
26149
9574
19083
20433
18829
18592
11202
12734
24656
26366
24570
16739
7615
5589
6466
21087
2445
30305
2811
17761
20799
20836
9962
8427
3550
5648
12427
10070
4591
16423
6824
3607
21413
26977
25387
14912
18260
2574
24881
9802
15913
11516
14687
21777
7449
6811
27769
30240
23
16223
13360
7983
7562
20838
8764
16106
32254
31067
13739
11508
23577
666
23161
31532
16593
22164
1888
27695
12253
18293
28145
13086
30825
28165
28900
24737
32270
7884
21677
8491
3585
14970
24144
12416
5259
23942
21621
9845
18105
13076
5823
247
5204
28444
16218
3919
30227
13257
723
8868
27664
26143
16941
10178
16505
13793
817
3610
25224
23730
17157
8201
28085
22650
22272
12381
12586
9483
20413
16661
19319
14597
4718
1896
11911
18934
7283
28937
8146
7110
9516
3754
2261
24403
4619
1983
11199
25688
28909
31620
4206
8851
27818
29505
15769
24103
28650
18892
4687
27455
27195
11344
21408
21748
27489
6222
17050
27505
2285
31457
20087
32084
16914
21830
14100
16472
21939
2715
13221
11569
16064
15079
29096
21176
19139
20315
23
25672
32438
7128
31458
1896
15896
14769
2716
9386
26688
32689
3188
16339
24560
15200
30312
6971
12589
3970
19381
10871
18766
7137
13714
6198
30036
21068
5149
25449
6777
7392
7062
22439
23820
14726
20939
25807
10619
28349
32723
6639
21426
32154
27647
18276
16547
29964
28686
3139
20006
19045
16288
21240
27908
23318
29422
301
8526
15290
10679
24302
23796
30807
23166
30986
26770
10720
8690
700
20109
1278
9902
31370
31839
17935
25890
5742
3631
7792
30673
15156
30885
1783
12222
803
1276
7108
4384
6111
21337
25914
2141
25486
22363
12872
27446
23866
755
26605
6719
29814
4982
27131
22163
24645
13552
283
8133
21815
28604
25105
11802
26325
5201
14913
23797
6207
6495
25970
6546
24596
8219
12499
10743
9106
4822
20283
24616
27903
4565
25269
3483
24903
8797
16188
19179
14566
21517
19139
26576
16392
20593
7801
5967
8687
2259
19786
11310
918
30292
29609
31147
12692
8252
29837
11374
25922
23695
1977
12219
25888
32481
32065
29420
1141
26986
23114
8991
17974
13405
13073
11564
10025
24438
26159
7130
21322
16850
7451
9810
19054
11268
13808
723
14374
28773
31344
20904
742
17835
18505
13399
22119
14270
3736
25884
11593
6855
17580
25237
7677
13449
15884
959
28386
4084
32699
2081
13742
12023
31418
30791
1552
3735
20431
27250
29588
12606
133
32654
27334
9045
12660
11364
9626
11796
25026
8977
16139
11417
15338
28855
10755
14136
25532
9074
3963
6419
26022
3214
22499
17386
11057
29431
25540
13876
6350
18928
14244
1902
14547
16392
7978
3763
6081
14922
2946
22413
13768
4021
12547
22795
12685
6380
10255
8979
4138
26670
5435
30202
18038
15751
7344
30802
26504
2888
9426
32515
7286
7862
11295
7070
18786
16639
13913
25837
952
25714
5351
11727
15793
12782
3705
7746
19228
2715
10731
25282
9053
20953
8300
26066
1206
4982
15071
18392
23749
23076
7809
2349
6734
18986
19660
6773
19515
21593
23196
18220
12769
5442
8849
11906
8325
13478
30388
15977
25119
22830
5469
25836
29021
1116
25940
27586
14059
27330
15670
12835
11250
7282
14874
14554
1503
4533
26997
13468
20325
28672
19003
6808
4805
6947
26951
23375
31053
26308
7421
16294
1054
31756
9262
7225
16947
18336
11323
20211
10143
979
638
15068
27158
13082
29925
13873
1711
7872
9696
7866
21736
11738
22398
2136
19179
10366
29139
14814
22288
15152
18588
27681
29346
20125
25638
32595
20966
1932
20843
6796
21849
785
15742
27050
8250
8963
24618
27995
30792
32433
31190
4472
21197
19409
26796
32149
13019
21433
6395
21462
15574
18642
21721
20996
9010
4169
14092
2271
20606
21511
17707
7606
29346
28900
29952
18998
19301
5399
8497
3712
27186
8945
12575
18814
13083
11212
30735
11126
22302
5950
3976
14047
8615
19090
12539
17268
16215
25720
21162
14216
25092
24827
3010
27545
26113
14772
970
27687
23711
22077
28993
3526
8179
24809
27523
1907
21466
21426
5101
1828
30779
20851
23105
29859
28812
8024
24652
22171
9368
21138
16582
3571
7807
1615
15737
23388
18942
11753
6310
25382
14576
22365
7588
9048
4373
29184
7370
4095
1811
28013
24207
18886
2746
17602
20976
8903
2188
18956
31250
26017
25725
17919
24361
4811
4599
16363
1688
2088
27937
491
13914
18139
14689
11616
1952
19292
26912
29597
3259
11211
4813
18148
3645
28805
14116
6034
9051
23286
15536
29078
10646
3758
17550
3623
24475
20662
15477
11703
10087
20772
20979
20002
13230
13037
11001
4396
9342
17915
1946
26410
22304
10111
12560
20991
27967
15497
23040
21578
20299
15062
21503
24798
11808
13288
15956
24179
18403
22108
4607
5019
29741
22905
12027
3831
15212
18181
20161
24490
32134
5980
13
12814
27583
21443
4068
9382
23004
13049
982
26964
10888
25615
2433
1740
23288
31610
32598
20041
29131
13927
31392
22911
21812
2126
28353
9424
19546
9930
22975
6594
12287
1960
6656
7601
3680
1341
20818
30913
18013
7421
31023
10519
24026
31818
3134
30281
5989
20362
26908
22802
2841
1916
21085
2891
18114
2252
12238
21526
14658
31205
29949
25693
27955
8966
20732
22395
22221
5272
2913
11320
14602
1983
12945
18939
26121
11567
32575
26171
24240
24129
4399
24119
5526
25669
26944
22759
22816
18970
17577
17714
10474
27645
15747
2145
31336
14751
21640
28884
12493
24186
18458
16627
19499
17508
23687
26216
5084
9317
31115
12684
16418
6598
16662
8478
26378
27498
848
5691
12438
32610
13274
1162
5658
11451
17495
29368
12519
24474
2092
24356
23591
17292
1411
23771
11784
26647
22422
31942
3101
5013
1578
22306
24321
14402
30297
18737
10557
16275
22677
15151
1387
8137
14314
648
20380
28615
3715
13384
32248
27936
880
31699
27812
10357
13735
18902
8425
19454
14408
28541
18322
12390
9253
31207
29333
13276
25217
25047
23030
1895
5400
25516
9193
26233
16224
5011
30775
27848
5391
507
25314
32345
4573
1097
18956
30173
16011
30157
31509
3393
18212
1269
4868
13441
18051
24769
17960
19133
27413
23159
19199
28046
22752
20376
27734
21146
27844
28690
1714
24422
17665
13495
29935
29548
13050
6638
12327
6254
31289
29353
9941
3337
178
26519
3898
23949
21580
30362
14592
32524
10653
1659
8734
8369
14325
25309
21243
10067
5791
13423
17878
1866
32611
18790
23909
28802
6735
16939
11964
206
14008
30288
8817
28798
5499
9673
12542
27955
10376
19033
15974
5874
27554
7498
22812
21368
14944
9569
24608
27597
18296
24849
21611
10268
6460
24815
22925
24002
12133
26214
10645
9125
13840
23212
49
8391
27142
12788
16662
10523
4672
3814
23970
7319
12971
14924
15808
15498
23592
17166
12301
27440
15831
23136
9529
2435
23445
16442
15023
26453
3523
21512
22648
31132
11850
7588
26204
19213
5851
25217
23627
23276
21628
6953
12796
24098
13376
23785
29140
5776
3413
3018
29449
13475
27716
26820
32519
30504
885
20527
26131
32098
1266
15482
18222
32602
18796
24863
3900
24695
26755
29142
29541
20558
9794
27146
27324
28091
23017
26761
27422
8241
12784
29567
27997
6990
31048
14501
31902
16563
16868
7606
21760
21522
6264
13603
21887
13704
9601
27399
18711
5678
24453
32349
19244
23275
12956
6769
19241
8588
16687
9364
29544
7190
8704
4628
30546
13914
16234
23147
3271
14795
15339
22967
5312
25485
32735
14186
14130
8398
21646
9539
30262
25945
12393
2685
31848
20584
6289
28486
10892
5050
15257
15474
10360
20710
10637
9073
32046
24815
19763
17022
29256
14872
2704
22810
18073
26618
9902
8377
29713
18899
23709
7611
3297
2849
17336
31901
29664
2672
27433
20337
29741
8816
20144
16267
31766
2378
2208
1918
32569
14900
25898
18759
17385
7492
15069
5319
8148
24961
11374
12919
26594
15680
14261
1623
5984
2222
13817
7975
29277
26281
12653
17882
10068
28628
13306
8520
13324
5098
29503
16931
4541
9554
32215
11052
27764
17140
19930
10662
27064
5196
25766
4619
17006
3004
21471
13567
13306
8999
22452
8322
3239
18107
26212
361
22345
25102
22785
14607
27169
17261
4469
31560
23808
18801
16834
2198
10927
3794
14478
22688
399
2176
22238
18655
1917
18928
4898
9115
5368
25524
11634
4886
11142
4175
30999
21767
11091
9031
24397
16969
3100
28284
32583
32469
7499
4535
3956
26094
4452
26758
25601
1691
22687
2632
16031
17498
3799
4228
19334
28691
162
6015
28601
27979
3010
11533
19596
14234
24252
8615
7268
23647
23494
28606
19647
15538
8934
11599
31092
11162
1881
15288
11579
15488
29746
10698
2927
21988
1091
31775
18195
23631
20800
20397
2836
2441
15906
2716
14285
17419
16586
3925
6608
2743
28391
9692
32228
18631
21017
3935
17994
9732
18263
30735
25925
10040
28046
15150
24793
13029
26506
11625
17362
20023
29978
24937
8200
9784
10095
6821
1506
14659
13510
25210
5401
13499
12103
29565
2750
23292
9004
28432
28799
1426
24613
4403
20774
6058
29179
22173
5730
29893
3188
18700
29642
20404
28280
26073
799
26048
113
21199
30161
31273
12792
21821
32709
9682
23213
16202
24406
20282
8806
18313
9882
24238
13453
32461
10726
701
17091
22591
14228
6381
6857
30637
32003
3756
21409
14885
15584
20105
22000
11459
15012
3492
17319
26055
32606
3427
738
29674
23475
9575
28689
22515
19235
10687
31573
15493
7310
347
13613
24635
1014
195
3665
26103
31110
23817
20190
32630
2515
19195
2228
9768
31587
7838
2332
22079
28012
32472
3503
6
21469
365
16499
9077
29858
17197
16198
18946
18980
20587
12928
21177
28432
29104
14036
17551
30554
12465
7799
6900
23169
10623
19844
16551
21268
31742
13728
11470
22389
29080
13530
22086
4061
11058
23508
28984
28064
27487
24360
10989
18355
20692
14341
22499
8299
5405
14361
18464
30855
9102
5300
13766
21361
7291
11562
488
20673
6316
4217
13212
32515
16651
1579
27985
19386
3744
7806
19555
13477
18111
3523
26349
7744
1920
22276
23519
29582
30832
2537
10576
29462
29574
6108
15637
19755
14937
1132
29586
30577
2959
29935
30928
22941
11417
25452
16336
14204
15262
30904
1055
31799
23988
20958
2475
19157
7510
13508
3797
30721
3347
30732
9415
20750
643
8761
25096
21560
32127
1043
9037
15917
3985
21068
20115
4300
22442
611
19562
30508
26131
28361
11156
10976
7334
1603
8910
15993
24382
2703
25838
29005
10348
8778
31534
28791
22124
16913
6600
10527
17495
12519
8899
4092
921
11222
19212
534
18854
27865
5576
8913
26089
6394
6633
23335
21501
22968
17919
24117
15904
9643
5713
22265
997
31851
28973
9050
6441
6573
7548
16488
20807
25519
1945
19430
27280
6359
18532
16134
28149
151
8850
18035
14087
9107
27207
23444
14370
20230
2790
784
20196
26465
7976
21645
15588
20022
20331
12222
6305
24405
27213
17052
19129
18741
27514
17651
27484
17557
25794
3361
5119
28514
32111
25114
31061
20188
31701
11952
24955
15605
3370
31250
19059
17657
16280
18834
21715
13172
25233
20395
18110
23889
16739
3138
15124
25151
27660
16940
20710
28249
591
26097
28461
16133
13575
27087
28859
28444
29116
2818
19569
20044
27764
1091
3507
18363
31691
18831
12569
7149
31558
12585
14695
29160
10213
11746
4288
918
10999
32408
2582
26986
18226
30461
5861
18758
23555
17817
1313
27805
13091
23315
22893
469
19563
22188
6541
3311
7145
7180
6942
19305
28211
30273
10884
3939
26363
27653
7717
22018
19940
10559
10709
7442
7572
8653
1680
15343
2315
20865
17007
17317
27443
15721
19669
10838
21688
6740
4841
17884
11289
15505
16458
22960
5120
13562
30718
15370
3023
16178
6571
22090
32379
25898
26377
1175
13213
31722
7575
6342
22214
23950
22669
1149
2323
1166
20242
28312
12546
27715
17072
14283
31876
23207
12805
12937
18772
30557
9147
4645
26502
21489
7610
21816
27235
18784
7323
12098
31604
20187
8032
13716
25565
11720
7011
21357
16365
14090
27789
18787
4338
23938
5576
15364
8530
22997
26039
5566
28375
15216
21412
16380
3915
2762
10426
30610
17221
24809
18804
16475
11074
6184
13141
15392
21239
31287
730
26812
1766
3939
5549
2430
10288
29464
7451
16335
29354
20900
13512
5909
26930
29501
20897
2007
23620
30790
7443
13857
16072
10958
4218
28458
15662
2394
25821
10804
19133
28388
10968
4276
6440
31779
7897
20915
11875
9741
3472
17524
3252
3483
23712
7767
8461
1228
2971
16381
27545
25836
16685
23981
5781
6678
14487
1782
28513
2040
9055
20886
30167
11222
21318
11163
30171
8145
16507
6344
24371
25450
16398
24378
20378
3394
32423
26444
783
18979
4984
21175
7795
19780
16240
3838
2131
5577
11442
26377
17411
11658
16965
22543
748
17685
24589
11706
24614
20726
5882
10630
31306
3126
12671
14699
24449
1057
8262
443
32737
4428
7970
15949
6650
25047
9797
16091
21931
30960
31667
681
315
18328
30966
14183
9380
17066
22803
8025
24370
6681
8894
8885
17229
30073
714
4173
9363
22977
10979
20845
3115
7247
2175
5383
18261
1836
26642
13837
17477
4754
22657
24863
12593
22443
25306
15718
4521
8348
27202
7360
15911
14786
18479
30493
487
26683
30935
13609
19192
10665
27624
3627
8340
8498
19833
32044
21421
21964
23360
4445
7624
9655
6662
7603
8718
4938
32601
3028
1184
20211
25473
22070
3116
8826
20405
28037
446
8581
31886
3398
17112
17249
5307
17339
14788
18943
4087
12550
12329
6717
14904
16784
12253
26983
15145
26540
26106
25598
12763
6264
15412
12728
14519
4100
7273
31431
26040
8375
4730
21086
6871
4590
16474
10866
15046
20965
22628
13502
5600
32475
4594
21769
9057
2929
19499
2219
23250
596
21276
26446
16840
11547
31499
8434
462
8819
1543
7476
6816
32633
1988
8143
1178
20583
15270
5731
22383
27763
284
29557
18718
18676
29231
15031
6434
1991
18523
8842
15337
17649
925
28354
23176
26501
1997
26793
31405
31177
9262
6214
25301
19604
14660
8927
3775
27130
28901
29372
18464
6955
15507
3118
14232
1433
3593
13264
485
9049
32276
18957
17751
6860
21924
32738
2947
14718
11555
18661
828
5710
5637
11911
5823
7888
673
26774
12846
5103
24639
24326
20032
14807
6002
30960
4918
16146
26280
23771
10257
7920
19199
1595
514
813
27482
21559
18466
26830
14773
30127
8035
3148
16053
22142
29382
24820
17283
29180
3023
6030
19931
11975
3895
30781
8800
10180
12768
5030
16691
1632
14862
3924
4291
21020
8403
4443
10983
22856
26571
3900
42
5902
30474
1033
17765
15027
5971
20938
24468
13338
23690
21022
16866
27018
5228
23078
29190
31408
3454
13726
9938
13544
19011
23885
13577
7352
29874
27808
15986
12445
9703
6802
22314
18699
22041
14798
5438
14767
2252
1048
15993
6135
2376
13545
2171
19156
19273
14169
7947
18367
17400
27458
25775
8442
20250
17827
8569
18712
29832
20546
5155
12223
8671
19606
6495
7085
11384
32227
23912
26105
12187
24231
19421
31387
6895
17717
12751
16943
1333
15264
17945
22774
5942
3802
3055
14110
8954
22813
17338
11843
15163
2954
24099
24629
24345
15121
9582
4860
3600
13456
4362
1561
22566
7231
30566
11535
15977
7243
4614
29474
30616
26305
2005
27743
27937
3758
29117
6108
1099
31877
3445
5953
1973
448
4762
32647
17663
20426
24066
9984
12999
22045
26445
5272
13015
19367
13500
29786
17564
26483
16711
13622
15323
3205
2281
13313
20383
27910
12095
6077
5494
26785
29777
17179
15580
10796
27568
32574
7928
18571
10689
17346
30342
28369
23384
16381
21525
20393
31624
2436
8818
26613
7098
5105
20324
21684
29181
21988
27801
16425
8605
16200
23777
10810
29175
25816
24986
4118
26507
1249
7275
14106
29523
18761
22838
7926
11348
27344
13383
24331
18290
6550
28882
29464
16776
20190
5020
15126
28600
27665
5624
12896
27136
19206
17653
8727
1038
9088
8406
21189
18518
27128
20674
320
10593
2973
32445
6866
23912
11162
12247
1174
6177
17815
27811
29221
5849
22914
19947
3954
12995
1167
16802
499
28048
11133
7194
1282
11327
6684
18808
9602
5175
15372
13156
24773
16019
21191
12037
10925
13757
19681
1836
7954
28990
8847
30415
25188
17364
23399
10170
30098
28613
8550
2433
298
21876
1335
5305
23489
28722
22450
20071
20373
5462
15524
8121
25457
10640
23246
22004
10961
16506
19760
24238
24903
23152
14727
5181
21789
13474
12308
11887
25916
24423
14495
11132
5708
3797
12476
17720
797
22926
24397
18061
11334
23004
24904
21801
27404
25857
21434
884
2949
19656
24332
16069
20989
24416
1925
28117
28568
6506
26385
21364
10809
15953
13377
2426
15267
19162
14994
10241
11230
30204
10226
27857
10973
13297
21376
30492
11613
28557
24980
27500
20752
28111
26879
5081
19451
4022
32148
20607
27420
26197
17383
27695
25681
19754
29268
10597
32629
32428
25411
7034
23244
22307
7339
8219
20129
14780
28885
3322
13357
19421
7267
26051
5051
31414
1424
11858
32266
32537
185
11555
5363
21387
15901
12810
1867
20635
17633
13604
1035
25458
8023
25101
26798
4780
7295
25427
11995
17766
19150
555
23876
152
4143
28259
32718
3750
840
17048
27378
17713
27134
6313
20067
23859
315
17003
23281
4427
29166
31391
32685
30293
5972
8737
590
16958
31351
23906
30419
29974
9972
9751
23146
6247
15616
9523
21905
2246
25773
26899
27003
32167
1642
19449
3253
17270
27849
7868
31497
23523
13190
27582
15523
30845
10180
26141
10354
898
32153
22830
26065
10997
32461
11303
12647
8690
5855
19995
26955
3135
24649
7724
9324
18467
5893
9212
22833
2683
5200
11364
22364
266
14254
7785
6452
28433
24878
7275
12259
30751
24815
17824
20253
3371
32739
11201
15362
12256
1491
20739
9030
56
24740
16969
6799
18508
20696
8600
20766
31339
16216
13515
13234
21865
8304
19592
1961
9017
2075
6002
16745
17854
21377
13728
6654
1503
3006
8271
10244
22746
26085
14803
32712
4058
1092
6612
7850
9675
23786
27062
9670
8045
26983
25945
10195
12711
979
21507
3658
8735
5394
3482
22987
5639
30805
24599
16830
17210
14308
26935
30518
14215
1820
14451
3866
10828
7603
19763
22406
3143
22596
17727
7279
18858
16903
20342
8070
29293
27615
14018
18271
15592
13467
6475
18899
5793
26229
8171
21923
14179
19935
18915
32605
27280
11648
8396
30084
695
13177
26832
16363
11113
21484
8473
3682
3401
11455
26762
23188
30819
22173
6829
24880
2239
18238
14573
13895
31029
10473
29702
30966
6274
19255
27065
27204
5276
4377
27332
27469
4163
28
23825
9889
14041
21740
3630
26855
17011
16663
2557
27846
10288
13844
18861
7685
24266
24964
20200
6128
29546
16055
32590
25342
24769
24946
21539
13746
23636
24048
12868
15551
3607
29222
32352
11887
26174
21580
16740
11589
1360
19096
28983
15842
27261
28749
12712
21541
23601
19444
8613
15254
16105
6889
2221
24325
20038
30234
30855
13166
27743
13324
14133
18976
31580
11295
1316
19998
30017
16146
5029
28870
13831
18633
16289
2480
11249
24398
25735
28121
25117
791
23434
16897
6490
9351
31498
19537
25401
8886
10831
2369
29543
10101
23933
1977
6969
1165
3524
20598
9097
30280
472
23728
30913
28467
31393
24570
23861
20769
6195
26985
5558
14195
2816
8184
17507
13975
25932
7723
26051
13519
8418
12531
9233
16436
11526
32210
29911
1530
6314
21567
13503
20213
11493
11852
13733
9564
2976
9350
29424
1998
9875
22813
24611
19858
8816
7749
1455
8227
31325
23515
24588
11756
30632
30796
13575
31312
20918
18611
21342
28397
2621
19521
28810
4642
22963
14050
6364
1742
16391
3869
26059
14683
3470
25404
28301
24060
30784
22958
9956
9266
4388
8361
8251
17301
11785
276
24817
17873
7031
6307
17909
12783
10981
32580
8851
31958
28972
23482
4749
25361
18748
11143
12910
4050
28430
16912
12827
13623
18138
17148
30123
31181
9353
7133
14456
24403
10093
16658
26230
1728
32304
12780
8132
30087
9994
2063
6785
16409
55
5659
22241
15787
15529
22924
22912
10554
4346
17375
24566
21453
11428
7927
17323
19451
21364
4286
32493
7852
11068
527
2111
5412
4553
27860
30708
5181
3860
21867
11261
243
14268
29519
24064
20006
5044
19700
24490
6044
23865
19186
28997
28230
11272
1638
26253
14788
24781
22165
3519
21290
25822
25043
3316
15621
4649
13732
10669
7321
22380
10784
11951
22637
27812
5276
25617
10
11207
3462
19859
24831
25013
19857
9009
27944
11116
26130
14328
22064
13180
22698
17177
597
25532
21030
16188
15979
24378
3235
21526
20772
22648
7414
32318
21390
6101
12107
26940
29405
17993
30475
12259
32619
20565
22020
30434
27901
30010
32452
5525
10312
22122
5701
16673
26036
6972
6352
28095
19807
31971
1563
23128
10341
20129
6325
31315
29535
22072
3235
12715
31273
2210
14668
5956
24809
32513
658
12671
15948
14297
25922
24844
11027
30845
8878
28159
27343
25287
20376
27430
4584
4876
19026
25498
19684
23119
23588
1685
11494
26805
2542
17795
7541
31801
22542
6236
26495
26529
1412
23600
26014
1457
596
4
19865
27806
9516
29660
13102
30150
25671
3609
10255
28061
5521
23301
7466
32747
31244
2733
26925
13365
6258
28911
6218
3704
11036
19411
26936
10270
9506
17439
7034
21802
4804
23589
29411
10678
22793
16608
5210
29599
6309
12607
8155
31871
14368
28609
11198
10203
22837
29250
1340
16798
15737
17429
23087
4294
24125
20050
12313
606
15284
31345
19560
172
10073
25368
29176
19115
3467
1842
6106
24508
634
13121
32084
21400
5703
5365
16168
7817
13415
11517
21017
15834
4681
4893
1708
14475
28984
16513
31276
23626
14210
21585
6384
18079
9434
1669
5601
3687
9723
15611
31542
8579
2958
30406
14466
10961
10318
458
20977
5211
6762
11910
5326
31183
17450
30256
30025
7984
14294
18183
31096
16330
6868
27365
21915
18795
17424
15379
7588
22480
6561
7266
12279
1118
29097
25207
15726
24083
31356
12647
4768
7611
28165
28292
1635
27239
5222
18806
12687
16923
23007
2701
21509
23239
31729
6997
2800
3960
4547
32107
15435
11728
29636
9104
23460
14260
18066
24828
27679
27972
11547
25332
25533
13072
26114
26783
21470
10376
22596
11542
31493
693
21275
14266
9180
32551
1314
1738
30072
815
28346
18485
6365
15182
21421
5292
22469
20204
28690
24828
6301
31821
29809
6555
23505
12482
3367
7296
7753
28956
30987
1336
17716
9830
29521
32567
30468
8916
29871
4716
1465
29430
4031
7704
20067
20273
27813
30175
12770
16752
10225
21792
2801
21271
6343
7298
17763
22329
16957
3535
31403
9482
29700
31238
14242
22167
24139
5547
20357
24500
7392
26466
24637
4406
32152
1212
27620
23651
1522
4433
11140
27303
31735
13327
32546
23945
30308
30417
7931
19164
14347
17459
29197
18746
23159
30629
11737
8366
3023
13247
9064
29617
25596
29397
23948
29784
5390
1482
29800
31179
31452
29993
14898
2553
19947
30833
9528
11146
32146
30641
6945
5141
30043
19285
374
1684
20907
11840
14177
30229
18342
5659
23732
16562
17485
26092
2604
5826
1769
12010
24312
25169
15021
29584
1909
17102
21399
8432
8508
28932
12951
12874
8286
8012
21747
13021
6638
10752
4842
4605
6080
11314
12696
32102
22897
19614
19481
13776
9895
22238
22513
4547
5786
29917
18603
8877
28884
7310
5825
12338
2869
1502
11708
32195
18745
15591
1436
3698
8318
9318
27514
23300
18048
31855
15724
11848
27559
16735
7593
7080
10117
30483
24814
17406
31320
13399
15392
23721
2007
673
30002
11487
28459
26112
6985
30020
25659
8527
2590
30140
28204
2734
15524
1406
28456
1075
13036
29035
22879
27868
28485
5277
13644
7624
20135
24386
23866
18343
16466
16299
4614
17520
8370
8608
19750
12626
15238
30711
29674
25836
14657
1125
20482
5568
31664
20883
28993
17637
11742
4980
23713
16637
2869
25047
11398
21863
8677
312
1607
31158
5258
11740
2282
5473
7945
7453
6447
11195
25274
10498
11985
1062
15821
23058
1800
8836
12774
17258
24658
9199
7691
25870
9075
21418
20416
2173
7610
3159
12144
19336
12423
14698
3087
19811
6666
3293
18942
12797
15181
15654
31023
28557
32629
24422
5769
6765
18501
12771
31886
9004
995
27320
18235
15071
20447
24267
12079
20919
19825
5376
8208
25561
2818
6572
3627
2153
9966
9805
20314
30440
3977
29048
31531
30401
1120
15122
5694
27934
15553
26819
3311
32000
22397
18088
16693
28047
30700
16456
12234
19119
13362
9674
28813
29651
14529
20837
5668
3350
17695
16663
12517
1672
26090
30874
30967
11717
4121
16276
25524
32205
388
4110
10322
8463
2727
18727
30659
22983
9634
31241
27609
17546
32389
22813
29102
10527
20683
15227
13123
19857
15908
8357
17511
32642
632
9844
5851
18370
10536
31058
31155
31777
10135
5290
10239
9089
233
26525
10923
24623
22282
12791
4516
21619
3314
11617
18492
13669
24104
22232
2256
3
3973
27741
13224
1153
7483
29422
3358
15328
2582
22710
9987
7106
13313
1921
31038
23677
20939
31602
28086
25966
32299
12792
25459
21392
29698
1278
27904
20044
24545
18018
19987
7827
27339
12201
31855
15403
25148
31217
10250
17734
8553
12838
3691
5209
8138
7545
7511
26667
18646
16910
10412
21037
270
26613
14221
24329
31804
9820
11455
11645
18685
20739
20051
26474
13693
23024
28806
20776
29058
31587
18405
25373
4524
15884
9909
8590
22523
12156
10641
9908
26001
23770
5973
4883
14777
26071
30779
22535
8745
15331
10308
4256
132
24994
26842
23727
2339
16025
13747
29217
24341
23342
24824
22668
12644
6351
15015
776
15770
14961
18230
15424
23428
20796
18809
6345
30262
24964
9157
25522
5711
21500
21590
14684
24959
1830
4334
17547
13126
5390
17855
20926
13054
8504
31627
11452
2843
17111
26890
31856
9650
24383
13196
4342
4664
2205
8927
22518
30861
13542
19571
27441
15672
24845
31164
27993
15093
29817
19928
10534
13677
30902
28274
9894
26948
31083
13286
10965
23896
8332
9381
21869
22856
25296
16348
20735
9524
20582
23376
18755
30404
24036
6284
7085
12140
14720
13631
30272
20462
130
15072
22695
17696
26873
20883
11138
29167
13229
14928
25086
6820
31318
13378
22952
5478
11787
20845
27779
25600
23037
32404
26967
6885
32357
16986
26189
14705
6075
30631
8633
22386
9769
1869
25911
19431
18751
25836
7929
12552
17384
21267
9567
27014
31901
12967
22728
2835
19928
24969
6057
21029
15052
27763
14556
759
23635
6179
58
23505
6696
1468
16747
31882
1110
30313
9469
26443
24816
29251
17332
32405
16899
22133
3105
9350
14281
3741
9846
24408
29471
32118
19097
10026
27705
22709
15479
16643
24981
31792
25243
19220
17197
30789
11007
24125
24049
24442
12834
26835
23412
5985
24666
9889
27110
12479
29036
23084
8258
2796
6746
11068
29384
18045
16764
20119
19374
19233
31954
23312
7187
25801
19097
28608
31028
15372
14364
3988
6626
11721
27341
22024
18484
17934
16276
26929
7033
25144
29799
19713
3696
15964
4123
31687
17852
29158
31866
26613
6802
8064
1685
19238
15797
23606
14684
26207
1700
4567
18027
6037
17169
24734
28967
26736
6806
17425
12298
31311
23204
32554
30779
29580
16060
5045
26466
20993
2273
18681
16314
18123
32333
1434
27240
32589
7267
190
29707
32632
6629
3695
14228
29002
2151
2881
11096
3477
10755
11060
1123
514
20303
12251
9231
30805
20876
18878
982
8947
32032
10494
4965
29345
71
311
15601
22926
12805
1194
974
16276
17759
6812
28990
3003
15562
21753
17287
26367
12772
26941
4936
7251
17762
12436
25356
14821
19273
29504
19744
22436
1890
828
17314
9984
3559
27167
5851
12272
7299
11842
13775
24378
32634
29477
23825
18927
22307
30991
10204
18996
20895
16373
14176
22856
11461
20893
25690
19139
5212
30468
12007
19740
12429
23804
24730
21358
30871
27673
5324
19580
7621
22478
6963
19186
8862
10452
26807
750
29275
18123
2688
16574
3230
17700
20308
15596
6496
30526
6944
29047
31019
4047
6356
21604
9610
20358
15988
7029
30143
1775
22380
27961
7091
28566
2341
9029
27955
8303
1493
448
19800
8565
24987
2085
19015
25234
15819
16196
17179
6591
16007
10378
10784
19564
32399
12931
14146
2082
30041
22173
7877
3687
869
17455
8246
30690
6347
15545
417
4799
10774
1390
19204
85
26452
4591
22020
22022
26990
19546
1503
17767
18870
7811
15266
4001
22463
8321
23196
18456
24945
4205
28946
10826
16732
30566
22836
1785
10061
8152
26192
3212
20255
16638
29254
28339
6612
934
24380
12618
15589
17461
24978
6784
31701
13802
9752
4152
8204
19303
10367
25775
8931
2157
19982
22111
15868
8423
6294
18212
21972
2346
1448
28318
29339
23419
28165
3030
15171
14033
31062
23076
9943
31453
31262
19792
22542
1352
17900
22775
22304
21564
24021
18224
7640
12837
31521
25200
10730
20153
21573
30379
2440
26934
11794
28092
5680
28650
3371
2823
20936
14585
7100
2653
6636
14427
5993
9760
9607
22308
23429
18599
160
20488
23429
27875
31351
13598
8628
29251
14801
740
9768
26582
27536
25732
4596
4784
16262
3413
17055
13198
10123
19365
8661
20413
3277
14518
9565
311
28520
10758
2891
4624
9271
18387
9847
26384
9449
27871
20269
32162
9815
13169
19494
236
26900
21404
18359
14912
30790
14019
9545
24755
19125
25693
19209
3083
31266
11254
13281
20191
1242
12406
23974
15353
19851
14502
26515
23295
19797
26864
29942
20563
11300
19047
10281
15415
13118
17159
18884
5429
19992
25405
28689
446
3438
11434
15040
29969
24722
13860
30428
4958
30981
20733
16126
8491
3140
5000
27585
504
26596
27866
26741
2590
3041
9678
16408
10237
16180
29516
30338
10326
21155
32202
479
6646
1501
530
30818
5269
17094
28486
17976
26365
8976
9762
32699
28783
29707
15746
9193
10562
11454
28708
25364
7885
2614
6062
15834
26247
17950
22771
4184
19565
7056
25970
23963
16548
3627
30239
28503
18528
10086
25447
7644
30212
7715
32366
21573
11403
7304
3995
9459
12838
6154
7766
570
22054
28618
26128
28505
11805
17701
7300
15792
11840
17030
27965
10797
8464
17535
20057
28424
16954
6425
4748
7600
187
18792
23656
21765
11335
8546
22235
10183
4588
27121
22265
18254
19443
2374
19195
18044
18695
32113
6792
2289
20121
25902
23604
12925
31362
2818
1095
10971
2026
9863
28863
2460
23401
18436
30360
32353
6765
8769
21578
2381
20956
9882
11668
6074
28666
10065
29816
22827
5516
29737
25479
24706
574
9520
27998
25972
8258
2012
17777
14905
29498
25177
26119
18824
28248
290
14214
12482
30147
17103
15601
19054
3901
5677
27055
15589
1540
7828
1166
24910
1525
29301
15367
5837
29175
10291
20420
22008
31127
9524
29535
6283
12784
25399
20077
26972
13774
8168
15803
12433
4371
10929
14807
4112
31577
17620
1746
25655
9688
18359
4421
15566
8330
1406
7314
25145
6798
6111
9836
15090
459
4402
9114
9527
17877
17352
31223
6400
16916
4990
23486
9780
4899
1426
26628
8988
23414
693
13446
7960
15168
32609
9381
28049
32659
32364
12719
23854
19657
8670
2144
28491
18468
15872
8105
9127
1201
8885
11439
11356
14194
3853
6167
7701
30395
792
22657
28795
2269
25592
22098
25328
1538
9786
15543
6528
20824
29287
23527
1556
11634
30677
168
29161
28651
25027
25876
15169
6220
8869
7837
7001
20015
2493
11599
2202
2725
22251
4181
2323
28886
16582
959
2343
6631
8427
19330
2691
22561
14998
12224
16212
13647
20335
3658
26038
12391
30374
9572
30575
32365
27201
31688
477
21141
16053
2541
14893
29096
14516
2184
8654
5288
13639
2132
20261
24247
22556
14094
11907
27189
29729
30148
20308
12585
25170
9296
4505
21730
15054
17952
18328
2270
9265
25656
8145
9450
11550
20601
27445
8843
25627
11811
5011
2461
8610
25497
22099
4154
14452
22884
5990
29149
49
10875
24701
16839
28198
10689
24697
15522
12390
24784
32547
23909
32540
27637
22814
14711
6175
22395
14362
26647
6343
25133
23369
30971
10752
18710
9239
15927
12956
139
31510
28001
1006
32364
311
23539
13460
31142
24896
23280
7572
17148
21882
30155
11691
6920
13738
6276
1761
10620
8515
24852
6753
31150
6618
8203
13960
8276
8666
19576
15164
28299
13177
28425
26751
22047
9195
18547
31555
25350
18133
14100
3200
28205
26116
8151
26245
28024
24927
24153
17548
1284
2842
74
12432
15791
5165
20501
29539
1242
7429
29379
19195
22893
15993
7452
23308
18972
7935
9232
3037
10473
26656
27734
19284
6122
12329
32083
25682
21325
11300
15165
24647
23705
15878
3200
9981
27446
13098
28257
20664
17968
18174
15585
24193
27448
15869
12772
19647
9964
11485
24466
13319
600
16393
10750
27701
10684
5969
1029
26044
12431
2528
29562
11578
22213
26223
8320
19792
13134
953
29750
688
26591
13615
2714
30327
16884
30700
31655
29374
27926
27627
16321
17771
6745
28024
13139
17741
16682
25316
32183
11625
23879
4733
24406
17038
19983
5309
11024
30512
15100
14018
28382
371
8558
24830
4021
6021
28586
22064
23726
17969
20770
24211
23909
5553
4087
13141
24478
28868
12220
15946
2095
513
9597
482
27418
31595
20735
15705
28409
31813
6986
8493
32671
2344
24165
10197
21500
19026
31329
26288
19265
1089
15256
27452
9541
32385
30263
30856
6695
19650
31482
14572
5430
11821
18743
14327
5901
30456
8734
14505
770
14392
24895
15330
23490
6647
15949
19227
13109
7047
23585
23380
20904
11797
18689
23629
22570
23937
21539
18425
25142
31598
23661
17968
27283
149
31871
14500
30585
6238
14323
17174
20981
2737
3555
9162
19598
30729
5292
28728
23849
7115
754
2564
3626
2263
18917
24624
2780
5212
9410
20625
19219
25328
16796
15743
8720
19424
26460
11217
13476
1732
15623
32009
6809
22359
5695
6603
12109
11142
26893
8340
21920
24519
20701
27816
13072
7596
17098
2380
9763
2232
22300
25910
31750
11633
19471
23106
10611
26294
9687
23910
2775
11603
4064
27368
28597
1491
25434
718
30021
150
30453
18839
29794
35
7145
8488
1699
14782
27706
19977
26311
9278
20026
31953
12374
18713
20815
15327
17029
11201
18422
15691
19034
15155
17160
29980
14354
460
21053
26556
9152
1887
11758
15529
25910
6534
11807
26988
25384
28213
12988
2255
23951
21653
24867
12875
14156
26639
23267
26048
782
31142
20931
24425
22389
9099
7431
26638
11896
15083
13294
30075
21508
5132
12671
12082
10213
19608
17797
11101
14058
4153
14041
30726
28484
2917
23263
17546
29744
124
9811
16203
21718
13072
15174
31654
10864
7555
6243
29733
25006
9432
19831
31989
13145
16067
22833
15002
4152
15874
5158
28897
1072
14576
19735
15894
21678
15960
31351
5752
24138
19591
9512
5098
30116
16037
28806
28139
20370
9285
25510
11720
13438
14138
22495
29456
777
25516
12426
23625
17908
5740
16391
26593
24897
17797
32257
24936
6805
26388
29426
12028
225
19033
31977
4868
30529
1805
20875
13857
26405
30454
24919
3425
23982
28090
47
28854
6235
8945
30484
30119
17636
637
25394
25158
30822
22302
1564
19554
8641
833
27480
14589
31550
15385
1822
20480
16246
31473
12893
30766
9583
6337
10239
28503
26631
18431
26478
13006
23702
24759
8279
19485
23759
13022
2990
22006
2023
21220
22002
19821
7930
5256
32434
869
170
10224
20816
16968
2057
3321
23301
31740
21177
20684
549
5138
12881
18866
8868
6720
19715
17705
21466
2321
12668
23607
15235
23771
25100
25086
4618
5874
6919
8337
15367
283
22635
22534
7430
17731
24258
13260
1930
11633
19274
10815
28241
8186
28500
31354
15066
11252
31466
15468
27941
14828
15028
14127
26810
13532
27933
29076
4844
16215
29361
12547
9823
18695
24009
23170
24520
6233
9579
27155
26612
7287
32620
29763
7948
7031
9687
26112
11543
4305
2963
30379
31680
20503
17471
110
32089
16352
9057
13008
25889
16646
22208
21382
13506
5649
14
396
17182
24306
4554
11893
8267
31989
29541
16896
31452
29425
12452
7147
27235
5569
14405
26636
17204
8440
28133
30877
22379
977
4897
6872
18736
31333
19452
6596
21049
18209
17024
25422
9361
8310
11689
923
18584
9938
16254
27293
7244
30416
16001
12260
22470
11180
20041
18615
15111
26105
11118
25700
18677
10902
24229
25300
13217
11742
11052
6498
24011
24351
15465
23021
5544
18509
22222
28716
27875
5624
4095
2370
20961
23420
21047
14739
20041
26488
12008
5333
3780
15489
17569
3178
6145
535
15413
2029
19709
471
8474
27659
10881
1267
6415
916
23532
9696
16129
32465
3378
27214
9520
32025
7717
14685
17038
21663
6899
526
20327
3214
7664
9719
21831
15704
32406
31804
30233
19274
29130
186
11916
12133
32609
901
6075
17001
28899
27797
27660
15922
7567
26556
21336
26951
14239
3291
14925
8369
32461
22614
14609
13321
31765
1989
19752
18389
10941
12013
27288
12821
12947
6382
10315
1304
6006
18877
2996
15508
535
13269
14262
16630
1537
30250
705
13559
2263
13919
14398
16752
11997
27448
2349
21359
28858
11090
28684
138
15997
21522
3067
1395
21469
7387
14111
4813
8645
27268
23620
23614
28944
30473
20422
7622
8849
8576
12209
2895
12374
31311
3879
24197
21549
24477
28930
30439
30568
15878
21947
16414
20446
18835
24715
21134
20018
17129
22479
556
16728
7360
1201
20367
21332
5527
13829
28489
17221
6566
27249
23415
163
277
26065
9111
3013
32363
13785
28314
16294
20809
27132
25402
26856
4440
653
27278
19993
9600
23333
220
3382
15195
5188
2222
29293
21225
16443
21544
11303
12933
22345
22680
70
22295
14084
16463
26283
13452
12538
20144
11516
23171
27801
19078
1956
20809
8268
25243
13339
17160
26087
16518
4199
17723
11845
15812
19427
22117
6191
28426
5439
25603
11904
31194
27080
27839
20871
26709
27113
4838
20397
28496
22258
13084
29016
23209
7705
21327
31759
5083
5311
32233
28894
30417
18932
23882
2556
26872
4412
11125
15275
26264
10899
18953
15456
31332
11184
5748
22564
21328
3719
20067
4922
27810
2321
6268
24578
31820
4687
1360
27677
7033
14477
7307
18642
23910
11492
19054
29360
18547
10242
16768
31861
25978
3118
9344
24879
22879
26758
3229
16801
15592
16779
16362
4328
9935
17120
11276
29791
7190
15951
31029
23231
23195
7181
18775
3723
12780
8255
30609
18347
24156
10684
27630
86
6743
19989
22350
4406
23026
30419
27556
22727
25798
25599
25698
29185
16895
14312
29490
15926
10928
28704
25831
17981
30314
28616
4787
14032
13836
32525
29594
31795
28892
25587
25126
16662
14295
30802
27229
21693
838
24861
13296
15454
3730
19178
23733
29643
9817
20399
22359
8528
7361
27082
8781
16607
22541
6213
27400
2666
12142
6231
29041
6033
2587
22574
16274
3197
29859
1771
2451
18444
8322
26095
18921
24366
499
16213
28106
26511
6
9663
9700
21878
27378
24918
12110
28909
11436
11788
10431
9762
26553
12069
18430
13581
30784
15349
921
1107
2915
27115
1242
7018
16591
30670
30199
2046
2706
32327
137
12948
16174
2464
4159
26222
4587
203
11732
4270
25969
32166
1598
31422
11413
31357
29225
1006
19828
30928
4515
7775
15038
1367
20505
4897
14165
15684
25730
20888
30743
14536
8666
20004
6135
32472
11218
13312
4691
26161
25542
28267
14210
1946
8687
19718
20396
9577
3802
18302
24542
11336
12568
9322
17757
12601
824
1911
6971
4312
9714
10946
7721
5088
677
18309
652
15601
29188
29174
28883
9105
15115
27756
7175
112
32313
13764
9891
20208
24825
22275
18855
10212
3425
13372
29160
14744
23070
25781
18346
275
11951
22085
21616
10392
30674
16384
15123
12147
16444
10263
13842
16114
16781
249
20521
20657
387
8638
2853
2586
20334
7622
26870
28973
13796
16285
2822
24189
13493
11042
23497
20603
22305
27369
30358
1015
31305
27869
16821
30180
22500
12842
28345
12892
10547
13914
21775
5348
30263
20925
23256
24048
25889
6927
24564
16810
7690
3157
24415
21487
5860
28424
15041
30106
23473
21365
25664
9990
9971
5988
23193
25550
24163
16376
11119
27607
18405
10966
28643
7569
2748
23177
30564
17785
20730
25126
5320
1763
7483
13355
16796
16886
10387
22701
3001
6904
23749
20147
280
1740
16054
7389
3560
184
23841
21833
221
19820
6027
4278
10698
28480
20858
9450
18034
12222
26082
6738
12700
25184
28384
9449
2149
17562
13738
9306
14810
7963
24263
28521
13510
3153
9851
28303
10185
2091
16774
18916
1962
11554
13838
11843
20462
17018
16601
28072
12714
32709
6847
32476
9365
10666
12895
8277
3681
27620
11794
8791
29772
5261
18973
7264
27378
5277
26411
4547
14437
27054
23802
18835
23679
21762
25940
24002
29559
966
13121
17802
9907
3224
2683
24332
8157
26184
27426
15416
12857
15323
9649
14060
11830
16854
27441
4192
4931
28857
11692
8129
5091
18633
25829
21532
8196
786
2886
3454
27021
21421
26394
4442
5942
8511
29692
7722
6556
21954
143
25177
22165
11400
21616
23137
7872
8572
29289
23089
8545
26028
19176
17873
21100
32004
29359
15688
30432
26972
12748
16318
19286
1718
32460
2526
30938
31936
14892
13182
19449
27041
15888
20610
25115
10737
5687
6397
16660
25097
29743
23706
3317
11390
13253
17723
20520
4584
960
11487
2492
11752
1743
2761
30205
9577
191
15327
17736
21029
25585
10832
13597
18283
21260
6265
16246
5152
27375
4874
21591
26117
26858
20068
20903
29239
301
29510
11582
18172
31104
7849
1343
27324
23605
6376
2728
27726
22363
2084
31271
18550
7221
8679
5936
18603
21227
8199
23884
16157
30334
31950
23476
17398
11521
14935
28446
22496
28679
14651
19927
4040
6488
25198
6674
11746
10216
10339
28288
19438
20745
9079
6432
31417
12767
19852
30809
31462
13588
8436
11846
29422
206
7826
7761
18022
222
32571
26883
29313
24891
5218
23066
5077
3246
7157
31964
31074
974
2946
19116
26832
8239
5790
10203
30712
6103
29831
8896
8102
21745
10504
10507
27549
30150
21661
10070
27612
2280
20440
18173
19232
22960
5635
15920
11946
24811
17159
26182
17218
11729
10381
3156
7036
23351
15970
12287
17210
25861
29216
9358
11378
29161
6667
18500
22834
25933
3897
17900
26337
19847
13046
5301
24263
592
25446
10816
28624
1912
9068
4856
30092
2008
31179
25762
28795
31879
19339
16180
21384
21585
13727
20459
19155
12132
10692
2712
24499
845
21164
3387
7676
15139
860
25042
7805
10242
13779
4723
6861
21947
23788
17305
28232
6090
3461
18620
10324
25225
17121
26404
5097
17571
16971
15102
22608
5322
25084
29360
5930
10157
14143
21610
11189
8740
28627
16893
28491
15278
23185
12017
10027
1310
25422
15569
32636
1937
1539
29130
14223
20387
32044
15733
25445
14563
12141
16368
26225
3460
8315
1843
2974
20053
26938
13985
24212
14067
31523
19678
10807
21052
13033
31713
16497
13064
32348
18250
28466
9492
6541
23797
18101
27199
10035
23503
5380
22521
10317
31976
15038
26872
5897
21194
15640
5932
10469
4874
14626
4598
31764
7708
7244
9365
13347
14699
17960
24801
18908
12201
30577
25147
4715
19300
12877
15556
16831
24539
28623
27853
27699
21519
20160
23183
19310
25629
8095
17948
19079
3274
29158
12182
7533
21856
1679
3999
26503
27577
19415
29712
13719
18073
17986
21742
20196
16961
2783
13722
8600
27456
11981
26183
20071
27533
20478
31153
6001
19923
6971
17165
13930
2828
29544
28731
24056
5713
7690
5187
27228
23280
6406
13823
1365
24768
32171
14101
16705
2737
5363
10025
28550
9127
262
22352
13872
11657
8192
16839
10460
9876
3060
6629
26836
14582
23601
6222
4219
2200
3012
22378
28140
4923
10558
21525
20702
22214
13239
26264
28619
12766
18706
18392
10321
12984
2435
30414
7896
18475
21583
4663
373
2314
16851
31373
29198
1456
32456
20533
23487
22492
27845
8698
14205
25792
11269
24506
1017
1364
29291
25951
29895
2288
21443
12817
7360
17946
24395
8107
6053
11677
13938
11883
30469
5083
223
14573
30304
9315
25013
9306
14988
13254
21014
24797
8280
25511
1254
20054
24176
19730
14289
22867
32384
9487
5519
25660
29084
3958
3430
20685
17376
5124
17393
15817
13139
27055
289
19693
11793
3127
16257
1315
31658
20478
16574
9465
5573
26649
19302
31057
29705
4775
30192
3162
20285
24417
8957
16575
8109
17523
4829
11550
23248
30091
11861
19387
13353
12591
28319
21110
25963
30803
1715
18170
16864
25643
12741
9016
6411
3646
19215
7700
11405
16060
4816
27741
15685
21777
17557
3587
29627
7866
25271
31620
10175
4183
23333
18344
19277
5378
26979
2414
31924
26592
22995
8774
1015
11253
4660
13440
16244
13885
872
24069
17347
15864
26746
2885
13025
26437
30431
30320
3726
23538
25596
9961
2547
26259
25577
1272
7816
17361
1397
21951
26677
7685
3946
13167
3256
26374
17170
21947
12870
1086
10233
16013
18805
260
17653
7928
11865
15142
27236
2159
25837
15812
29109
15924
29877
15973
5674
15122
10146
28740
19163
16207
12342
8683
12799
31453
31464
22787
6503
10192
11978
24683
8267
10517
8553
31879
27209
352
16885
14811
939
13926
16290
2520
23273
29773
28493
8693
29550
1376
13411
20738
13727
29192
28927
16057
26
23799
16722
18839
24123
28583
1608
30442
2021
27395
872
10538
3711
12388
5117
4236
23356
22206
15219
2517
25248
8220
5379
24428
12608
25417
26259
8372
13769
15824
23255
920
27715
8743
9917
1128
20119
5672
7688
14307
11855
13760
31546
917
23454
19947
24248
12387
15776
9184
18729
2916
16354
15496
5407
2290
14629
14389
13305
7681
12127
5777
12808
17328
7427
30421
17904
22814
7042
10299
28497
22399
5906
7861
26791
3183
28590
8159
28783
20101
11102
15410
11660
24620
7608
26747
13032
29870
10407
19340
26206
2962
31339
5170
20184
5672
27873
27495
3508
7010
27141
22216
1901
19941
31157
8009
32631
18528
23736
4135
11114
25629
22782
8734
355
24022
6953
26333
17831
15561
20813
18615
7050
12302
25332
29339
7568
22057
27238
29766
16593
8924
21287
30391
1954
22335
16832
5347
18289
16402
10434
11435
1521
11857
12041
15371
12664
24073
19262
7828
14501
16235
14495
16156
17733
22046
10499
4532
7799
8922
22552
27098
30223
19251
25584
240
9529
29618
3772
16621
7263
42
19927
10067
2636
11849
18950
21601
32401
15982
13566
6793
2855
7866
6182
8740
10583
19562
159
30053
26071
24420
11394
2187
6198
29711
7528
4699
10617
26472
13360
18638
11783
6483
14844
22023
22210
10542
31357
6535
32119
24748
21361
2468
20600
16609
23913
18743
24967
26009
4560
17814
7158
13038
4649
28866
26125
282
29848
27617
29100
14985
14756
13806
49
8243
20283
12975
7580
10280
17654
7655
5874
10860
5535
16078
12255
20486
10737
28606
23454
30804
30878
20015
32030
2209
26519
9957
29277
23033
21127
29288
28440
14652
23200
30133
27303
11634
25499
23347
9507
30814
25082
22504
1993
1366
24209
12525
25763
14930
21316
13599
22885
24386
17682
32536
22933
4005
16211
4958
9198
27223
5181
11993
9991
29610
1709
22923
6448
23993
16677
4475
18332
11001
15888
8690
24774
24337
1358
31466
15885
12780
25324
7364
28833
30988
31539
27705
5539
15137
24549
659
13704
8666
2755
19997
12991
15867
24914
5848
2963
20912
9695
15215
29522
5408
31169
14957
1711
10566
21726
23470
8037
11516
5745
3603
2845
10329
4874
19834
10642
16957
17366
9454
13811
29738
31520
8474
16265
12374
16920
18180
5529
11774
17363
25336
10892
20476
27028
17345
12877
22940
3146
13856
32755
26028
24409
21622
26272
21458
30877
32452
8616
8227
6572
3797
2038
22768
7772
7354
3756
9955
13446
26487
24330
6987
16649
13820
913
14517
5649
17495
28776
27068
24217
4391
27390
23074
25390
8020
5361
26143
3062
32765
7727
5112
17394
14514
25179
19412
8576
23012
30066
16844
30756
22937
25518
17985
14215
1636
10410
28786
15296
9877
8648
22349
29395
6061
32720
19590
31607
533
31705
19943
8477
29967
21357
8423
22829
32492
20456
19581
9619
5504
23841
25910
122
25299
29516
24454
13655
18969
22559
23643
19242
14564
31540
9208
25601
6297
29103
17153
13757
29728
21792
32210
24
9696
2475
3605
9191
8683
12134
24212
16285
12405
17154
14667
29969
11403
12718
7106
15489
6914
25656
9626
26838
11693
1397
21861
16681
1747
2020
1979
21383
20703
11918
27786
25841
32346
7472
26285
8871
17943
13212
2496
30887
12205
14429
10803
12656
17450
5786
13214
17163
14086
13117
14676
27980
6998
7507
30011
3414
31042
7606
10459
19037
22457
27114
5300
32688
3684
32326
31189

