10000

31558
25551
3866
22327
30425
28213
2760
23750
8342
21754
28868
2357
30823
19824
16870
14212
5272
24260
19061
7539
17465
2774
30628
23285
12483
31048
9820
7650
17150
22742
20284
11756
20257
27365
13279
29908
19515
27998
29021
22238
6867
22204
7188
28546
7883
6244
18600
1636
12427
23349
9800
20614
10587
27233
3635
20924
3855
16507
11387
29281
8938
27345
9737
7497
22461
14075
24546
31222
29519
24244
19369
5903
24321
9705
23908
6413
27570
7952
3715
16696
3297
2491
4638
24786
20241
32621
7806
3218
3442
25260
28639
9300
10941
17495
26740
782
20832
13114
29100
27398
32475
10720
692
578
24170
3752
28733
29504
14052
31259
27007
1512
28643
14205
18045
17599
29221
13218
2955
605
26418
19972
17934
21281
7231
16402
9860
20259
3155
3786
31684
12394
21928
14985
29574
8544
7764
8482
17445
20354
11304
17966
9124
5724
13273
30116
12272
22197
9053
29866
11364
19975
27544
13482
14482
562
3384
15527
25665
5488
27870
15570
17586
5772
12926
88
28456
8527
14344
12671
31910
25404
19272
9201
31483
22653
18187
6487
28412
21788
18307
13354
19473
11894
32236
3270
1267
6381
26480
7361
6579
3550
27464
29818
18175
19923
9253
28405
15009
21241
22734
22502
29000
18388
26634
14347
8587
22065
11200
15295
22571
25180
5981
26573
10648
1684
5494
4226
7351
25276
26799
18182
13027
5203
5083
12524
12594
27302
3428
32263
3833
11076
16877
28799
11666
31411
10807
11045
15708
15713
30785
14852
29700
1245
8116
2360
30723
23879
15741
15876
9576
3846
8892
9758
4056
10424
1757
12621
26067
25967
9476
10550
6456
17178
18607
7027
28940
23873
3479
10726
26743
24566
22231
13645
32527
9992
16719
5654
24154
23929
5451
22388
30861
12594
31584
10418
1178
28406
30871
30920
31594
6805
30158
28716
31335
22370
22106
15594
12094
13542
25073
25847
12515
13270
1480
4802
27093
5955
12536
4109
30627
22033
20518
25339
9135
16554
11363
16746
22834
12019
12625
20098
15488
19072
24199
22158
18318
18692
26679
32011
4017
11019
19214
4351
6312
21227
22364
31629
22749
2039
30581
31941
21224
14839
13655
10945
26709
6357
17293
26349
18855
21657
3411
15782
10140
6551
4602
25607
2483
7399
3982
18431
28140
19734
16567
26279
5583
31515
12765
23763
9391
3981
29071
26088
29488
8211
8230
15597
15367
31003
8869
5092
1537
28623
31972
5466
28487
4164
5870
9277
15840
31733
29095
19950
22903
3185
3762
8855
4703
3664
3985
26559
22996
10347
20494
22811
20356
17229
32730
27559
18510
1252
32629
18166
12873
13436
1101
26822
31240
6895
18474
9944
21788
13077
18377
767
5595
16002
21703
1398
27744
4721
32450
4470
14547
12539
6074
26632
21227
653
22461
19737
27312
17304
25539
716
26246
31370
15319
3860
25191
2558
21623
32641
13424
13103
24382
8026
6815
7347
1728
21485
30171
12646
8630
4899
13876
27556
8539
10327
23661
24763
16149
15208
13495
8351
11608
19981
11968
15840
20423
9065
30444
4570
16029
17888
13538
4396
6476
7976
4939
17515
27748
22179
29910
14615
11957
27116
31360
32461
6584
13232
16146
1215
24875
21695
27627
27490
3580
13154
2815
7782
104
1264
14880
19179
23908
5532
9085
1522
27452
17041
24424
14097
8570
23105
9052
7020
28681
22265
25150
29920
410
10169
16867
14721
32071
31556
2515
22343
2934
16755
28492
24580
8705
22222
25226
12697
23444
3677
16710
28266
24150
3516
4733
23055
5579
12142
12146
28237
17401
24435
32246
15428
11721
9757
8167
28137
26289
21791
15351
31671
32656
2791
17326
27298
7385
46
23219
9805
14324
21453
17223
19324
4065
18642
29714
30412
3359
10963
15138
27554
7372
19586
4657
10081
18189
21634
2086
13536
1200
19577
25567
21531
6160
9831
25646
18984
27961
11318
16673
28013
17741
3474
21127
16913
12583
32762
32687
15024
7997
9495
23667
29011
203
11085
6005
27807
18990
23697
7593
17740
21133
3962
5908
16345
22207
11930
8403
11902
9065
18958
26718
12131
10855
26452
3086
6927
1902
861
25821
14115
14319
31459
7534
328
2622
19709
14925
9830
2035
27633
30583
31255
24465
4169
7965
603
4453
16937
15781
27533
25521
3295
22258
30869
25098
4284
229
17248
27647
26402
1827
24973
5883
3295
31769
16745
26477
18105
23358
21278
9509
13386
8344
21031
20225
1295
31106
17159
29130
955
29356
31035
26201
27601
18275
14701
15102
15729
13843
19434
19490
882
32266
4950
20522
16306
27262
31647
23199
29098
3794
21807
6796
27462
6165
28774
22568
26611
22476
3399
30133
6649
27633
29553
30632
8715
10299
18001
22538
9500
9376
27031
10526
29813
5401
2534
19268
31749
20133
7632
14877
27384
7568
29441
13552
19083
20725
7098
17997
30494
8066
20610
28400
12170
18811
6680
30695
11958
7169
22443
12280
869
14741
30029
6205
6738
19416
26278
17425
11903
660
14821
28720
5066
1024
22268
5401
4033
12864
16141
30903
13495
27180
24607
833
29464
8018
20758
23391
21753
31038
2530
3470
6131
22009
27638
17093
6450
21967
12028
19033
18377
21589
1479
31518
4424
29355
3977
12239
31889
5887
26950
25263
26343
1362
29576
11377
5960
30079
8277
10837
7165
19065
23902
3989
9839
20180
28281
26111
22844
6791
19537
16867
15498
1520
23388
27951
19612
19992
3854
19929
22179
20025
19789
2941
6102
29309
9764
14408
21188
18441
13243
276
20201
20026
13959
10452
30336
27950
16830
21299
1689
13703
3086
25208
1387
19819
14478
27821
29419
11983
11253
3072
26526
6902
16906
3689
5547
26420
30555
18573
24628
1784
23346
4067
31974
30474
24005
8213
21455
28176
20141
28585
4464
30295
8089
14304
7956
21712
16196
13278
30048
24921
8356
23308
32042
13374
16997
6843
29327
19712
19093
21258
32319
5717
2721
6921
31004
27503
32640
4126
3588
641
8750
13480
11754
24704
7260
8675
2604
14887
13670
4364
2336
26173
2949
32709
26864
17690
27974
29626
1193
16744
26426
8581
28558
20007
23023
31439
23218
1523
11296
26552
30918
20362
27945
12153
21551
11145
31677
21576
19292
3958
1243
26237
10070
29187
28414
4850
152
27793
1429
28847
26146
5620
30898
20935
31433
31350
1286
7037
31953
21790
22541
27051
27581
28210
1158
357
16486
17146
6950
22233
27467
23239
15245
10873
3368
27956
12665
349
7626
15788
29242
31970
29985
20524
3686
21912
27287
23370
27597
32091
32416
7031
23471
11455
17042
27521
24877
24498
29368
18012
15358
1372
30369
5665
2915
26442
15294
29783
7517
3020
7725
16242
15901
6043
21455
10649
7100
29375
3488
9388
4652
13488
17224
20358
29551
7100
23789
18559
8198
5032
12108
2357
941
3994
32264
12173
19013
15159
30785
22516
24850
18184
25449
27883
6182
21538
26707
4034
30749
17158
13965
32419
8203
27078
29168
7123
16307
30057
7797
31285
506
31377
32331
4880
31643
31067
5670
2321
29211
22663
19417
7316
3840
7129
21287
13599
21310
22974
23766
9263
24306
13363
15366
1336
24914
22755
30145
24295
17636
19599
28371
27050
27631
1459
11228
8050
4400
6759
22435
30904
8397
1411
941
31422
7567
18182
22287
31511
26187
25529
8064
15465
28577
2063
30898
18546
17897
21072
32227
11081
27499
2038
14767
29670
26318
14936
18472
7653
5588
7813
24360
18567
6212
7283
12518
24314
26407
22873
23752
5594
27702
16729
25208
25079
11668
21602
19258
19545
25017
14933
32125
18305
32686
25190
28335
27122
8064
12742
10070
12784
16111
1407
19805
13960
15974
2975
10411
27088
10800
14232
22011
20592
9192
21991
7143
21089
49
756
5701
2293
27816
2361
11191
11800
12823
27303
382
4309
26348
6469
24975
13084
9705
8987
18153
29890
7452
21838
1061
28617
2322
6796
14415
27106
28744
6314
1524
32560
13026
20876
16508
27215
17055
19270
954
3477
5901
896
27074
8599
12793
12831
21243
11503
18474
7970
29813
10557
25167
4041
8316
31084
2613
3837
32109
5431
22589
5356
7880
3563
29966
20980
13447
20590
25479
8386
17582
18560
9975
25531
8996
18753
6545
20890
7105
24307
1818
30043
680
28162
24549
25945
7895
17217
6145
30131
8956
31095
1713
27123
10378
22554
23068
27122
24845
3930
29510
15862
29115
30050
15935
5662
11595
10458
23195
24832
8202
15536
10273
30096
8747
20760
3016
5188
25694
15825
223
885
10917
12714
19083
19209
10595
27462
22902
21327
14518
28444
14790
27434
20999
24257
7500
31090
3040
21866
22014
23959
2045
28077
21672
17287
1957
21639
32734
28370
6715
3491
30517
16652
6672
19673
5811
32628
27515
2294
20099
7122
12844
11195
8941
1190
28861
808
26758
16510
18058
22522
4260
22696
16323
19826
6677
22281
27583
28248
31249
23373
11667
2880
4460
2881
31460
19980
528
25212
31993
9906
30891
9541
18452
30015
16037
31409
7427
5404
10325
29196
26866
11664
13172
30586
30595
27527
27090
31710
2849
2194
23623
21499
20369
17198
18925
4826
23241
11337
18316
25451
12294
28162
31574
9582
31001
28593
16597
20884
27137
31527
18721
26850
703
18231
2902
29527
9062
2933
6469
20942
9842
317
11370
26406
30042
30199
32543
23711
19305
21146
17934
1415
6857
15471
24044
9751
18401
13080
357
8600
12001
20432
6994
21449
10138
2548
2354
6533
31636
9411
25048
19617
602
10850
5217
14100
22553
6178
29545
16730
25193
8198
127
24602
5995
9088
3029
1286
15124
19324
31804
5890
1736
24991
21328
13705
28459
20177
16880
19277
31796
25337
24818
13342
26499
18951
25108
31245
29940
21048
19765
28113
14708
26517
7621
7786
17427
26814
21626
29700
23899
14565
20804
29213
20704
13085
2436
25834
29977
25301
28281
32247
25966
9631
6138
9231
8850
6711
1899
31323
3347
192
5866
25293
28208
28752
26825
32704
746
1455
27457
30936
15710
28508
17508
1840
12369
31441
14932
3252
22797
1800
27571
15051
15212
62
27738
3130
1074
18679
6734
5701
9631
13378
16111
29974
8773
30014
20595
22371
31256
10205
26515
27980
28100
22248
15748
16002
3139
9028
17961
11182
16046
28787
14983
7953
18003
14941
10105
12391
24841
30801
21669
16402
1984
12615
6062
19828
31580
9576
26540
3229
5060
12496
17625
32550
1333
19346
18572
5212
4061
19196
29036
5282
19877
18461
32733
23568
4686
20357
30399
10336
4543
15948
5208
32267
16541
28758
22414
26799
8989
9172
25946
6836
32278
13838
25209
12335
7771
7521
5477
6406
10823
17539
25731
28246
12697
11023
1182
14097
28546
28477
27540
24556
29437
9456
23375
27256
8543
7671
6391
6030
18223
1932
9318
4337
11063
289
989
22063
22491
4189
30709
28872
3754
5729
11224
13202
6707
10831
13744
2396
29210
32013
31584
5842
25963
10822
20339
13217
16173
6834
23121
32475
6459
23448
9145
4764
20815
3985
20587
6894
21600
23694
26661
21482
13358
31516
14289
13088
15131
19175
9213
16441
29244
4221
32651
24795
19888
16469
15018
7117
29488
31504
32261
5980
20200
7934
1594
22269
27269
4836
21389
31795
14992
11773
478
3763
22010
24894
23768
4039
19448
1502
1132
23792
3089
29974
13693
9679
5236
19750
2781
31045
23184
1944
19065
11738
8671
17608
4816
10587
13570
28836
31914
19399
13587
9393
1286
365
29495
27471
21332
16462
2162
18493
12260
29896
8128
10847
16031
8566
9825
10943
20981
13906
22132
15571
27158
25372
20423
13310
13413
26880
13038
16984
7977
12147
29330
21682
21894
8286
20236
28629
14253
3966
12338
29451
9039
12554
20849
25569
8279
25495
29725
10026
17880
20794
3076
19271
27460
11244
6729
18342
31200
2354
10864
21897
29300
8445
9653
17929
31559
29646
28834
31066
2634
7199
1760
23376
32660
20223
2382
2338
17422
20476
29264
1135
16496
23621
25706
6014
16492
20752
18189
20170
5672
4410
9648
11198
4594
28205
1315
29885
8752
6151
8992
18021
12181
22777
21540
18965
2459
8172
29564
13740
30509
7787
6563
30868
16291
32189
3275
14848
16372
28497
8122
3185
24615
7264
29399
31359
32011
14541
19333
20694
6696
15696
30127
18815
28661
3283
25508
31841
10828
2332
38
14599
27418
23213
26301
11683
25947
28648
30290
32595
9286
30583
29176
14244
21188
23019
9229
11093
5927
30371
14210
15965
22297
10224
15223
10542
30674
21110
1291
9020
28303
982
25458
5817
13631
25738
23112
16803
30591
272
22052
26625
3016
11850
3953
31594
3303
3365
3961
23494
10158
29049
3011
5465
28906
12336
2975
16381
22421
6315
3071
25518
1868
7521
5512
1612
20227
28617
30953
18077
24567
4987
9580
10386
30948
11410
19914
30411
20856
3412
20292
23900
23048
18197
3823
8658
9091
16984
16720
7281
932
8760
20520
22208
18795
30470
21137
29512
5581
1076
19274
17048
11435
7537
8528
10636
20993
24342
1710
15567
1888
17857
16789
13727
15774
26943
2991
9168
20172
24240
31665
276
21608
1509
11568
2425
11732
17933
6837
32051
19207
32145
24083
12188
3971
10556
19192
1913
24966
1695
6083
21631
14725
13748
2197
7702
17878
7617
20651
20316
30381
6527
7659
25709
1609
11900
700
31970
20847
21438
12827
30615
5144
2985
16876
31666
24167
21795
26509
4832
21981
14325
25265
14562
5840
28788
2668
1097
18969
32354
12426
19581
17166
6927
20261
28932
14768
23235
13431
9729
29989
32096
8428
27131
31336
12868
2939
2272
4927
21357
55
20554
16749
23520
19745
22784
29225
7499
28993
2496
1488
30953
501
14140
32727
8102
31368
1378
29443
7556
10758
28128
32220
13373
13135
4072
27487
18730
21355
11568
19443
27235
25117
30782
6814
12072
16571
6114
17017
30591
11068
1028
6241
20255
8083
8095
7408
30605
20284
13326
6827
23941
20244
12679
29821
32155
31085
22757
14437
31778
13922
12970
19051
29773
7784
30532
15320
17044
11046
19599
8870
20057
27271
31900
1334
5836
26637
2481
11841
1804
16488
17296
32017
21903
4935
16892
1521
29379
18286
26746
5858
19189
21768
22357
29839
24435
2623
28132
25475
31469
32267
16911
20890
1313
9543
12560
13237
14776
15882
28023
27570
18026
1332
11889
19100
5225
27207
25673
798
16637
13689
5679
8254
2411
21511
19769
21576
11804
16075
12455
13319
4347
12049
14187
12859
4895
5543
4841
28488
30122
2099
14075
12588
16881
6345
9016
6067
31965
19389
20854
24814
10641
8118
28045
20961
24396
23556
14942
6012
30353
6452
18452
13261
4486
14305
24490
19315
923
14797
18350
26454
23659
12592
17988
32405
6631
14927
1133
23744
17841
13137
13961
14408
454
9806
11803
3379
18528
6570
14541
4116
25371
15009
28852
19771
23894
5666
25044
18473
30172
21473
10471
12103
21444
10152
28506
30679
661
27885
26777
30250
31150
8362
13452
17939
13029
11625
19297
6045
5231
15774
22157
13305
12800
2106
6925
20154
10546
19325
22770
30533
7467
27148
17436
16002
5498
24131
31302
25816
17475
30668
6723
9305
30620
6001
24710
27449
14902
23854
27880
6789
26432
31883
5542
7441
13704
11049
27561
27315
32228
23962
21515
19374
16592
18037
23254
28785
12120
19370
8975
12674
15161
26132
6131
2997
29251
8013
17280
11425
10497
8646
28215
9044
14492
3863
27681
2374
21501
4243
15120
14220
14386
22048
22055
23630
15379
30534
25244
1147
805
27269
6589
28091
22462
1772
5169
13478
28778
17383
23169
13107
9358
11097
24279
9075
21579
12778
17413
23167
1957
27043
5576
12207
2277
17080
22094
25612
32315
20132
1271
7688
18088
14715
601
19821
7707
28028
30086
2964
19675
5350
5777
19415
26148
28174
590
28744
23061
9645
31578
5796
24266
11134
15451
12674
29893
13577
16265
16848
2706
25273
8046
17536
938
15157
29929
10367
9881
28909
22137
24807
13916
9715
23736
26485
15117
8717
20518
17213
15810
12040
25640
26524
31666
3919
9041
32623
21657
17084
28895
30850
30814
3501
17289
25420
6131
30299
32120
31449
7550
11367
1427
26887
12214
3766
1535
6901
1167
17279
29670
14777
18201
5794
17528
6993
5285
4668
29488
16348
21803
1400
15705
12043
29416
28072
14032
18898
13643
30100
7179
25699
17170
32529
1370
15452
4017
27350
24429
7999
14323
4748
19735
21796
4579
10532
22097
9130
29677
30061
2178
32051
30529
6886
27646
12369
14712
25809
29388
11131
24954
18312
17580
10501
27551
3092
3160
22351
276
23036
10763
20796
24193
4955
28480
31461
3560
14133
18364
5775
30673
15883
29646
9691
4004
9389
14294
27453
8022
6480
9476
8111
30279
32480
24418
12455
32619
15000
1301
6726
681
32719
6880
12754
5504
3605
8681
29798
32496
5502
15040
11752
4760
13630
31133
3132
18204
18550
20457
29367
3017
30030
12032
8663
8572
12868
18486
1841
31423
13764
3608
18858
26422
1016
23284
26090
3642
3809
24731
28430
31939
7335
17765
18333
19083
26669
4726
26302
6768
12265
22336
32168
31258
9971
9801
4441
25823
31835
20270
23691
28131
27840
31209
3556
21892
4638
1871
13933
3573
26088
23260
31813
29480
10583
29107
26007
14834
10241
27361
20425
23146
2221
25826
26358
31122
8294
21606
12703
5689
31694
14421
1181
32031
4789
20240
29530
18523
23018
12538
4161
28154
10065
29751
4467
8681
7222
15795
11708
3861
2529
25446
17861
11216
1131
983
11659
11639
6096
14047
10767
24401
21316
15280
30544
24763
7883
18453
27254
3714
3844
23804
1104
7057
11077
17457
2048
7372
23021
7020
27125
3131
26358
4238
11034
1899
22730
13096
29773
19729
1880
32573
1555
15857
10598
1353
20618
25854
19497
21377
18335
19139
26899
1117
18304
6145
3564
5716
7509
19354
19236
28902
2091
1965
23656
15072
17968
14851
16243
26076
550
9130
11559
4871
13586
991
10460
13607
20532
27186
6648
5084
17212
29668
9151
5157
12987
30868
12141
27175
29400
27162
23682
6186
6724
27572
19294
24293
16752
25696
30221
763
16893
4232
2916
3013
2676
22244
77
24402
23095
25757
19295
24492
31159
21678
32434
27997
17128
26256
13297
29490
3570
2070
32432
24383
22058
13974
22784
11555
11072
31561
15937
25998
17081
1780
26680
14080
15776
12488
25186
3027
30329
23687
26503
16763
27511
3049
15761
25869
6383
7998
927
6398
22539
2388
9814
2093
5571
31387
28279
2596
30217
18311
23991
23707
14148
3638
19915
5694
27136
24403
1474
14001
20708
28218
14743
30672
31972
3165
10247
17467
31160
29670
19104
30482
7820
9630
19483
18685
22265
24077
14571
3696
30772
26083
7702
11053
30341
16790
2628
24330
3835
1101
9493
20468
14687
18941
20664
30004
30310
7377
2490
18417
20010
18896
31003
23798
4827
26810
27815
19382
15282
6962
10627
1677
27687
18210
19719
2121
31588
20572
12235
31465
4089
5501
32517
15269
9169
13335
18
24622
1125
22543
12882
8502
9007
6723
17209
20019
19042
12912
2211
11872
2520
84
30056
29445
28748
12303
15409
7929
25801
32207
5258
1893
13410
23724
22072
20938
10276
1233
24268
4934
14153
11485
30072
29971
10670
29321
8482
592
16008
13962
9399
772
11090
28601
5570
2144
1802
14705
16701
3652
30108
8504
21158
22021
10143
30626
29014
24174
575
10355
18447
7428
890
24068
10964
23694
13968
29672
20221
25813
19636
31950
18826
20393
11784
24489
18360
12068
5832
20495
13778
26931
5317
9695
18506
27729
30998
22567
6920
8598
4618
8005
23298
16369
16737
588
11789
25778
17083
21417
19698
5451
13904
24838
965
3671
17378
23150
3186
987
27120
13490
30617
14028
19757
2828
6044
978
7216
17411
8694
20300
23405
32142
31438
29332
11620
1148
24267
3716
27416
23315
24363
26425
8387
4856
25615
11542
17096
32335
10521
22284
12009
31778
26681
29209
19898
25607
9924
2575
26709
21757
22727
3991
1616
27544
20122
24437
26604
9054
8376
20238
28815
26480
3533
25127
5493
5741
32529
3567
9378
32147
9941
11584
30747
3879
27995
2594
26965
22551
8171
8337
6382
30943
5667
32384
24219
9641
16783
25885
30050
29112
23418
3927
14345
27142
9475
16797
462
17196
28019
1769
1880
7811
21197
16126
15342
10889
28839
25070
5863
8838
28985
7390
19809
29039
13492
11277
21558
31754
725
5651
15916
22099
31417
11367
19052
26655
13555
29988
14134
17663
19420
25101
11474
15207
15914
30926
21706
24335
24516
20613
29014
4762
19669
2176
2328
21622
4895
7240
31497
21251
1427
14559
3764
3063
28190
30535
21666
31489
4549
8259
27413
7084
15092
23906
31481
17031
15891
31544
279
4483
11355
8431
14220
2972
10472
8447
13177
3003
5135
18233
2813
8923
241
18442
5984
8555
10576
13566
10129
20468
21410
6787
14035
6908
24420
10992
31667
13866
27569
6853
25405
31403
19475
4660
19567
1235
16281
22497
6126
21768
7722
6375
24568
30684
28696
29211
27802
31097
9208
7828
14371
10306
22194
28523
6104
27319
25044
28863
23785
11417
9260
24572
420
10063
14485
22365
14057
2441
3857
21168
26078
16931
7192
29018
31203
29260
4656
6554
1737
19175
22974
24850
7998
22833
15132
24195
28556
1701
28395
18648
28804
20509
2219
1894
18100
30777
28553
6002
8673
14596
22903
27379
12465
14549
31874
9370
31911
18036
27232
21776
16980
8318
19017
7551
6604
19467
25865
23379
856
16013
14162
16706
11370
24316
32342
393
214
8752
29333
28025
23614
18062
9460
11827
28622
29414
12816
31408
12330
15516
16337
28420
24485
22790
31042
26851
2228
32278
31904
3428
31906
13881
28593
23557
10885
11134
11862
29423
25200
11771
18276
26748
22762
31085
15280
24055
32415
32286
13161
12195
86
12556
7595
26110
803
10055
28240
19526
28894
155
28170
20541
26835
25967
20655
3882
10427
7149
1491
13344
492
30819
30620
2946
11980
11497
11218
28615
7307
15429
31542
29563
32018
5131
21269
27782
13622
4617
13596
17585
31538
30945
26990
13158
14676
6136
5876
17591
2294
10895
13812
20899
22960
12848
4326
19860
6348
20556
18307
3371
27898
25378
2078
27200
23109
27106
29495
26917
25158
29715
23886
17195
29848
8242
25333
31336
17292
28060
809
23223
20765
26030
13282
3071
18470
24618
9449
6585
30162
26332
9450
5036
30548
31870
23754
11259
28633
19162
21818
30306
23227
31790
31373
11453
19960
17364
4806
7370
16610
23074
23030
9007
11032
28560
14533
22463
4020
23320
18766
20217
18630
2019
7728
5329
9986
26145
32737
17588
14773
25401
5190
25286
21246
11554
9345
23150
7226
17680
29963
17940
20160
9556
25602
25641
25807
32381
16836
23912
22212
20420
6076
16476
14480
24231
20860
22051
19306
20947
31756
13425
22465
29511
3970
12504
25461
23991
30419
6470
6214
6446
18921
21967
28301
27384
28150
22444
28714
23743
4103
31108
10173
16116
11740
13547
4121
10865
8439
20777
6133
17756
24563
28476
3557
20302
27159
5920
2185
14516
4395
10829
7940
18806
5514
24450
1456
6871
18553
11201
25361
26781
10423
15514
28935
32113
11606
26541
15943
16008
13000
13163
9227
6787
15933
23836
17417
24468
2861
38
8866
15587
5936
17036
12637
29488
8214
10933
23955
30905
18484
623
30572
5214
21756
27443
1290
13315
15313
1963
22019
566
28953
24177
27413
32529
11667
23066
1557
8290
7658
2675
30249
15626
12427
2826
29751
18339
30132
13040
9117
7270
17870
29118
2851
26187
8701
32214
6701
24433
757
14315
3638
28865
2575
26564
19577
29903
18588
13884
1009
8704
4473
2190
11140
24562
2276
8399
12412
3096
26253
10172
26934
29093
7664
950
8222
30892
24803
8459
19163
20613
12395
3959
16838
6514
28628
6379
2977
20866
11777
13708
4486
2230
6400
255
20253
8291
20449
5348
21266
6615
1737
27808
9158
14399
12610
13920
23621
31177
9941
13659
5497
11269
30171
6487
28573
8081
22672
28526
20467
16117
105
4114
9914
3276
11176
11855
20827
19749
14637
27728
27875
24104
11919
6437
11445
1021
25707
31683
2433
11241
19708
20300
23664
27322
2284
21649
15009
14950
15978
7382
9433
15087
26237
29141
24438
31369
1176
32517
1701
2303
31854
8219
13013
23123
31239
30929
16748
15525
8212
14823
5560
25941
28800
14184
26152
22892
9031
13359
27068
13624
24459
1705
31162
5943
2789
31453
31651
12855
8953
5545
10085
19130
21837
7502
32210
9119
18779
2863
849
7679
20708
19157
4819
4182
29320
27191
23817
6371
660
7992
26581
28497
15899
18034
8702
31126
7240
16178
24359
10268
18930
18627
20482
23838
881
17648
19137
25430
16560
964
30669
14293
26500
31892
14011
11058
30780
6208
20348
7654
26746
28853
17363
23543
8257
10678
21772
23508
19790
18141
4588
25728
172
8924
228
24307
19075
27657
14985
22206
18481
18970
2121
28141
22683
4396
23382
18481
27333
9739
12263
12607
6817
30637
12448
627
4133
12799
11854
3001
21664
3557
16344
941
4686
25211
7795
17153
29226
23458
4628
20255
3075
31160
555
30736
7378
16038
32398
3485
30539
11296
21683
28596
25266
30504
1315
32269
23536
5332
11563
11020
27878
1106
14549
13802
3585
31273
28951
20496
17935
20673
14921
12739
31825
25126
5852
25094
12497
12041
16970
13756
3829
30472
30793
18958
3669
9775
15428
32268
5578
15294
13579
12183
21703
3628
28874
16254
18157
4205
9528
8423
5593
31857
16400
30705
19777
1773
23493
2967
5439
93
27762
3800
26348
1866
14607
1300
28465
12232
29931
17850
5082
17476
3414
25376
20204
892
32670
30898
21561
32719
19262
9295
13617
951
21585
12016
30459
8084
19021
10379
20165
17579
26349
31543
30808
4462
6511
14736
23279
13054
29184
11357
28745
32750
24949
25456
8701
12362
8507
19918
4366
22231
22417
7440
31679
32669
19444
30729
13736
6051
16347
16553
26122
506
16293
28961
96
32252
32720
21576
11062
17110
6763
7486
2366
29764
16590
8783
6305
21660
13704
16154
7315
22542
8857
8690
17706
32042
8162
2180
2416
3746
32217
12218
26551
12882
10369
31456
44
27005
13978
5638
15791
26202
30996
6053
226
23247
7882
25989
384
9340
16493
24797
23025
31227
26814
7613
28955
32102
27905
10665
13946
22554
10670
9606
25715
17339
30569
14011
15589
9337
27700
5008
29698
6289
15588
11993
15709
8470
21201
18137
12099
18417
27090
23393
28751
26407
19049
20280
25401
30042
29754
14527
17647
31635
19650
9685
28903
6206
9797
22265
16307
13174
13064
13742
13270
18563
14529
2596
26838
26785
6220
13332
30866
23299
32159
27372
19158
32280
19456
18732
813
19981
6774
10000
246
13459
21629
2159
9658
1506
21245
8675
21949
20222
381
14634
26323
22841
25492
25804
29045
1785
3745
28414
14356
28091
27580
24519
6317
20824
21997
29281
15518
25735
26779
31202
31416
29348
4679
31004
8085
22192
16250
29121
4140
25496
12795
11979
31394
8634
22598
3610
2404
1445
14650
3423
19570
1056
18450
7738
19710
10095
13462
1439
32565
2513
2962
19070
1629
22861
15240
30627
32544
18606
20898
13531
17447
4557
746
31576
24811
27918
21949
26966
9928
8749
32637
30975
6228
5691
19079
7820
7918
31459
6245
4526
16026
754
21572
17964
15372
16407
27048
22477
26882
3558
4958
28024
2775
11811
5811
22426
3925
31294
16099
28104
972
19994
11476
28582
608
4114
20228
27911
2471
31294
5568
31061
29300
2290
14232
11828
30701
12936
6671
16738
1508
19552
12951
12769
16740
16676
29628
20569
32649
31825
6815
9912
7829
12019
28838
795
30017
20912
21874
10737
19537
2055
9489
29533
5739
18650
20085
22493
23081
28714
11813
12330
621
7715
307
11359
2293
1880
1134
18012
12079
6735
5080
13165
14670
7744
24155
6439
24477
12058
439
2451
27155
15047
8895
2703
10792
25521
21957
11376
18152
27781
27475
29676
3910
4407
29980
6968
18098
28998
5937
28269
8174
28481
31096
18224
23069
10634
27995
27538
13341
28762
7101
21557
10774
23813
20274
7601
12627
28287
11887
10549
26193
20255
31487
12402
24854
10148
10296
20660
9156
9078
24174
20818
22382
2606
15974
10569
19242
4695
30989
2084
26984
20854
3946
26143
6018
27977
20178
24459
13204
29261
23899
24436
9357
29570
27283
23938
12422
22386
22641
13085
3411
30320
28811
19412
24408
28190
31114
13568
6814
20018
16603
20644
31271
633
27816
12184
382
7708
10759
22247
15505
27682
2929
29813
12739
26934
11125
18149
14910
2730
26541
15545
13446
30397
18418
3771
17748
4633
26060
22940
6817
1696
26668
31452
25857
10088
26462
13545
31538
22020
19769
24203
23541
19718
1433
8575
540
29633
4879
3171
16101
8020
23510
31698
3718
25828
17161
7887
6921
24872
25108
6759
24922
6443
30313
4242
11423
22605
22388
3675
23495
12171
2256
9536
9574
31233
15547
13276
19904
2733
23239
8643
803
26486
24275
4782
21627
13677
9274
21720
30240
14930
29002
3751
18674
5978
22264
28559
22440
8495
14545
26676
15973
31033
4404
11726
12428
19484
17855
3282
4310
22914
8199
20175
20386
10522
16012
14229
908
4321
4588
23965
28736
28832
14934
24997
28561
18101
22850
18843
28869
535
11103
700
563
13717
32461
20221
6417
4190
22925
8618
2951
16326
25654
12109
28935
7751
27881
13521
23777
21446
5766
14823
10002
19224
2080
21161
14173
8389
12463
9341
1694
28428
29445
12861
19034
6951
19972
13205
32410
2000
21773
31660
16890
20739
3259
13062
14333
29958
32722
26793
26019
3751
8306
15998
15422
1221
18833
13563
18049
21265
29864
23039
11226
20502
30635
24317
32258
5239
24383
23133
1234
26488
14632
14367
31832
21696
25344
7618
31018
20318
12591
17764
26362
1545
535
5162
21867
19628
4495
28642
1827
16162
8339
6119
30497
317
17721
1349
18513
16398
30439
5662
21342
22624
10948
2125
18120
18054
5228
1864
3382
17239
24296
20811
28173
12918
29149
14259
7233
17879
5891
32424
10092
31358
5081
24574
797
21130
2968
13661
6258
28787
15717
3488
5609
30608
29386
12668
29043
21980
12903
23394
20682
23289
2789
9894
19461
16501
2604
31200
15978
1869
13526
28819
6531
20143
4579
2060
28276
2052
7854
5005
8587
11310
16159
15275
31769
22030
32291
3317
4224
26186
12889
22998
9358
5197
23311
29629
5641
4239
18796
32634
28043
7190
27118
26860
5008
14653
16920
14809
23502
22964
30308
22557
23237
11720
27775
28423
14742
30948
23989
2048
31768
3928
28074
5741
27945
24922
6476
31447
9538
14154
4613
16713
24399
827
22837
7930
4029
27566
12255
29484
29140
29600
11939
20308
32583
25544
6636
19067
1545
22810
18026
9188
20579
7311
8643
30959
4932
10280
13189
4669
5848
32049
10848
3093
19803
12227
18834
24071
19504
19340
19106
1487
23341
30162
1873
22908
3642
28854
32718
17617
7450
25526
4393
30187
28040
3446
28682
15652
902
17088
15267
9272
19442
24265
15587
166
30042
2230
9708
1369
19217
29278
26056
6024
18050
29778
25687
27355
19141
11035
14988
10447
15984
31170
15065
10075
30640
5526
24040
29396
11928
32553
26508
12046
27064
3228
22519
5060
6386
26908
32045
2105
21129
11693
14521
8736
26235
30502
19870
3001
15377
7549
19088
5438
11700
28741
25700
30077
22274
7285
21702
32198
2337
8043
4394
17671
22867
27441
28165
3638
32203
8190
572
28143
27840
32512
24284
29535
29119
31320
28429
22624
11589
1639
5185
31973
12941
4168
21169
12697
14247
15773
8714
5571
3018
22927
13923
3181
18411
4880
21875
3269
28046
28771
3073
20931
26589
7135
22427
11532
8951
28144
6283
279
11658
22622
24583
9870
6308
5842
28328
16631
2502
18582
30494
18067
13115
22428
31009
16262
9895
20674
18602
57
13795
4436
5476
25341
22024
28114
1629
17649
14538
13812
15874
18981
4104
14828
23114
11519
12192
13547
17713
7390
392
16614
26984
28670
27
14234
8011
11420
10928
9422
26131
11610
10353
11736
15693
25828
3435
4706
12939
1236
30177
10862
30553
3027
27622
1432
4978
32513
19243
3995
1844
21144
5909
24087
29266
17868
30482
2962
4809
13813
19758
17340
12309
11503
6881
25847
18084
11969
10283
23318
1931
2686
8419
5989
120
12905
7245
18922
32743
24412
17130
16363
2457
875
1684
2993
28482
20420
8394
22923
24963
20953
19272
5653
3351
27586
26330
18873
6225
11228
1139
19831
5318
18359
1145
15586
14663
15919
16484
18795
30738
25816
29319
21218
17736
25760
20525
26938
8610
27055
2536
7053
15712
2706
9766
14431
18307
10905
27141
25383
15676
23421
17513
8972
19876
582
28491
20204
9645
17260
15188
31394
14425
31293
14762
18825
22314
16254
14346
19004
11993
17237
17175
16288
31819
32359
8945
31525
3520
32317
1546
11336
25678
20716
20021
18781
2446
21493
13312
30091
28053
27242
13380
2072
24869
24146
31738
6374
37
29007
18000
13886
8271
24702
24829
10189
6185
24479
19153
25324
29238
20342
8336
5157
24685
13168
19456
25074
1002
10890
10561
19655
23780
28527
5725
20563
30431
9184
8480
10756
9506
27481
18218
26825
25452
6386
31810
10779
12003
29827
27373
10302
27469
23307
9023
32196
10370
15955
11250
16980
23585
18382
10677
25769
25475
8900
4294
26077
25069
12719
5315
23016
20234
13030
19134
20836
18840
6264
12687
4243
609
5979
5230
14242
21357
12742
31681
16431
22390
16603
8242
29706
5532
16777
5125
16696
5466
26801
5800
3902
28345
17031
18060
31132
10947
24892
9524
5015
2107
24282
8588
6459
30859
13935
7291
12705
26878
14445
7099
9838
11311
7761
7913
13468
6082
387
19160
23165
10833
14717
24363
18172
19881
25904
10787
20007
2359
9123
28341
1770
14525
16350
28896
30237
6985
21510
7229
27330
20072
10185
30936
28551
2455
19965
25150
30099
11770
17795
13527
7294
32337
8562
25974
15265
4903
31857
14127
4241
24396
15205
873
14054
22662
25421
18483
19777
6276
1641
28892
27533
2579
3234
3261
20100
30357
23334
26714
23669
1966
8019
15530
26437
4416
16598
26802
20405
14234
16148
26969
28130
17900
32201
887
25362
18686
17646
21551
14509
16930
30689
15231
28810
1640
18368
21781
27244
7696
25877
29540
17101
14405
29881
20728
3802
1800
19442
27654
6590
5994
14303
16456
1827
31230
21526
21255
32502
20366
13451
17786
18027
3597
26292
24910
27202
4557
3562
21382
24136
20210
7955
2437
13856
14119
32638
25705
23363
10127
2830
13979
25670
29438
17819
16292
29020
23658
15253
6723
12827
5532
21994
20668
30851
5675
9514
2930
32060
24235
26602
3512
14623
31778
20582
29925
30712
24507
19818
28070
2186
24255
23154
21401
11732
28352
6928
28439
13715
29208
17806
17745
22536
10386
8404
11934
17659
6246
6541
10003
512
875
12934
3413
32249
15496
21590
17323
32220
29035
16452
26455
18103
15486
10853
4647
10481
4887
16133
23111
20690
25584
5960
1113
69
31190
24849
7111
5597
30373
15907
25944
1303
31347
7815
24578
9183
19212
6701
18432
29013
3999
3542
20516
14800
29878
32560
1389
15395
19563
3139
4316
13344
32473
27149
19332
28251
24274
13929
22753
18737
14032
8502
15210
18184
8749
12468
5993
5591
1686
9521
6155
12266
16829
16358
10931
31199
24398
28956
1172
501
27429
12691
9855
17542
13246
2851
21241
6609
4332
5284
10897
12541
718
25868
25201
15451
15615
16855
18738
13036
29198
3244
3573
19235
29486
13373
32175
4843
30766
11375
10948
18668
9131
12731
13016
23306
6020
23507
5857
11823
11662
17289
22913
4939
10377
16365
22420
3481
29011
32438
3845
20003
13404
31716
18405
2184
29530
7331
21438
1277
24382
29041
22308
5010
3686
25475
20878
17591
25364
20837
22372
2814
13855
24290
12889
10786
6632
31779
23547
5961
18832
26651
1672
11910
6248
12834
10244
24994
30121
32479
15240
17436
22630
5228
11485
6254
10174
29109
8778
17042
29526
29985
6313
17349
4103
22133
1472
9099
27859
30709
29903
27123
13342
21196
20838
3868
3354
685
21625
1016
4484
13499
18358
14416
19342
32166
4886
16904
20508
23319
18611
2469
18738
25679
8921
8204
1197
28171
10335
8588
23346
9642
27448
18975
869
26513
5445
7917
9563
21711
14189
20754
16977
27645
3824
15777
17566
10600
13560
12009
19430
29299
27762
17143
2449
20534
539
7004
16763
15723
29406
14896
17133
2955
19549
12374
28109
9012
31694
258
6161
9166
32520
24185
26489
9838
11229
9240
29566
10234
427
12696
17286
24207
14638
2960
32089
32287
1688
25915
22488
12383
16868
30588
9709
17376
26983
18719
3518
22139
12968
19554
16422
32499
7537
30132
17509
14806
15654
12220
11286
7588
11350
20637
17250
6707
24208
29817
4468
18258
17528
24884
15660
1709
30233
22394
10776
31985
22397
29955
24992
9776
27515
3093
7296
2438
18641
5195
124
20477
25971
6294
26190
17070
11298
18049
15332
29737
4159
697
22216
6423
5090
9932
19168
21534
29735
19505
6487
30981
28616
18569
19419
2841
23537
16164
20489
31439
31567
27591
10021
26282
19307
2732
15887
25439
15414
459
370
3896
1508
12120
575
29878
4350
397
15962
122
9395
15273
24979
3685
20336
3129
4823
20991
15792
22678
8615
7701
29460
25007
10186
20391
6582
9736
29503
24577
23483
9475
19574
25127
31527
26463
27840
28534
7157
28926
14595
18313
29800
32747
5298
10074
22428
15515
24828
7081
20064
16243
31812
21154
12872
3979
21970
12474
32509
32434
27080
11482
19928
1714
14679
14271
12207
3029
4914
12961
22767
10407
16451
14610
21483
26366
26782
16938
11636
2616
17587
23777
20394
20164
28359
3004
32529
17124
26789
940
11752
7344
10640
21043
6582
12639
18557
11976
26405
29122
5759
31613
12307
4113
15747
14559
14311
13034
14141
28957
14881
22935
12386
24173
1846
21904
11288
20652
25498
32064
31659
5700
23838
31756
24193
27731
2684
25490
24144
14858
26928
25134
15246
6995
19850
17091
32297
32438
6402
6584
32377
23165
10955
17216
31347
15638
16043
5855
2847
15546
11785
29738
3660
2636
18248
3278
22658
11140
12115
4051
17208
8268
377
6690
27463
30570
8572
4165
13215
5728
29668
17775
24632
14480
28825
5052
23884
27044
17329
18873
1732
32557
28807
4391
1008
21898
11021
13052
2938
21516
23395
23723
9117
31832
32680
19109
12946
2316
24592
31776
29515
24485
18742
21527
8804
22944
16564
19346
30551
10463
26610
6439
15855
23375
315
29121
9215
16840
19222
18080
3923
15924
9683
9377
4071
15604
14180
6336
16983
23935
366
15835
13975
3660
7584
22457
12004
8179
5188
8010
19194
5007
275
9264
29576
10342
31310
26495
6625
27852
28170
5057
8180
22084
27084
30270
31870
9449
85
7546
28542
5644
16831
16638
23274
10783
31177
22107
5024
465
10352
30573
16031
5755
26815
32221
3703
20923
14823
30697
29950
18526
24210
23144
7493
7300
18037
5128
16842
19198
13860
26075
13039
26619
8491
9490
8619
3812
27226
18952
640
2436
32352
28802
7341
29292
31900
11573
6564
22166
25135
23688
10430
6728
27478
20124
2862
9531
7927
29833
7220
6653
14457
29419
10643
7316
25561
15774
12356
27748
32762
8389
20844
21843
23357
23313
5004
15402
7762
11584
17399
19006
22862
739
3210
31825
26365
6245
4503
6323
6777
16969
11298
20652
27387
14771
5200
4383
4594
4650
4124
18023
20306
15516
31308
6021
18479
15266
13731
23677
13194
27910
24665
21501
18795
3203
23496
23616
10288
21451
31848
13106
9252
23503
30205
469
13651
9018
22543
14051
30621
24126
11931
29877
28938
29588
6920
5731
4701
19134
31068
4141
9708
20368
26032
12057
8366
20206
13794
31710
2454
4311
15241
17665
27423
21411
25134
5182
809
3208
32185
4905
9475
4451
23849
8981
457
4021
30088
11317
19184
29932
14622
26625
25375
11237
28390
10971
4416
21422
7742
28915
27096
21392
25314
12904
25235
28749
15643
17072
17444
18086
12852
16185
28235
20256
20782
20816
8759
20232
28597
18243
18191
23221
13138
18626
23756
19725
15073
10891
4425
22603
31814
9543
11165
5119
10844
29614
16808
11349
14126
7154
27628
5787
18026
26715
27550
28414
9234
21294
30461
25492
4981
27092
8163
20640
2654
27448
2202
29201
11403
9585
23280
20043
7008
22177
13710
15914
28125
5405
901
13892
25806
718
29226
13679
12097
20439
31012
31876
21309
20599
10435
29538
3761
10801
12948
24373
17579
23595
24626
19960
19146
9941
27742
23352
10998
5834
29266
12827
11598
14075
26451
28834
15970
11786
21126
20523
1443
19188
14084
14138
16408
17651
25648
6264
13138
12963
8265
17148
19617
31843
24891
1994
16520
19966
1979
22681
15983
19339
20626
17370
3224
3473
28729
29173
8276
10351
3239
2006
1655
17147
2407
4776
12297
106
23021
24800
30526
16752
20010
27774
28840
167
3422
14991
23724
20021
13102
21495
19763
11946
17142
15213
21409
24871
25952
1223
19211
20677
9270
29048
4773
13620
6260
13911
19577
9891
16034
20130
29791
10464
25952
66
25385
29121
27203
30032
4638
28354
14559
3801
12970
19951
16421
21726
28243
3589
20976
10143
25327
22996
8410
5658
12052
13031
20564
32206
8913
12135
19190
22468
26779
20285
21267
22224
14986
11383
401
15125
30662
2797
9975
32455
11836
2852
17096
16437
27797
1138
1296
3334
28776
19043
3644
29378
1198
24924
24878
30869
9335
26238
15249
26192
13788
11981
18538
31921
28981
24978
24816
740
18572
4606
20382
19785
25425
7183
18822
8568
590
18616
4584
7043
24542
32060
31747
30843
24666
31195
16171
27189
9941
27568
20764
22605
25097
21978
14990
12908
26000
5594
6666
14279
25432
1852
18683
22504
22865
2682
22280
4273
1896
29469
20385
28062
441
8485
32216
3146
13056
18859
8819
18997
25425
12997
20543
32708
5898
26282
25255
27785
23045
8726
17028
14533
19218
496
27959
12331
31652
13355
29174
6631
30666
12266
22883
20959
2657
14567
11107
1849
4489
12821
1837
17437
30549
900
417
8892
8903
6021
15836
21393
29947
13072
29705
22758
9890
11618
23161
7067
6578
19178
9463
15651
29532
16230
3669
19151
4671
6986
8267
13903
13531
10337
11650
14198
25672
31158
12779
31549
30503
12981
3413
17419
16602
18830
19519
24371
16624
18650
29418
5054
26339
21633
32435
28268
15878
30171
4512
3829
5561
29461
31801
23188
31199
13783
6553
14278
3986
1315
12740
14160
10773
5761
22075
20095
11273
14937
27854
1715
2276
10144
23730
17951
31392
10934
4563
5578
16304
15247
19051
2265
30008
16146
25300
10513
24957
30654
5019
3224
17051
27027
21973
30971
30070
13616
25014
14197
2290
11833
31583
32367
4455
12539
504
5187
20559
31571
29951
3909
1090
3275
25567
22276
29989
20999
31685
19149
4254
8032
10159
12657
10954
16078
30406
22088
14131
5387
15597
30582
3580
8693
8602
26989
4447
24629
4324
5044
18266
18462
17118
10982
15268
31191
19748
19453
15846
21181
29363
23760
20520
29187
9726
21979
22921
28827
28990
22847
28980
20570
14601
15113
21903
26199
3366
24247
25526
17556
31648
3577
8999
26336
6681
11444
14783
9979
14689
28236
23525
15356
30535
28707
3333
18672
8879
23901
17472
16068
9701
32743
18785
5477
27441
25271
24083
8229
28588
26965
1874
353
30801
154
2848
352
7511
19639
30329
19583
8127
30842
16264
23691
15657
2509
22555
4463
30187
24448
17493
15631
31076
15432
2466
9843
11406
775
2544
18472
32467
2125
7965
19939
290
7455
2731
5480
29505
14072
3515
13994
15205
22798
15673
22324
31744
8918
26196
19655
15322
10186
5937
21317
21603
29802
8160
22989
6728
25729
8079
11048
29764
11945
29181
30052
21561
18705
4402
29886
18047
2942
16238
17862
2939
12944
3423
8893
28532
10311
4246
4162
21667
13765
24124
15662
9097
598
7681
6588
5510
941
18774
27117
3494
17265
27356
22314
29630
7672
29212
17707
17848
24146
28536
28185
21291
23433
19553
2543
22319
31527
21451
1318
25711
15609
7902
2705
22399
13331
14831
25734
17264
4372
5550
31038
3234
8619
6305
26238
9690
26970
25809
119
9108
14202
9667
14316
6555
24192
31401
11154
30422
28798
20698
26812
21349
9453
17024
7991
25837
19369
19856
19571
3375
28989
30464
8676
14048
6241
11828
10920
29876
11457
1209
29802
5821
4864
3637
16262
10739
31229
31902
31342
5652
20821
19627
3148
19886
2345
5768
13033
17529
32545
22222
30669
8171
15536
17330
168
22023
27290
637
16112
11894
7604
20796
17100
23000
24811
30904
13617
4956
8328
6824
15690
142
23219
12326
21790
17265
14645
19552
20845
29390
30850
30608
8410
27851
16374
13870
1616
14271
20319
4195
21150
25925
9660
11714
24932
11152
1348
22835
23859
10494
30890
303
3824
1519
15776
2099
15481
26839
14490
31086
23179
28818
21972
30141
5604
10488
31638
27866
30628
11698
29111
30417
10489
28492
25184
25011
6651
20106
22546
18317
4053
512
23786
16539
24102
31197
7972
1466
20391
13832
16095
5916
525
17006
10527
15167
14641
19866
9240
27168
28014
3462
28842
30892
6474
26288
9512
6263
2649
2417
9565
32688
14687
31114
23505
19797
28085
13312
6216
32163
12270
26411
14220
721
20409
28937
30828
22013
265
6104
8709
5223
21620
12515
24384
31965
3801
10652
29596
24950
9286
9963
11566
24963
23065
11974
14310
32707
21605
4098
13843
26838
4759
31848
16937
32244
8025
2316
15810
30687
30646
2266
4580
13846
28031
30066
17538
3660
2286
23094
1861
12312
11658
30112
9100
28910
1610
1242
26545
5198
31997
28040
31118
25659
16617
14824
12863
11759
8371
6942
26410
30413
15231
26057
17469
32151
19799
15578
7031
23521
6865
24230
19882
23494
16364
18490
12415
21977
26172
8942
5562
11102
9799
12349
22463
12475
6190
10195
3925
7209
22416
15336
22187
19631
32427
14285
15769
32081
23748
27844
21287
14469
27593
24853
26707
8166
18742
30046
28687
23596
13877
29739
8330
18780
25353
16326
14768
13116
2476
4689
5364
13834
7095
1041
25165
5997
1923
19469
13950
11180
22670
28376
20123
6942
14112
20395
11465
7138
2862
22454
29253
29647
18046
10168
6824
22190
6668
1998
31849
29863
6829
2440
12963
19706
6386
4162
21528
6384
12367
13234
7031
25360
20860
12477
25818
7829
19484
23695
9363
21280
7069
19946
15144
12459
31583
12478
19100
8126
1560
30715
28912
8677
25719
24995
3050
5729
20231
291
27157
14110
26455
17379
3337
25061
11352
9244
24812
467
3590
32234
3385
11530
25674
15010
17088
19110
19743
18021
10991
21747
13813
1013
23631
3037
5202
13000
30801
11175
4543
31579
22091
31712
12002
5577
24510
19091
8680
16028
474
10175
29734
28131
22596
29958
8959
1157
29974
7593
18440
25556
27176
2740
3178
9061
30606
10102
27528
22816
865
2612
2274
10131
16067
5407
7481
1675
7197
9090
16117
31206
31403
5952
2499
10915
11067
23166
27010
5691
12849
10653
3168
18484
27343
14699
16448
20979
28595
3482
16224
29906
27809
4977
12344
12914
15747
21697
23717
14163
32430
22299
25670
21409
29287
31552
28198
30289
24486
28889
7580
24173
19994
4712
20080
30380
17260
15743
23615
3910
26056
31536
31009
27142
10138
3268
22408
19617
24725
12463
11116
3398
30714
13252
18085
19830
1047
8870
21656
22294
782
12159
30997
20419
4311
8180
22144
13925
16008
22360
16175
24327
28372
20767
5652
24806
23506
8086
8860
10951
10752
17106
23510
12686
11400
27622
28376
27917
16066
90
1119
5914
22265
29144
2485
24804
13938
15911
216
4743
23210
11102
7128
18653
5088
5201
10113
17815
25811
22864
2362
1421
4045
18705
21549
4435
29920
5610
14760
15373
9584
11075
22723
17540
20722
30540
12612
3193
28402
31979
15807
23097
19035
16889
30978
22641
20979
28077
21168
18500
21029
11096
22315
6555
31747
9555
3767
23996
23947
11318
22493
18463
12073
24139
16654
12668
6782
25411
9609
20777
24160
4135
4479
8355
29730
1937
12660
7531
6677
10779
20712
23827
26446
27416
11319
10136
19626
23938
6590
3058
10000
3380
20031
8938
18166
30809
16518
29740
4391
15653
28749
12701
7363
20419
5214
15598
29319
19598
29687
11122
20814
14979
28530
15404
7128
20982
31781
29741
21451
7045
6024
21789
17911
31563
30101
25111
19422
31830
28277
26298
18036
28762
28504
13436
13859
14246
29349
19010
5138
17752
17235
6702
20647
13261
3990
25016
6987
32092
3775
18433
22381
11588
15965
13923
25289
7394
31401
8013
4330
4392
30241
10062
32749
19530
21618
25711
10889
26554
27803
10182
23372
2647
30288
1352
25895
20194
9884
3551
17709
28337
32715
28605
4504
1191
22663
28911
23053
31843
24129
30773
23841
440
5843
6161
14107
1117
9571
20510
28155
9190
22154
30883
32444
6131
14261
3176
20439
26792
15820
17608
11528
2909
16146
15368
12372
14230
17485
2535
15435
2101
29990
3702
27531
15598
9170
24362
6533
12284
15346
2608
26756
21522
6328
9216
26859
20117
1612
21301
17853
520
29294
20124
6755
7368
4188
395
21930
32761
29686
19060
19980
4800
26656
1977
27440
21938
1128
26306
2228
19085
17897
10574
30249
1062
12142
21766
14431
29347
13531
344
28643
16362
30153
14210
2247
20570
2929
6381
6049
15288
28107
16317
2006
21100
13303
3494
32537
749
13275
23809
6702
13178
17678
18463
26356
25611
10996
31453
16290
11399
27179
17016
27473
27447
3366
20387
10171
14203
7192
24279
66
27835
19476
15083
5684
24993
10610
19940
15949
8069
16756
13326
6013
11817
3882
1356
32492
18343
12178
18604
1340
2215
8452
17982
18702
28885
4557
11047
23239
18323
539
13297
3476
14570
15641
20773
22955
16071
27994
31260
13268
10852
20603
8722
32296
25092
19972
892
30233
9955
30096
13723
17331
30573
10286
16466
3618
25006
28934
8757
14707
23050
20800
31970
12703
27182
801
23444
26309
19526
30839
18421
24247
18032
6200
8500
32696
23153
32614
26968
30852
7592
18741
31956
27025
19776
8816
26715
13205
29353
11289
20725
3912
11336
29008
8787
21099
28269
29813
30559
1545
20614
6033
28952
12797
14995
25586
28573
436
1754
29974
24967
9780
27612
2763
7548
6493
17031
1683
31234
9839
31917
22605
6032
23501
24501
7698
4331
18945
22417
31582
1456
13311
30192
27504
13100
5294
29108
4851
3956
7588
15014
21725
6834
4913
30056
11928
23230
10656
29612
8032
13550
18361
31908
7916
6702
21131
31161
26448
14675
26216
23424
5666
11180
8496
19178
26843
20442
25043
31419
6273
18146
8465
11581
6275
18305
18308
16949
15589
15296
9441
24854
2972
23751
27771
4981
15676
16630
23304
25533
12496
4146
27048
21540
22281
21117
12835
16861
22684
3274
26738
2191
31717
8207
3458
31239
3536
7835
16180
32298
20985
2986
18856
28461
15890
14647
23995
1544
1158
14353
4302
27431
12891
3633
2506
16227
25693
10059
32608
12594
22393
13219
27542
29210
22631
26914
6271
8300
22156
23209
27209
31022
7710
22949
2686
26201
32137
5604
22659
15685
23057
28583
17253
16737
30649
12280
28884
16167
30820
6973
21872
21327
22075
4622
8772
12867
23886
13380
11152
980
26750
14930
11468
10027
26010
30937
3561
29442
25800
17014
3546
17940
14119
7135
30291
31697
24754
30254
15569
6487
24936
25468
13530
18078
6570
31154
14214
26610
19940
22428
25662
27559
3439
63
24260
8200
182
109
11891
9616
25240
4758
8905
20829
10510
13537
24866
5089
8462
25979
32710
14299
431
31023
21030
3461
14989
16440
19043
22031
367
27987
5136
845
25383
29464
19513
8109
23482
19337
31396
29291
14785
24044
12374
13320
20751
30422
28505
26360
16532
1673
16317
10395
20353
6527
5597
3694
9645
16199
28132
25475
25400
21392
16527
23086
23406
23940
13620
1538
30446
31063
13571
12795
267
31
17292
26365
25714
25062
16513
13949
6925
26109
30397
7550
21800
17812
7302
5056
7123
21640
10511
6964
29319
11388
9025
25522
15372
3627
19899
22254
26265
27900
21528
8361
9022
22744
23920
1828
11391
14904
10273
10202
24642
5250
4815
27758
12523
17045
13993
19427
12741
24994
30446
11275
17060
24127
10672
30530
7880
22454
15833
14940
21253
19875
619
24283
24353
19390
29452
21861
1662
2037
11713
17526
5112
9918
30202
3923
5393
6571
26831
18751
20556
19518
18057
26864
31446
4864
30052
20548
29035
4301
8595
31793
30840
1650
7813
28922
18301
16506
28007
13993
25526
5956
3306
31161
3578
13657
30278
9235
18403
6141
27519
572
13359
32260
31462
18636
22118
14567
23524
3618
30141
5143
2291
3158
10043
18065
15085
16239
17178
8883
10633
13270
18800
30798
13602
6411
31247
23804
23995
27799
9129
20148
11073
20802
28216
25755
27407
26245
9372
541
26296
13378
16774
16445
30720
32435
17302
297
7723
5793
3264
25106
30843
31190
20724
32570
18932
22484
22526
15951
27234
20167
5803
4855
18589
29881
25389
29100
25100
261
18624
25802
21352
10766
16014
30694
26306
2864
17872
28002
17096
9975
13111
29246
8004
22927
10122
17457
8933
20348
31632
32249
20034
21643
9008
32239
6172
3849
19415
6878
7907
31538
14874
6933
4988
15084
10909
8635
16706
3510
14899
1635
22347
1243
6470
19168
22252
18411
3706
9051
19327
32107
3213
17571
12131
11212
24450
27843
8773
9882
13566
23002
21662
23542
1010
8999
19581
5702
6010
10340
26503
1579
16645
2901
15932
10420
30135
26528
19580
24017
23307
15583
841
17162
1725
16116
10190
9840
30183
156
9120
9684
32618
11336
10821
20024
17807
16168
22515
20355
27374
31368
11673
6265
3727
32607
3620
28393
21328
18469
8443
22568
30342
29926
15819
26047
14823
7573
17802
14945
9384
7842
3254
23328
24546
5070
15070
8416
12858
30015
17252
24075
24257
2767
23425
3206
27417
10666
4489
6116
4314
28696
26993
6106
24115
29591
8846
3827
18901
5421
2719
389
15884
28668
526
30948
24367
5655
5491
18133
4411
3988
20570
7494
187
20451
11590
20028
13035
5470
18166
18444
24860
26400
12006
8654
9050
9499
3353
19471
11853
24165
27926
14790
10333
25043
23601
5513
23065
15561
15627
22273
15834
7248
29788
19612
12963
17513
21232
28033
22092
4514
24816
1993
19168
14566
28259
7916
27459
14745
3316
3705
13080
13797
22262
17675
24033
9550
10149
11128
360
5517
10415
3147
10079
28059
22771
3957
10819
26380
28808
7743
22918
12702
17921
17283
10476
29970
6383
23580
28470
9530
26024
11163
30718
23636
9799
10555
27874
12182
9460
6424
23012
12810
17254
17819
20753
6556
23461
27961
29025
14962
7701
14429
21727
19579
4272
19362
10761
12107
5011
19014
31866
8230
3772
23772
28870
5722
11538
4160
30630
14802
18597
8400
15445
10217
27704
1497
21049
31356
3581
20816
26054
17731
26527
14275
29856
32097
3973
21646
20735
32569
14166
32338
29784
9860
13240
16291
25914
11424
12638
18433
13430
16683
15169
26890
21890
4305
30253
29677
22047
11874
13696
2850
14650
4648
19759
15449
30992
9079
17673
30384
29846
133
20800
12584
19480
30844
13349
21850
28960
27598
27955
16998
28057
1737
22863
31789
9780
2667
10318
23232
7179
6007
19384
19991
29061
12232
17099
2567
13945
25062
26563
11886
16278
21207
8793
16305
3330
6712
9098
872
1089
9356
3737
5463
345
4051
13143
18593
819
13919
15778
10552
30533
23523
32300
12696
26734
12493
12414
2229
5409
8149
25148
23601
12486
6614
24490
10963
21597
21469
18799
4917
25189
11136
14233
31420
25084
9586
3554
8397
5447
14932
25905
29246
20244
26061
11876
12555
19390
11228
29261
17483
4433
2157
21242
17506
6895
32043
12858
6007
21363
12694
8540
12841
9043
22869
32314
20605
5579
21709
24951
15131
22840
16370
16900
27835
7874
25437
29161
11226
7485
15264
22594
27825
15185
2774
3207
3943
9433
10366
14097
20102
20362
905
23258
29100
13013
2737
27781
6275
14094
28429
23198
12786
8141
29922
27426
29589
30101
18109
4674
25963
12979
32446
9828
21967
14185
23095
5483
18858
18764
19318
32568
15590
8683
24030
22896
18214
20657
8253
128
30900
29709
2393
23007
954
3535
2764
27539
1462
30422
17938
3319
1320
13800
6113
5307
30605
15841
28088
10284
25489
22288
6587
4022
29569
14302
6334
13479
3071
4272
32416
11317
15097
3855
31962
29635
4828
7175
14167
16992
17924
22988
23431
5009
5752
9380
11695
20304
28116
6912
131
13140
12678
28908
19190
24979
10045
4778
20561
14342
32159
23194
3714
21932
19771
24158
26295
28881
9662
5946
13356
25232
31593
27073
17729
2967
2242
20654
27344
30250
30858
12048
4541
22891
27632
3498
6863
25048
12548
18329
25790
25365
15726
27191
15501
22252
16736
19520
10265
19858
26313
8243
16115
13099
4300
1531
1387
3729
12144
24527
32237
7505
31641
28247
25745
28919
12087
30736
18669
29068
3517
32753
31278
26972
20693
20303
31079
32253
19793
22270
26152
14988
25701
11193
6483
3898
5396
8643
25131
27143
16873
19407
6574
19662
32487
24862
37
1154
31682
20199
6393
26039
24144
30971
30920
12900
8506
28073
14776
3303
19191
4319
2571
7241
4347
659
2292
17860
15147
17505
26025
8066
23445
25206
29882
168
11870
9132
12193
21139
13819
1270
21146
1889
26532
1023
3253
22964
31750
32014
30249
14770
14393
8237
16619
2897
17137
16778
22399
6609
23032
2333
24079
25738
31708
17803
18874
10471
23013
26187
558
19891
9801
24839
16761
5011
4771
1605
9756
11988
4770
2374
11105
11879
14078
16174
31727
21546
13489
22886
21148
17002
27747
7999
23938
8869
1574
27352
22357
10644
30051
27969
19188
7272
30996
32224
13629
15189
27700
30996
31014
13645
31348
29209
23049
2318
3376
15404
28736
30558
1185
3823
19442
27285
4436
18958
14892
30557
16859
7203
24628
23222
6338
4311
8474
6461
16069
19018
399
9133
9535
27062
32250
9382
11494
27471
1737
23469
9398
31085
5893
10613
13611
31468
6442
12636
2995
24787
3637
13369
23139
30517
11006
2133
32745
15701
24520
21175
27586
2317
32279
26021
4781
31089
28866
26727
1887
31919
14920
11342
2936
27962
11623
21237
11446
2599
5099
10695
17000
20183
14277
24257
24358
28118
604
29305
2752
29443
9768
2912
22644
20721
1660
3652
11620
23950
20899
8217
19271
514
303
29944
29534
8666
13454
4200
13737
32102
6622
23261
16476
4959
22786
12414
17293
17869
13558
19755
15663
17960
22367
14783
16707
3262
31335
7826
4685
24404
25799
8003
7685
11024
27685
9140
12880
13719
29089
12885
32366
26994
3243
16294
13429
16822
22551
5879
24318
6372
5491
16498
16158
24334
6808
2140
18072
31547
15743
2968
592
23565
12886
28013
2307
31649
4051
6793
16950
23223
28105
15685
6508
14099
20985
18218
29084
291
24362
13236
27874
21729
31356
26711
23669
31227
23289
21952
27865
12081
14189
15965
25174
17663
1655
17951
31144
19325
1249
12159
16632
22403
30253
27071
32011
8976
21360
21618
28346
3309
23652
23614
3234
15245
16056
21729
1308
26424
18346
13426
7280
3945
21464
5097
15173
8052
29011
6370
16732
18027
26614
11422
28798
1603
7158
9291
947
15923
32441
16005
18101
13405
492
6684
16804
25264
16592
2584
19707
2829
21460
27386
8643
22184
617
23877
14855
1202
18194
2365
5511
27701
22970
20463
14000
21823
13387
3441
27596
27970
17788
20587
14455
23227
17899
10966
29522
13330
25451
4
27643
24001
13983
29665
11580
5049
14024
24440
12162
8705
8155
28345
3985
4257
32471
19321
7543
18110
22613
31162
22462
26886
7520
18733
9958
30543
25224
32757
27923
28026
3378
8878
15874
27550
27442
32174
21313
10595
26780
21386
4256
14507
22486
21724
11491
23416
32754
17732
21177
28938
25915
29101
19954
15943
14
23506
6380
5472
21996
16128
24142
8370
10444
21021
17145
21738
12470
27369
3132
20077
5005
26244
30279
7671
3885
31537
20195
18561
2486
22361
10336
32361
31782
12755
14542
19917
27438
12130
14704
21559
25150
16767
23149
13184
9443
25177
7881
19950
2642
21019
13460
3488
14149
14701
7521
15148
10757
21821
15098
10118
19656
4031
5202
11556
574
10930
26299
19551
24679
24294
22361
26397
3495
5371
22743
24493
29724
7019
6488
7922
16175
32203
3249
17860
22377
24909
26325
3475
20617
2698
6800
7245
32211
28798
12409
20354
8362
212
2594
17095
25953
31076
26001
5464
8783
31483
13556
13057
3361
14682
7824
9278
23156
27777
14587
10657
31652
26413
22411
9844
28382
30367
31502
7840
21885
28575
15035
19405
17555
3265
14697
3531
965
487
31487
14896
11869
26887
11820
3907
27290
27694
15960
19993
11082
20677
16858
16382
12187
18452
6251
11031
13615
10500
19930
31301
4206
30505
5378
7243
7968
23295
28410
24116
18747
28532
21131
17647
1017
2215
26599
10813
2862
22512
11415
8397
17625
4384
5046
25508
761
29962
30301
21699
6050
25922
26718
20228
28495
25892
17717
20294
9594
11288
2363
14537
18282
11541
19229
14555
14669
14180
27021
3509
29062
5287
16695
13472
32328
18457
32503
17244
2404
21271
25161
28865
20063
8928
1025
4263
14024
2969
30012
1796
4296
29844
19094
30292
5115
6609
26525
11582
10366
1733
7814
6004
9290
11867
30751
13787
29376
17465
14341
25068
23172
15172
28951
24666
21903
3430
15914
1780
12160
12431
29439
31182
24115
23801
22898
17307
18581
2225
20211
19806
28599
15443
22074
31042
11809
9492
28983
25797
360
2054
22344
5660
4611
31384
23471
6355
27994
1116
6211
19893
9760
3598
12389
29163
20195
16849
16438
8552
737
16571
19464
22660
28958
20884
17426
14566
7603
27867
28775
5544
19817
18954
22825
2742
20358
21020
32505
9079
6631
6987
30643
21680
27471
21022
17240
19877
26623
13219
27980
25729
25735
31993
19906
8695
21211
29714
32628
12330
1449
28087
23959
12490
15850
29901
7694
16000
14008
30422
23518
7565
9055
6587
9698
24494
21430
7880
26048
32578
29360
30456
13083
13742
4910
27763
26378
4353
32535
1365
969
3284
31915
945
17583
12917
32276
9942
27232
1092
28478
4560
5956
14428
5609
31538
20536
1654
14333
2579
30083
3339
31773
1111
18443
4537
14462
12848
20169
8424
9210
6883
12410
20653
7520
32464
21911
10991
32015
12973
26248
712
9411
16402
31253
14637
16814
28474
2077
13522
29899
7688
29834
4424
21871
2120
18052
18792
545
25912
24549
24821
13227
32326
18669
20861
1649
8988
25656
16000
28162
7898
7916
13525
1773
4770
28983
31048
15062
22874
17145
10888
27336
22701
2237
14913
5069
25427
11502
389
8636
4243
6472
29808
25683
11526
29836
14604
23173
10397
26744
9586
18453
9701
1014
26930
18788
3722
3476
26101
22920
20763
23092
31585
32413
11276
31748
19005
4192
10753
23985
13014
19706
13130
7640
4769
12313
22697
16062
1313
16453
15196
32320
11275
18034
13911
27149
17065
9169
11474
1042
124
14828
8707
2870
3877
6386
32301
15432
6022
26703
9433
7989
10788
15744
16483
13439
1743
21798
26297
5866
1926
25177
31584
25977
12949
26686
29368
2456
14336
20956
23168
11675
24100
15403
19356
30567
8604
9838
10518
23407

