1000

1551
4054
905
6968
9796
360
9303
9605
8087
1282
9164
2269
9314
9499
5254
2304
7172
178
5399
6026
7402
4580
599
9256
6045
8931
2739
7466
9932
4739
4282
2250
5163
8695
586
2557
5404
635
9863
4183
8525
1107
988
3652
2963
5316
2741
5668
3846
977
6731
4134
2588
1498
2337
8504
1066
1376
6528
718
8536
6779
9214
6017
2421
3439
2372
3514
2187
8492
5439
7488
1907
9654
5686
7598
3052
501
2670
2840
153
6317
2875
1887
5977
7312
3481
3570
4395
6082
3050
9976
6496
7998
2096
8396
2611
3080
5612
9976
5607
5730
1144
1301
1
2578
6179
8002
3318
2036
587
915
4693
6444
5743
668
7768
1311
5429
2286
3495
547
9706
2304
4205
5412
5608
610
7487
3320
317
2879
8907
3589
3594
1201
8733
3057
7736
6169
8040
1435
5234
782
4067
8056
7903
4805
1473
2848
14
739
5526
2554
5176
480
2598
6101
2864
7676
192
7385
8846
1638
8636
2301
3676
9322
961
9642
6288
8042
7578
4112
2396
8817
9034
2600
8738
500
9453
4105
6108
1578
1808
5263
4331
9149
1460
8281
6782
2865
9103
9410
3142
2005
4660
8770
2711
520
2004
8405
2882
4206
2837
5549
6593
7955
4514
7972
8289
8591
9075
5636
1319
7402
590
6586
4397
4833
2814
4696
7948
3242
8451
5514
5806
7141
7386
1660
9060
8980
5807
9098
5381
2652
5264
4056
5544
3852
7891
2979
8948
94
3787
8056
6454
140
2583
3651
2180
6996
7532
6458
9520
4127
468
1035
4558
3150
534
771
7049
8838
1544
689
7842
1550
2387
779
4011
4262
5174
6719
995
5130
7582
2044
2131
2743
2660
34
7913
4206
4262
279
5090
4631
1547
4988
3934
8007
8369
5968
2510
6325
9786
4131
5601
8169
9511
9693
2720
2422
370
6431
1526
6762
4994
3882
2164
9188
9851
8528
5876
7973
501
7400
9756
2122
9471
3909
4661
8793
1234
2713
13
393
3562
6822
2954
7191
8019
373
3904
7063
3344
4107
3828
9928
9410
985
1874
6170
5654
1139
1004
1684
1520
2963
2884
7761
4488
2478
1517
1067
7250
6535
5628
9324
7298
2611
5476
3472
7071
7997
5763
6239
4727
955
8007
6969
9219
2529
5317
2482
2957
3556
8891
593
3135
9409
9812
8196
6542
2895
2700
6726
615
1331
4165
1348
649
1795
4937
3740
4675
5036
768
3494
8239
9095
9285
7639
8895
6058
5284
9636
7111
8988
6407
8437
7243
2011
1842
6634
6970
5505
3227
5074
3307
8291
9166
6793
9127
2188
9919
9361
1080
2330
129
1701
2832
8168
8007
6330
685
7484
6073
5703
7628
8785
3849
2519
3515
4407
87
7308
4035
938
1538
8358
614
6977
143
8708
6245
9751
6895
4650
917
783
1020
916
7155
8724
9636
9306
8454
4479
3482
7012
948
1821
6633
7552
7703
303
3322
9937
1233
7971
120
5162
6670
9779
9186
6700
4138
7965
4689
253
1059
6899
7658
3290
5711
6068
7526
5773
5537
1387
9280
914
5976
7878
2527
3959
6104
9002
133
802
685
132
2119
7016
7853
9155
510
5866
174
8453
12
2530
4456
15
1923
9232
3772
9185
7379
4046
6886
7080
3971
5786
238
1494
1650
5733
1093
7103
5070
4439
6974
7398
1333
4549
9387
3160
3674
7862
5882
3126
4698
4179
7375
5065
1039
7405
5235
6273
4485
8147
5229
6031
5099
1027
3729
8115
2012
2577
7286
2344
8654
6407
6077
6191
2843
4108
4270
5450
5903
2599
4181
2042
2929
3605
6621
4282
7126
266
923
7518
7553
5669
9375
8310
3407
7062
6134
711
6739
532
916
2524
5677
3290
9200
4921
689
8371
1584
2512
4229
8246
455
8
1242
8323
9548
1035
2111
8526
4124
9550
4882
7147
5907
1286
1145
2571
8535
5929
1312
1350
1526
1043
2435
2698
6177
1210
191
2962
952
8132
8884
9530
2552
5512
4061
482
9587
5986
3891
9458
2287
2683
9887
525
7489
6232
6527
5561
8939
9633
1867
8654
8132
5829
8424
6028
2071
3596
92
2610
2543
9997
8835
6668
4177
1794
3698
5181
714
8169
1866
286
2555
1979
1103
8389
4562
8946
4810
3993
587
1367
5819
708
6902
1482
4643
171
3339
902
1489
4987
5371
7555
7324
3668
1497
3006
2048
9386
7450
3910
8636
3097
696
1720
2187
5193
3645
830
7218
5154
5342
5427
2314
418
9013
9898
9133
5804
6132
7328
7831
9636
695
4158
6325
8329
3145
820
3361
4705
7626
675
3841
2699
479
7097
9148
2801
1802
1650
942
4589
4764
5325
1774
861
6184
3037
366
4634
762
4593
3219
741
5848
455
6551
1171
6376
5052
5307
2923
2386
3222
3088
2157
7063
8054
8647
6022
9410
2936
215
3329
109
8253
5280
2528
6216
1227
8318
2155
2774
867
1344
5432
7016
9924
7449
2043
910
270
2375
4928
650
1913
6258
3863
5304
983
6935
5999
4620
2887
5238
4503
9562
619
9032
2241
7451
4861
7237
6583
6334
765
3781
7170
2622
7182
7205
9049
7859
258
9709
4551
2955
2707
9199
2929
4218
4260
5378
4054
7200
6999
2177
1191
2698
8048
1582
9768
1547
9929
7338
8232
2541
8119
1689
2366
9938
8606
8273
8548
6336
5249
2036
7497
4845
8860
3727
1025
2518
7173
466
1680
9158
832
4240
5800
1558
8146
6601
5054
7936
8024
343
7363
488
8746
4117
2066
4013
4474
9079
693
1308
1921
1974
9645
2406
1996
8698
850
5843
3762
1037
3943
8583
1082
605
6226
7876
9434
2882
4379
4896
8035
3938
802
2361
9372
5233
1958
5974
5131
9549
6660
207
6171
4489
3212
5040
9339
6167
586
3994
4515
9356
7155
9642
1741
6415
4158
4782
7953
7106
4198
8485
9984
84
9165
5575
4246
7093
9603
7493
8218
5580
3111
7394
8648
9670
1662
994
5409
5232
7746
2002
9137
1734
3964
8744
5169
3853
9540
5100
653
2766
1144
839
8425
9476
8556
4474
8528
8569
8273
787
5278
107
8809

