1000

4
6
17
19
19
23
70
76
103
107
112
132
136
144
148
164
165
168
175
226
236
237
242
255
256
265
272
275
302
311
311
314
335
352
356
357
365
370
380
390
398
398
410
425
430
443
455
461
480
486
492
494
505
509
511
517
539
539
542
571
576
584
585
589
601
611
612
614
621
643
652
670
693
716
716
718
730
740
744
748
750
750
752
754
756
764
777
791
800
803
804
808
813
829
834
839
854
854
857
876
913
917
918
925
934
935
967
979
983
997
1014
1017
1021
1023
1025
1026
1029
1033
1034
1043
1056
1059
1066
1072
1076
1080
1088
1093
1102
1116
1120
1121
1129
1168
1172
1177
1180
1193
1219
1222
1226
1227
1236
1241
1247
1251
1255
1263
1264
1277
1281
1293
1294
1294
1295
1301
1311
1320
1326
1328
1329
1329
1335
1343
1347
1361
1378
1390
1393
1402
1437
1439
1444
1446
1451
1471
1477
1481
1486
1489
1499
1503
1507
1509
1518
1526
1544
1584
1588
1601
1636
1642
1642
1660
1662
1663
1674
1688
1696
1699
1707
1710
1714
1716
1724
1732
1738
1748
1748
1779
1782
1787
1795
1799
1806
1809
1815
1815
1829
1839
1846
1852
1865
1869
1886
1890
1894
1894
1894
1907
1907
1911
1931
1931
1948
1954
1975
1988
1997
2005
2020
2031
2036
2038
2049
2053
2067
2069
2069
2076
2079
2082
2090
2098
2103
2122
2123
2132
2138
2141
2147
2150
2157
2161
2170
2175
2176
2187
2188
2218
2219
2222
2229
2232
2238
2268
2268
2276
2280
2290
2296
2304
2308
2333
2334
2355
2359
2360
2361
2373
2375
2383
2384
2385
2397
2410
2413
2426
2435
2445
2452
2453
2457
2518
2518
2531
2531
2577
2578
2583
2598
2624
2631
2631
2635
2639
2640
2652
2653
2653
2682
2682
2691
2706
2708
2715
2735
2741
2745
2765
2767
2770
2798
2836
2846
2851
2863
2863
2870
2886
2896
2908
2930
2935
2944
2976
2979
2984
2997
3003
3008
3051
3061
3068
3075
3098
3098
3103
3109
3113
3131
3134
3148
3154
3156
3158
3159
3167
3181
3196
3219
3228
3274
3293
3305
3306
3309
3314
3323
3328
3353
3375
3382
3383
3386
3392
3402
3409
3410
3426
3428
3433
3449
3454
3496
3498
3513
3562
3579
3595
3603
3607
3614
3627
3629
3675
3683
3692
3693
3709
3713
3715
3755
3756
3759
3761
3764
3776
3781
3817
3838
3850
3864
3891
3894
3896
3899
3901
3929
3934
3937
3939
3944
3958
3959
4002
4035
4047
4068
4068
4089
4089
4090
4123
4171
4174
4177
4198
4206
4213
4214
4216
4222
4232
4235
4242
4249
4280
4283
4292
4322
4326
4330
4330
4334
4336
4340
4354
4357
4377
4391
4405
4409
4411
4422
4430
4443
4451
4453
4472
4477
4482
4495
4496
4497
4500
4533
4544
4545
4568
4584
4590
4594
4608
4619
4645
4651
4674
4682
4687
4691
4693
4713
4730
4735
4745
4754
4757
4774
4774
4775
4800
4800
4805
4807
4814
4831
4851
4852
4879
4895
4902
4907
4940
4946
4948
4953
4990
4993
4996
5010
5010
5051
5053
5068
5073
5087
5092
5093
5097
5100
5108
5112
5141
5142
5150
5160
5177
5186
5191
5192
5201
5202
5225
5247
5267
5268
5276
5298
5303
5315
5323
5324
5329
5354
5361
5369
5370
5419
5445
5445
5451
5472
5474
5476
5498
5499
5508
5530
5549
5561
5584
5584
5600
5606
5619
5623
5642
5661
5675
5682
5691
5701
5705
5726
5727
5740
5743
5808
5811
5850
5855
5861
5869
5872
5873
5878
5890
5898
5918
5929
5932
5938
5939
5966
5976
5982
5984
5990
6006
6007
6040
6044
6053
6053
6053
6058
6071
6077
6086
6086
6095
6109
6110
6115
6116
6117
6124
6129
6135
6141
6152
6169
6173
6177
6188
6189
6195
6196
6197
6202
6230
6232
6234
6236
6236
6250
6264
6274
6282
6307
6311
6329
6340
6349
6350
6350
6352
6355
6372
6387
6423
6427
6447
6460
6486
6487
6495
6518
6530
6536
6540
6549
6555
6555
6555
6557
6572
6593
6609
6612
6622
6632
6634
6658
6664
6677
6684
6704
6710
6712
6713
6717
6723
6738
6745
6753
6782
6803
6805
6809
6809
6814
6819
6836
6840
6841
6864
6881
6881
6882
6895
6918
6919
6920
6931
6931
6963
6972
6975
6976
6981
7008
7028
7038
7038
7044
7050
7057
7061
7089
7130
7138
7146
7158
7172
7179
7180
7190
7218
7223
7225
7239
7240
7263
7268
7277
7284
7292
7294
7312
7323
7324
7327
7338
7341
7353
7360
7362
7381
7382
7386
7386
7402
7411
7411
7437
7440
7445
7450
7450
7451
7472
7477
7490
7494
7507
7537
7539
7540
7546
7553
7555
7556
7559
7566
7577
7580
7604
7616
7631
7637
7644
7674
7676
7684
7695
7696
7696
7728
7751
7765
7777
7789
7812
7814
7832
7834
7846
7847
7878
7892
7903
7915
7921
7933
7939
7955
7982
7997
8015
8019
8028
8044
8045
8048
8052
8055
8077
8082
8083
8088
8096
8111
8121
8129
8144
8186
8190
8193
8207
8227
8233
8239
8242
8245
8250
8256
8261
8265
8286
8297
8313
8319
8354
8362
8365
8409
8418
8430
8463
8473
8476
8485
8489
8500
8503
8507
8507
8517
8564
8577
8583
8643
8661
8714
8719
8722
8741
8756
8757
8768
8770
8779
8811
8812
8824
8826
8843
8849
8864
8929
8935
8938
8946
8954
8963
8966
8980
8982
9039
9050
9077
9105
9136
9146
9164
9164
9168
9198
9205
9222
9235
9255
9255
9265
9277
9287
9296
9306
9307
9322
9322
9324
9333
9341
9343
9350
9354
9364
9371
9382
9386
9404
9411
9418
9473
9473
9511
9518
9524
9538
9554
9557
9561
9570
9588
9590
9600
9602
9610
9617
9623
9625
9633
9639
9642
9668
9668
9679
9688
9707
9710
9712
9725
9725
9750
9753
9763
9772
9793
9794
9805
9810
9838
9846
9859
9869
9874
9904
9922
9944
9951
9965
9985
9985
9986
9991
9994
9998

