10000

0
0
2
4
15
17
19
26
28
37
47
48
50
51
58
58
58
58
63
63
64
66
67
69
78
80
87
87
89
97
97
97
98
106
107
108
113
116
117
141
153
153
153
155
161
176
188
189
191
192
194
196
198
204
215
217
220
222
224
224
225
226
232
236
236
238
239
239
240
241
244
245
250
250
251
251
252
253
257
261
266
278
279
283
286
288
288
289
292
293
295
299
300
302
307
312
315
320
321
322
323
328
328
340
344
345
345
346
351
353
363
368
369
371
379
381
382
383
384
388
392
394
394
399
401
402
409
412
413
421
423
425
426
428
430
431
431
433
434
438
438
450
451
462
465
465
469
471
477
478
481
485
487
488
488
489
492
497
499
500
503
508
511
514
516
519
525
535
535
537
537
550
550
550
552
573
582
583
593
600
601
603
603
607
609
610
613
617
624
625
627
640
640
640
645
645
647
647
653
663
665
668
669
677
678
680
684
688
692
698
703
704
704
705
707
708
726
728
728
730
730
731
731
735
739
740
750
760
763
768
772
775
780
781
783
784
787
789
789
791
792
794
796
800
800
810
815
816
822
827
828
830
844
855
863
870
873
877
881
890
907
907
909
911
924
927
928
934
943
948
948
950
950
953
955
958
959
959
963
963
965
966
968
969
973
974
975
978
981
986
989
994
998
999
1000
1007
1009
1009
1013
1014
1020
1021
1023
1035
1037
1041
1043
1047
1057
1062
1062
1063
1065
1065
1065
1066
1067
1067
1070
1075
1075
1075
1077
1079
1080
1084
1096
1096
1098
1106
1112
1113
1114
1114
1117
1121
1121
1123
1130
1136
1136
1137
1160
1161
1163
1163
1164
1166
1179
1181
1183
1184
1185
1185
1187
1188
1192
1193
1194
1204
1204
1213
1216
1217
1221
1224
1224
1225
1232
1233
1237
1245
1246
1247
1257
1258
1258
1262
1264
1270
1274
1276
1279
1279
1279
1281
1282
1282
1283
1284
1289
1297
1302
1310
1310
1315
1317
1324
1326
1328
1334
1340
1345
1353
1367
1368
1369
1370
1371
1372
1387
1389
1400
1406
1408
1411
1412
1431
1431
1437
1448
1450
1450
1451
1452
1453
1453
1455
1458
1465
1472
1479
1481
1483
1487
1492
1498
1499
1504
1505
1510
1514
1516
1521
1536
1536
1541
1545
1548
1551
1554
1555
1556
1558
1558
1560
1560
1571
1578
1584
1591
1592
1596
1601
1601
1603
1607
1610
1612
1613
1614
1623
1629
1630
1630
1635
1642
1643
1644
1647
1648
1649
1649
1651
1654
1667
1682
1685
1688
1689
1694
1695
1702
1704
1714
1719
1720
1730
1732
1734
1748
1750
1752
1754
1757
1758
1759
1762
1763
1779
1782
1782
1782
1787
1787
1796
1801
1801
1802
1803
1806
1808
1810
1811
1812
1813
1815
1821
1832
1843
1846
1848
1853
1853
1855
1864
1866
1869
1871
1876
1879
1880
1885
1889
1889
1890
1895
1905
1916
1918
1924
1925
1931
1932
1940
1947
1948
1948
1951
1971
1979
1979
1989
1990
1995
2001
2001
2003
2011
2014
2015
2021
2029
2029
2035
2036
2039
2040
2048
2050
2053
2054
2058
2060
2068
2071
2073
2077
2078
2079
2080
2085
2086
2091
2091
2092
2093
2093
2093
2093
2094
2094
2102
2104
2115
2116
2119
2122
2124
2124
2145
2157
2159
2160
2163
2164
2165
2172
2180
2190
2195
2202
2207
2211
2222
2226
2227
2231
2235
2237
2238
2238
2239
2240
2241
2244
2247
2248
2249
2251
2252
2253
2255
2259
2260
2260
2260
2262
2263
2264
2270
2276
2282
2283
2285
2288
2290
2291
2298
2300
2308
2310
2317
2321
2328
2329
2332
2341
2342
2343
2344
2348
2356
2362
2368
2379
2380
2398
2398
2405
2407
2407
2407
2415
2416
2416
2424
2428
2431
2431
2431
2434
2434
2441
2447
2448
2449
2450
2450
2457
2457
2459
2464
2464
2465
2468
2471
2473
2474
2479
2486
2492
2515
2515
2517
2519
2521
2521
2521
2524
2531
2533
2534
2543
2554
2561
2563
2565
2565
2567
2569
2576
2579
2585
2587
2590
2593
2596
2597
2603
2606
2607
2609
2609
2625
2630
2631
2634
2637
2639
2641
2642
2642
2653
2654
2656
2657
2657
2657
2659
2665
2667
2669
2669
2672
2678
2683
2699
2710
2712
2712
2713
2714
2717
2729
2731
2736
2736
2740
2741
2746
2751
2753
2755
2760
2772
2775
2778
2780
2781
2785
2786
2789
2791
2805
2807
2808
2809
2816
2824
2828
2833
2833
2835
2839
2843
2844
2845
2846
2858
2859
2861
2867
2868
2875
2877
2880
2882
2890
2897
2901
2911
2922
2922
2927
2929
2931
2935
2960
2962
2962
2969
2972
2975
2977
2980
2981
2985
2986
2997
2998
3000
3007
3013
3014
3018
3019
3023
3029
3033
3034
3036
3037
3040
3040
3046
3047
3047
3050
3067
3074
3077
3082
3091
3092
3094
3098
3100
3100
3106
3109
3109
3111
3114
3117
3118
3125
3125
3127
3130
3132
3139
3140
3142
3143
3144
3145
3151
3152
3156
3156
3157
3160
3161
3162
3166
3171
3171
3171
3171
3175
3175
3179
3184
3185
3192
3199
3201
3209
3209
3210
3218
3219
3220
3223
3224
3227
3227
3241
3243
3248
3251
3253
3254
3256
3256
3259
3261
3274
3276
3277
3277
3278
3282
3284
3288
3288
3289
3296
3299
3300
3302
3304
3308
3308
3312
3317
3318
3319
3320
3322
3323
3326
3330
3330
3331
3332
3333
3334
3334
3345
3345
3347
3350
3361
3368
3373
3374
3380
3383
3383
3389
3389
3394
3395
3396
3400
3401
3406
3407
3420
3421
3424
3434
3443
3448
3456
3461
3474
3475
3475
3483
3488
3491
3491
3495
3495
3496
3499
3500
3500
3501
3502
3502
3515
3517
3531
3534
3536
3540
3540
3543
3546
3550
3554
3557
3563
3565
3570
3576
3576
3577
3579
3584
3586
3588
3603
3607
3612
3616
3617
3619
3623
3631
3633
3636
3636
3643
3646
3649
3651
3651
3652
3652
3656
3656
3656
3661
3662
3666
3666
3673
3673
3674
3676
3677
3679
3684
3684
3688
3688
3693
3695
3696
3700
3703
3703
3704
3716
3718
3721
3731
3742
3744
3745
3745
3751
3751
3753
3757
3761
3762
3763
3764
3768
3775
3777
3781
3782
3787
3787
3788
3790
3793
3813
3814
3822
3823
3828
3830
3831
3832
3834
3841
3842
3844
3856
3860
3862
3864
3873
3884
3887
3888
3896
3903
3907
3908
3916
3919
3921
3935
3938
3942
3944
3946
3946
3951
3959
3960
3964
3965
3965
3969
3971
3973
3975
3977
3992
3994
3995
3997
4009
4009
4016
4018
4025
4028
4041
4041
4046
4048
4048
4050
4057
4062
4073
4074
4075
4075
4077
4080
4081
4086
4090
4095
4098
4102
4106
4111
4113
4114
4114
4115
4118
4126
4127
4130
4139
4139
4140
4141
4143
4145
4149
4150
4151
4152
4153
4154
4169
4182
4183
4184
4186
4187
4188
4190
4191
4191
4195
4196
4204
4207
4208
4211
4212
4216
4221
4230
4232
4233
4235
4238
4241
4244
4248
4248
4258
4259
4260
4261
4274
4276
4278
4281
4282
4288
4291
4294
4308
4313
4313
4315
4320
4326
4330
4334
4341
4343
4351
4353
4362
4366
4367
4367
4369
4370
4370
4379
4380
4381
4388
4393
4396
4398
4403
4404
4406
4406
4415
4419
4420
4421
4425
4427
4429
4433
4436
4446
4447
4448
4449
4450
4455
4455
4458
4459
4460
4462
4467
4468
4468
4470
4473
4476
4480
4484
4486
4488
4489
4497
4500
4501
4508
4509
4511
4513
4514
4515
4518
4519
4519
4522
4523
4530
4536
4540
4541
4543
4549
4553
4558
4568
4569
4578
4581
4582
4584
4585
4585
4585
4588
4590
4592
4595
4606
4609
4609
4610
4613
4620
4627
4637
4638
4639
4641
4643
4646
4653
4654
4655
4655
4663
4664
4668
4670
4672
4673
4675
4675
4684
4686
4688
4690
4691
4698
4700
4703
4705
4711
4717
4718
4722
4724
4739
4741
4742
4742
4743
4743
4743
4753
4757
4760
4769
4773
4773
4773
4774
4779
4781
4788
4792
4797
4798
4801
4807
4808
4808
4810
4810
4810
4812
4819
4821
4833
4835
4839
4845
4846
4848
4849
4859
4861
4861
4864
4872
4873
4873
4874
4878
4894
4895
4899
4899
4900
4910
4915
4919
4922
4924
4926
4927
4930
4933
4941
4943
4950
4952
4954
4969
4976
4984
4989
4992
5005
5013
5026
5029
5029
5035
5037
5044
5047
5049
5052
5056
5061
5062
5065
5066
5078
5085
5086
5090
5090
5096
5099
5101
5111
5119
5122
5124
5127
5128
5131
5131
5139
5141
5142
5143
5144
5145
5146
5146
5151
5152
5161
5161
5169
5169
5171
5177
5178
5179
5181
5183
5187
5188
5189
5190
5191
5203
5203
5207
5208
5208
5209
5213
5223
5225
5228
5229
5230
5235
5235
5236
5245
5246
5254
5254
5263
5264
5264
5267
5269
5269
5272
5272
5283
5284
5284
5288
5290
5298
5301
5304
5309
5309
5310
5312
5312
5315
5320
5320
5324
5327
5329
5331
5332
5332
5332
5340
5340
5344
5359
5360
5362
5362
5362
5363
5367
5376
5385
5392
5394
5400
5401
5404
5405
5406
5406
5406
5407
5408
5409
5409
5409
5410
5410
5413
5419
5421
5427
5428
5428
5431
5432
5435
5438
5439
5445
5446
5453
5454
5455
5459
5459
5463
5468
5471
5473
5475
5485
5491
5499
5500
5502
5505
5505
5509
5510
5511
5513
5514
5522
5522
5527
5528
5531
5533
5534
5535
5536
5536
5539
5539
5539
5549
5552
5553
5563
5564
5564
5573
5577
5581
5581
5583
5589
5597
5603
5605
5605
5607
5608
5609
5617
5621
5621
5623
5624
5626
5634
5636
5639
5640
5642
5643
5648
5649
5654
5654
5656
5656
5657
5664
5667
5667
5668
5673
5674
5676
5676
5681
5687
5688
5690
5692
5697
5697
5699
5700
5703
5704
5706
5711
5716
5718
5719
5730
5735
5738
5740
5740
5746
5752
5757
5758
5760
5761
5765
5765
5766
5769
5770
5772
5784
5805
5805
5808
5808
5813
5813
5814
5818
5819
5821
5825
5825
5831
5831
5832
5832
5835
5836
5836
5837
5838
5845
5849
5853
5862
5864
5865
5866
5869
5870
5871
5872
5873
5876
5880
5881
5882
5885
5890
5896
5904
5907
5910
5913
5915
5915
5917
5920
5924
5928
5931
5935
5937
5944
5945
5955
5955
5968
5971
5974
5977
5985
5986
5989
5991
5993
5993
6002
6005
6015
6018
6026
6027
6027
6028
6029
6032
6044
6044
6051
6053
6066
6067
6071
6073
6078
6083
6085
6086
6092
6099
6104
6110
6112
6115
6117
6118
6123
6128
6131
6131
6136
6147
6149
6151
6156
6157
6171
6175
6176
6179
6181
6182
6183
6185
6186
6186
6192
6195
6202
6207
6213
6216
6222
6222
6224
6224
6227
6229
6229
6232
6235
6236
6237
6238
6238
6241
6264
6272
6276
6276
6287
6287
6290
6293
6296
6299
6301
6303
6313
6315
6315
6317
6319
6321
6326
6329
6331
6335
6335
6336
6341
6343
6345
6347
6352
6357
6360
6362
6364
6368
6374
6379
6380
6382
6385
6385
6386
6387
6390
6391
6393
6394
6397
6400
6404
6409
6410
6425
6425
6428
6429
6430
6442
6445
6448
6449
6453
6456
6456
6469
6479
6485
6494
6499
6504
6504
6515
6520
6525
6528
6532
6540
6543
6545
6547
6557
6565
6572
6573
6574
6579
6581
6590
6590
6596
6603
6607
6609
6612
6615
6624
6625
6625
6637
6638
6638
6650
6652
6655
6658
6660
6660
6661
6668
6672
6672
6672
6673
6675
6678
6684
6690
6693
6693
6693
6696
6701
6706
6708
6712
6718
6722
6724
6729
6740
6742
6743
6744
6749
6749
6749
6751
6755
6759
6759
6761
6762
6762
6765
6766
6770
6774
6777
6779
6786
6788
6791
6806
6811
6813
6819
6819
6828
6828
6828
6830
6832
6849
6855
6859
6861
6865
6865
6865
6874
6880
6881
6882
6882
6886
6888
6889
6889
6889
6892
6898
6901
6901
6903
6906
6909
6911
6913
6914
6916
6921
6928
6939
6940
6941
6944
6961
6963
6972
6974
6976
6978
6980
6980
6985
6990
6990
7006
7009
7014
7016
7016
7017
7018
7020
7021
7025
7025
7029
7029
7034
7041
7041
7042
7047
7053
7054
7059
7062
7063
7072
7073
7074
7082
7086
7087
7087
7098
7104
7104
7108
7110
7111
7113
7116
7128
7130
7131
7132
7133
7136
7145
7146
7150
7152
7156
7163
7168
7169
7173
7180
7184
7185
7196
7201
7202
7202
7214
7216
7217
7223
7228
7231
7241
7244
7249
7249
7250
7251
7251
7259
7268
7268
7269
7271
7277
7278
7282
7284
7287
7296
7297
7310
7310
7314
7316
7317
7318
7321
7335
7336
7340
7344
7352
7355
7363
7365
7366
7371
7371
7372
7373
7374
7376
7376
7377
7378
7384
7389
7392
7395
7396
7399
7399
7399
7404
7404
7404
7405
7409
7409
7413
7414
7417
7417
7423
7423
7425
7430
7434
7436
7437
7443
7453
7454
7462
7466
7468
7470
7474
7480
7480
7481
7481
7481
7482
7485
7485
7497
7498
7498
7499
7501
7507
7507
7509
7510
7510
7512
7512
7515
7516
7518
7521
7523
7530
7536
7538
7542
7545
7553
7555
7555
7559
7560
7560
7567
7569
7569
7569
7570
7570
7572
7573
7574
7579
7580
7580
7591
7592
7592
7594
7595
7597
7603
7605
7614
7616
7626
7627
7629
7632
7633
7636
7639
7642
7644
7644
7651
7653
7656
7657
7664
7669
7671
7679
7683
7688
7689
7689
7693
7695
7696
7702
7704
7704
7708
7714
7714
7715
7723
7729
7736
7737
7737
7739
7740
7740
7741
7745
7754
7754
7760
7760
7761
7763
7770
7771
7771
7774
7774
7782
7784
7788
7790
7792
7792
7793
7799
7799
7800
7804
7806
7808
7809
7809
7810
7813
7820
7823
7824
7825
7831
7836
7839
7840
7842
7843
7852
7857
7857
7864
7865
7865
7870
7873
7878
7879
7882
7883
7886
7892
7899
7899
7901
7903
7911
7911
7915
7917
7919
7926
7927
7933
7934
7937
7949
7950
7952
7961
7961
7965
7967
7969
7969
7969
7970
7972
7973
7973
7976
7977
7981
7981
7987
7987
7988
7998
8001
8016
8018
8020
8020
8021
8022
8023
8024
8028
8055
8060
8061
8065
8069
8070
8071
8071
8073
8073
8074
8075
8075
8077
8084
8084
8101
8101
8102
8113
8120
8121
8128
8128
8130
8132
8137
8137
8139
8144
8149
8150
8150
8160
8160
8168
8171
8175
8175
8179
8184
8187
8187
8188
8189
8196
8199
8204
8206
8215
8217
8218
8219
8222
8222
8223
8228
8241
8246
8246
8250
8250
8250
8251
8253
8253
8253
8255
8255
8256
8257
8260
8265
8272
8276
8277
8280
8287
8288
8288
8303
8304
8315
8322
8325
8326
8326
8327
8329
8330
8346
8350
8353
8359
8360
8360
8363
8364
8366
8374
8375
8379
8385
8387
8395
8400
8403
8403
8404
8406
8406
8407
8407
8414
8417
8429
8430
8430
8433
8434
8456
8456
8466
8469
8475
8476
8483
8490
8497
8502
8503
8506
8508
8509
8510
8512
8513
8515
8515
8516
8517
8518
8518
8520
8524
8531
8536
8541
8542
8543
8548
8549
8561
8573
8573
8575
8579
8583
8588
8589
8589
8592
8595
8596
8601
8603
8607
8609
8613
8616
8618
8619
8623
8626
8626
8635
8641
8642
8646
8661
8663
8663
8669
8673
8674
8679
8689
8693
8695
8699
8710
8715
8724
8727
8732
8739
8741
8745
8746
8748
8757
8765
8767
8769
8771
8775
8778
8782
8788
8793
8795
8799
8799
8800
8807
8810
8810
8816
8816
8817
8818
8819
8820
8821
8838
8839
8839
8841
8842
8847
8854
8856
8860
8862
8869
8870
8878
8882
8883
8886
8887
8890
8890
8893
8894
8898
8900
8913
8918
8921
8926
8936
8940
8941
8949
8949
8950
8950
8953
8954
8956
8960
8962
8966
8968
8971
8977
8981
8985
8989
8992
8993
8997
8999
9000
9006
9007
9016
9019
9027
9028
9035
9038
9040
9040
9043
9043
9049
9059
9060
9060
9062
9064
9067
9068
9072
9073
9075
9076
9080
9082
9082
9084
9087
9087
9091
9093
9103
9104
9104
9104
9112
9112
9113
9114
9119
9122
9125
9126
9132
9136
9137
9139
9141
9142
9151
9151
9152
9160
9162
9162
9167
9170
9171
9171
9173
9173
9174
9181
9182
9186
9189
9192
9192
9195
9195
9196
9196
9197
9200
9202
9202
9205
9213
9215
9216
9219
9221
9222
9231
9242
9249
9252
9254
9255
9256
9257
9271
9279
9282
9286
9286
9287
9292
9306
9315
9315
9323
9325
9332
9333
9333
9342
9343
9344
9345
9350
9355
9365
9365
9368
9389
9390
9390
9391
9394
9395
9407
9412
9415
9415
9415
9419
9420
9422
9424
9428
9432
9432
9435
9438
9440
9441
9443
9451
9460
9462
9464
9465
9473
9476
9480
9490
9491
9493
9497
9502
9503
9503
9506
9506
9507
9508
9511
9520
9527
9530
9541
9549
9563
9564
9570
9572
9581
9585
9586
9587
9588
9589
9603
9605
9605
9606
9609
9611
9614
9615
9619
9628
9630
9630
9635
9636
9640
9642
9646
9648
9650
9656
9665
9668
9669
9681
9685
9685
9686
9686
9688
9694
9705
9710
9711
9713
9716
9716
9718
9720
9722
9724
9728
9730
9734
9737
9740
9742
9749
9757
9757
9761
9773
9775
9777
9785
9790
9792
9803
9803
9803
9807
9812
9814
9818
9821
9823
9828
9831
9833
9837
9839
9842
9842
9844
9844
9851
9852
9854
9857
9859
9860
9861
9865
9866
9867
9867
9867
9874
9881
9894
9900
9908
9915
9917
9918
9921
9926
9926
9953
9955
9961
9963
9967
9969
9971
9972
9978
9981
9989
9993
9993
9997
9998
10001
10003
10008
10012
10016
10023
10026
10026
10027
10035
10039
10046
10051
10051
10064
10065
10067
10068
10072
10079
10081
10081
10083
10087
10087
10088
10088
10091
10092
10093
10098
10107
10110
10111
10114
10119
10129
10133
10139
10139
10141
10142
10143
10146
10148
10157
10157
10160
10168
10169
10172
10181
10192
10196
10197
10199
10201
10202
10206
10207
10213
10213
10216
10217
10221
10221
10224
10224
10226
10234
10235
10235
10236
10239
10244
10249
10249
10254
10258
10261
10262
10269
10271
10272
10275
10275
10284
10288
10289
10291
10293
10296
10299
10306
10314
10318
10321
10328
10336
10339
10341
10342
10343
10346
10349
10351
10352
10361
10373
10377
10379
10382
10383
10389
10389
10398
10402
10406
10408
10410
10410
10411
10417
10423
10424
10427
10430
10436
10437
10437
10445
10450
10451
10457
10460
10462
10465
10465
10466
10466
10473
10474
10475
10478
10481
10490
10492
10497
10501
10504
10506
10510
10510
10528
10529
10536
10537
10542
10544
10545
10547
10552
10556
10558
10559
10559
10560
10561
10565
10570
10572
10573
10574
10584
10585
10586
10589
10591
10597
10607
10608
10613
10614
10614
10616
10619
10623
10634
10637
10639
10642
10650
10652
10657
10658
10661
10677
10682
10683
10684
10686
10692
10697
10712
10722
10724
10726
10728
10732
10734
10738
10739
10742
10750
10751
10754
10758
10765
10766
10767
10767
10781
10790
10794
10797
10805
10812
10812
10813
10817
10819
10825
10827
10827
10832
10840
10843
10843
10846
10849
10851
10857
10858
10858
10860
10861
10867
10884
10884
10884
10886
10886
10890
10894
10899
10904
10909
10913
10914
10916
10917
10936
10940
10940
10942
10944
10945
10954
10957
10957
10957
10958
10958
10968
10976
10976
10979
10979
10981
10984
10992
10992
10992
10997
10997
10998
11009
11011
11011
11014
11018
11020
11021
11025
11028
11028
11031
11033
11041
11042
11042
11043
11046
11055
11058
11064
11065
11065
11066
11069
11073
11073
11073
11076
11077
11089
11092
11095
11096
11107
11115
11117
11118
11119
11123
11127
11128
11133
11144
11145
11148
11148
11151
11151
11151
11155
11157
11161
11163
11164
11169
11179
11180
11180
11187
11193
11195
11212
11216
11221
11222
11229
11229
11231
11245
11253
11258
11259
11262
11262
11263
11272
11273
11276
11278
11281
11283
11303
11304
11307
11312
11313
11314
11324
11328
11329
11332
11340
11341
11347
11354
11356
11357
11361
11365
11383
11385
11387
11387
11390
11391
11398
11399
11402
11407
11408
11419
11420
11422
11425
11426
11429
11431
11433
11436
11441
11447
11450
11453
11454
11454
11459
11461
11464
11469
11470
11471
11472
11473
11474
11481
11486
11487
11487
11492
11493
11499
11503
11509
11512
11512
11517
11535
11536
11539
11553
11562
11562
11565
11565
11566
11570
11570
11576
11578
11579
11579
11580
11581
11582
11583
11584
11585
11587
11587
11588
11601
11602
11603
11606
11612
11613
11623
11626
11626
11628
11635
11635
11637
11640
11642
11643
11648
11652
11653
11654
11657
11661
11665
11669
11671
11676
11678
11684
11686
11688
11695
11696
11702
11704
11706
11708
11720
11730
11731
11736
11739
11740
11745
11753
11753
11753
11761
11770
11770
11772
11776
11778
11781
11789
11791
11796
11801
11807
11814
11816
11819
11820
11822
11831
11832
11836
11843
11844
11866
11871
11871
11872
11874
11876
11881
11883
11886
11886
11889
11890
11891
11893
11896
11900
11903
11903
11904
11908
11909
11910
11932
11935
11938
11944
11945
11949
11951
11955
11956
11963
11968
11969
11975
11975
11976
11977
11978
11978
11978
11978
11979
11982
11982
11988
11989
11993
11994
11996
11996
11998
12010
12012
12015
12023
12023
12024
12026
12026
12032
12033
12039
12040
12046
12047
12049
12050
12050
12051
12053
12053
12062
12062
12067
12069
12078
12081
12084
12084
12089
12089
12094
12095
12105
12107
12113
12115
12118
12126
12132
12132
12133
12133
12134
12135
12137
12137
12138
12139
12140
12140
12145
12152
12156
12164
12168
12176
12177
12178
12186
12187
12188
12190
12193
12199
12200
12220
12223
12223
12225
12229
12232
12235
12244
12246
12247
12251
12255
12258
12262
12262
12264
12268
12268
12269
12271
12271
12276
12280
12282
12285
12287
12289
12295
12296
12302
12308
12310
12311
12314
12317
12318
12319
12321
12330
12331
12335
12342
12349
12354
12356
12357
12359
12366
12367
12368
12370
12373
12377
12381
12382
12387
12389
12392
12394
12398
12403
12404
12408
12409
12412
12415
12417
12423
12425
12429
12430
12432
12436
12437
12438
12447
12457
12459
12460
12461
12470
12473
12473
12473
12477
12477
12479
12484
12488
12489
12492
12501
12503
12506
12509
12513
12516
12518
12521
12524
12528
12529
12531
12534
12535
12535
12540
12543
12544
12550
12553
12555
12561
12565
12579
12582
12585
12596
12601
12604
12610
12616
12641
12643
12643
12644
12646
12653
12654
12658
12665
12668
12669
12671
12674
12675
12675
12680
12680
12681
12682
12684
12687
12688
12689
12700
12700
12701
12704
12707
12716
12718
12722
12722
12723
12725
12726
12729
12730
12738
12742
12745
12746
12750
12752
12753
12753
12757
12758
12759
12762
12763
12763
12765
12765
12766
12774
12777
12778
12783
12802
12804
12810
12811
12820
12822
12822
12826
12835
12836
12836
12836
12838
12841
12842
12842
12845
12846
12847
12850
12851
12855
12856
12857
12858
12861
12866
12867
12868
12871
12886
12897
12898
12900
12913
12915
12917
12923
12928
12929
12929
12932
12935
12935
12936
12945
12946
12948
12951
12951
12951
12952
12957
12961
12961
12961
12964
12973
12975
12980
12981
12981
12981
12982
12985
12988
12996
13003
13004
13014
13014
13015
13017
13018
13022
13025
13026
13026
13028
13031
13037
13039
13042
13042
13047
13052
13057
13061
13069
13070
13073
13075
13076
13076
13077
13083
13092
13093
13094
13094
13095
13098
13099
13104
13105
13109
13113
13116
13118
13119
13120
13121
13123
13131
13142
13145
13146
13150
13157
13158
13160
13174
13174
13179
13179
13185
13185
13186
13186
13190
13191
13193
13193
13194
13195
13199
13204
13207
13209
13209
13211
13212
13216
13217
13219
13229
13232
13234
13235
13235
13235
13236
13238
13241
13243
13245
13246
13247
13248
13253
13258
13262
13264
13269
13270
13281
13283
13284
13284
13285
13286
13287
13288
13289
13290
13292
13295
13295
13297
13299
13305
13310
13313
13314
13317
13317
13320
13320
13322
13322
13326
13328
13329
13332
13337
13338
13338
13339
13344
13344
13344
13348
13349
13351
13353
13361
13361
13365
13365
13371
13373
13378
13378
13383
13389
13390
13390
13396
13396
13397
13397
13397
13403
13404
13404
13416
13418
13418
13419
13431
13432
13434
13438
13441
13441
13443
13445
13452
13453
13456
13457
13464
13472
13478
13481
13491
13499
13504
13506
13508
13510
13513
13513
13515
13526
13526
13526
13532
13534
13545
13547
13548
13557
13566
13569
13570
13570
13577
13581
13582
13585
13591
13593
13596
13599
13600
13607
13609
13613
13616
13616
13617
13625
13628
13628
13632
13633
13634
13635
13642
13652
13657
13660
13660
13663
13665
13666
13671
13676
13681
13682
13683
13686
13694
13696
13698
13699
13700
13702
13704
13707
13709
13711
13711
13716
13718
13724
13725
13726
13730
13730
13744
13745
13746
13747
13748
13749
13752
13754
13754
13755
13757
13760
13761
13762
13763
13771
13772
13792
13794
13798
13799
13800
13809
13810
13814
13816
13817
13821
13826
13827
13833
13834
13837
13841
13843
13851
13857
13858
13862
13866
13869
13878
13878
13879
13882
13885
13885
13890
13898
13906
13911
13912
13913
13913
13923
13924
13927
13929
13934
13942
13951
13953
13953
13954
13964
13966
13975
13975
13975
13977
13977
13981
13984
13989
13990
13999
13999
14002
14003
14009
14013
14020
14020
14021
14027
14033
14035
14035
14035
14038
14041
14043
14048
14055
14056
14062
14064
14079
14080
14085
14086
14086
14093
14097
14102
14103
14108
14109
14110
14111
14117
14120
14121
14125
14137
14137
14138
14138
14139
14145
14145
14150
14161
14161
14162
14166
14180
14187
14189
14189
14190
14194
14195
14201
14204
14204
14205
14205
14209
14211
14214
14218
14219
14220
14224
14224
14225
14227
14230
14230
14231
14238
14239
14248
14257
14261
14264
14267
14278
14283
14284
14286
14289
14290
14291
14293
14297
14301
14302
14303
14311
14316
14317
14328
14329
14331
14331
14332
14336
14345
14349
14350
14351
14352
14359
14361
14371
14372
14375
14380
14388
14389
14394
14399
14404
14408
14408
14413
14418
14419
14420
14420
14423
14428
14430
14433
14434
14438
14439
14443
14453
14453
14462
14469
14470
14470
14470
14474
14477
14484
14487
14488
14491
14494
14499
14508
14511
14516
14519
14521
14524
14524
14532
14545
14551
14553
14555
14555
14557
14557
14560
14564
14568
14570
14573
14578
14582
14584
14587
14591
14591
14593
14594
14595
14598
14608
14611
14613
14621
14622
14623
14623
14626
14627
14631
14647
14656
14673
14674
14674
14675
14678
14681
14684
14687
14688
14698
14699
14709
14709
14714
14718
14719
14720
14722
14728
14732
14737
14738
14739
14742
14742
14743
14745
14750
14762
14767
14767
14775
14784
14787
14800
14809
14816
14817
14820
14821
14823
14825
14828
14834
14835
14838
14843
14846
14850
14850
14856
14857
14857
14864
14868
14869
14878
14879
14883
14883
14884
14888
14890
14890
14891
14893
14893
14904
14908
14911
14914
14916
14917
14930
14930
14932
14939
14944
14945
14946
14954
14965
14971
14973
14977
14977
14984
14988
14991
14992
14996
14997
15002
15004
15005
15006
15010
15011
15020
15021
15026
15029
15029
15037
15039
15041
15043
15044
15044
15046
15049
15049
15051
15053
15053
15055
15068
15068
15070
15079
15082
15087
15089
15090
15093
15097
15098
15100
15106
15107
15110
15112
15113
15113
15124
15134
15135
15140
15144
15150
15151
15151
15159
15160
15161
15163
15174
15180
15180
15182
15184
15186
15186
15189
15196
15197
15200
15204
15208
15210
15214
15215
15215
15225
15227
15229
15230
15233
15233
15236
15238
15245
15248
15249
15249
15250
15250
15254
15254
15257
15259
15260
15263
15264
15267
15273
15274
15275
15281
15281
15289
15300
15300
15302
15303
15306
15308
15313
15315
15316
15316
15319
15325
15326
15326
15328
15332
15333
15337
15338
15339
15347
15347
15359
15362
15370
15374
15383
15388
15390
15392
15393
15394
15398
15404
15415
15419
15420
15425
15438
15440
15441
15444
15445
15451
15466
15467
15469
15469
15474
15480
15484
15484
15488
15490
15492
15493
15496
15500
15503
15507
15509
15510
15518
15518
15522
15524
15525
15531
15533
15535
15536
15539
15539
15539
15540
15540
15542
15549
15551
15553
15554
15555
15557
15564
15575
15578
15583
15591
15592
15593
15597
15616
15617
15618
15618
15619
15633
15639
15640
15644
15646
15650
15660
15664
15666
15669
15672
15672
15674
15675
15686
15688
15689
15691
15697
15697
15697
15697
15707
15707
15713
15714
15716
15726
15727
15727
15727
15727
15731
15740
15746
15747
15750
15752
15758
15761
15764
15768
15769
15773
15779
15780
15785
15788
15790
15791
15795
15798
15800
15805
15806
15809
15810
15811
15812
15814
15829
15830
15833
15837
15838
15839
15845
15849
15850
15851
15854
15857
15858
15862
15863
15867
15868
15877
15878
15882
15886
15887
15887
15891
15892
15895
15897
15902
15906
15907
15907
15911
15913
15915
15920
15920
15921
15926
15927
15928
15928
15936
15937
15944
15946
15946
15956
15964
15971
15973
15975
15976
15977
15988
15992
15998
15998
15998
15999
16001
16003
16007
16008
16016
16016
16017
16019
16019
16043
16043
16044
16048
16060
16061
16062
16067
16069
16070
16075
16083
16085
16089
16092
16093
16094
16099
16100
16101
16107
16111
16114
16116
16116
16127
16128
16131
16133
16141
16151
16151
16155
16155
16159
16164
16165
16166
16166
16172
16172
16173
16174
16180
16183
16185
16193
16198
16199
16202
16215
16216
16216
16217
16218
16223
16225
16236
16241
16244
16247
16250
16252
16254
16255
16259
16259
16268
16271
16277
16278
16283
16287
16288
16292
16302
16303
16305
16310
16310
16311
16313
16316
16316
16317
16322
16327
16328
16330
16332
16337
16338
16343
16344
16345
16345
16348
16349
16350
16359
16364
16372
16376
16377
16382
16386
16387
16389
16390
16391
16396
16398
16401
16402
16402
16403
16408
16413
16413
16414
16415
16420
16430
16432
16433
16435
16437
16441
16443
16444
16446
16450
16452
16452
16455
16460
16464
16468
16469
16469
16470
16471
16471
16473
16476
16478
16479
16481
16489
16496
16497
16506
16508
16515
16519
16520
16529
16531
16536
16542
16542
16548
16563
16568
16571
16575
16578
16581
16585
16585
16586
16586
16590
16590
16595
16595
16598
16599
16606
16606
16611
16612
16614
16618
16619
16620
16621
16624
16627
16637
16641
16642
16649
16652
16655
16656
16658
16662
16663
16667
16668
16669
16670
16672
16684
16692
16692
16694
16695
16698
16701
16704
16705
16705
16707
16713
16714
16718
16718
16723
16724
16734
16737
16742
16743
16748
16752
16752
16753
16754
16759
16761
16762
16763
16763
16767
16769
16771
16776
16781
16787
16792
16796
16799
16808
16810
16817
16819
16821
16822
16828
16829
16833
16837
16838
16840
16843
16844
16845
16846
16853
16854
16855
16858
16858
16869
16887
16887
16894
16896
16898
16900
16907
16907
16911
16915
16917
16919
16921
16924
16926
16927
16930
16933
16938
16938
16942
16943
16949
16952
16953
16955
16955
16958
16960
16967
16969
16970
16971
16981
16987
16987
16987
16995
16997
16998
17014
17017
17022
17027
17030
17034
17035
17036
17039
17042
17048
17049
17050
17059
17065
17067
17075
17079
17086
17088
17088
17091
17097
17102
17108
17108
17111
17112
17117
17119
17119
17124
17125
17126
17137
17138
17150
17152
17152
17155
17157
17161
17162
17163
17168
17168
17173
17173
17177
17182
17184
17184
17187
17188
17195
17197
17197
17199
17202
17204
17205
17218
17225
17229
17231
17233
17240
17240
17248
17250
17250
17253
17258
17259
17268
17275
17276
17277
17284
17288
17288
17293
17293
17294
17300
17305
17309
17317
17319
17323
17327
17327
17329
17331
17336
17338
17340
17342
17345
17345
17345
17349
17361
17365
17368
17375
17377
17380
17386
17387
17388
17389
17392
17398
17403
17409
17410
17413
17415
17418
17420
17420
17423
17424
17431
17436
17439
17440
17455
17455
17456
17457
17459
17460
17461
17464
17472
17478
17482
17483
17485
17485
17495
17495
17500
17503
17504
17504
17508
17514
17514
17519
17527
17531
17531
17535
17540
17540
17547
17548
17557
17558
17563
17564
17566
17566
17569
17575
17583
17589
17592
17593
17593
17598
17601
17602
17604
17606
17610
17611
17621
17622
17622
17628
17629
17629
17630
17637
17647
17647
17648
17652
17657
17658
17660
17661
17666
17674
17679
17680
17681
17687
17690
17692
17693
17695
17697
17697
17698
17705
17712
17712
17715
17716
17718
17721
17721
17722
17723
17724
17727
17734
17740
17753
17754
17757
17760
17761
17762
17770
17778
17787
17787
17794
17794
17800
17808
17812
17815
17816
17821
17824
17825
17826
17829
17835
17839
17841
17850
17860
17869
17869
17870
17871
17878
17881
17885
17885
17891
17905
17907
17909
17914
17924
17925
17931
17931
17942
17942
17944
17951
17954
17961
17962
17967
17968
17972
17979
17979
17980
17982
17982
17983
17987
17988
17992
17992
17993
17999
18002
18006
18007
18010
18010
18021
18032
18034
18037
18041
18044
18045
18046
18046
18047
18047
18049
18049
18053
18054
18056
18063
18063
18066
18069
18075
18077
18078
18078
18079
18085
18087
18090
18093
18097
18098
18100
18109
18110
18112
18113
18116
18117
18119
18119
18119
18124
18124
18124
18125
18129
18137
18138
18140
18140
18140
18143
18144
18144
18145
18146
18147
18156
18158
18166
18182
18182
18184
18186
18189
18190
18191
18209
18210
18219
18225
18227
18233
18233
18238
18238
18242
18244
18246
18252
18261
18267
18268
18272
18275
18278
18279
18281
18281
18287
18288
18293
18294
18295
18297
18299
18299
18300
18300
18301
18305
18308
18309
18309
18312
18315
18316
18322
18322
18324
18326
18329
18332
18336
18336
18342
18347
18362
18365
18371
18375
18376
18380
18380
18383
18384
18391
18393
18401
18402
18402
18403
18408
18411
18413
18417
18420
18420
18421
18429
18441
18442
18442
18444
18448
18452
18452
18457
18458
18462
18475
18475
18477
18483
18488
18489
18489
18491
18491
18497
18498
18499
18499
18501
18501
18508
18517
18521
18530
18540
18548
18560
18561
18569
18570
18582
18583
18584
18587
18592
18592
18597
18603
18604
18605
18607
18608
18608
18610
18615
18618
18619
18622
18630
18633
18644
18650
18651
18658
18660
18661
18661
18661
18672
18675
18678
18680
18683
18686
18688
18689
18692
18693
18695
18696
18699
18699
18703
18705
18705
18708
18711
18717
18718
18727
18727
18733
18733
18738
18739
18739
18740
18742
18753
18757
18760
18761
18762
18764
18768
18770
18771
18771
18772
18774
18776
18781
18784
18785
18787
18789
18800
18804
18807
18812
18819
18823
18825
18828
18829
18835
18838
18842
18849
18849
18855
18858
18863
18863
18864
18867
18867
18869
18871
18873
18873
18875
18882
18895
18897
18901
18902
18904
18911
18913
18914
18915
18916
18918
18921
18922
18923
18925
18927
18928
18929
18937
18950
18951
18965
18967
18967
18968
18975
18982
18983
18985
18990
18994
19001
19003
19004
19014
19019
19020
19025
19025
19028
19028
19032
19035
19036
19036
19037
19040
19044
19047
19051
19061
19067
19070
19072
19076
19077
19082
19086
19092
19094
19096
19100
19107
19116
19119
19124
19125
19139
19155
19159
19160
19163
19166
19171
19175
19185
19195
19196
19198
19199
19215
19217
19220
19224
19224
19225
19226
19226
19233
19236
19239
19239
19239
19240
19243
19245
19248
19256
19256
19258
19259
19261
19262
19264
19264
19269
19271
19281
19283
19286
19291
19292
19296
19299
19300
19302
19305
19305
19311
19314
19314
19314
19316
19318
19321
19321
19322
19324
19332
19336
19340
19349
19352
19352
19358
19361
19365
19366
19369
19374
19375
19375
19376
19376
19385
19392
19397
19397
19411
19416
19419
19421
19428
19430
19433
19433
19438
19440
19441
19443
19443
19451
19459
19459
19463
19464
19465
19468
19471
19477
19478
19486
19494
19495
19498
19506
19513
19515
19520
19521
19524
19524
19524
19525
19525
19528
19528
19529
19530
19534
19534
19537
19538
19541
19542
19545
19545
19551
19552
19554
19555
19557
19557
19561
19577
19581
19582
19584
19584
19584
19592
19592
19605
19606
19608
19611
19612
19617
19621
19624
19629
19630
19631
19638
19648
19649
19653
19654
19655
19656
19659
19659
19659
19663
19668
19672
19675
19679
19679
19679
19684
19689
19697
19698
19702
19708
19709
19713
19714
19726
19726
19728
19736
19745
19753
19754
19759
19767
19767
19770
19776
19779
19779
19783
19789
19792
19801
19806
19810
19810
19818
19826
19826
19828
19830
19834
19835
19836
19837
19838
19844
19844
19844
19847
19847
19850
19852
19852
19863
19867
19873
19874
19874
19884
19889
19894
19905
19907
19908
19913
19917
19921
19922
19927
19928
19936
19937
19940
19943
19943
19946
19946
19948
19960
19963
19968
19968
19969
19970
19974
19978
19983
19984
19987
19990
19991
20000
20003
20007
20009
20010
20015
20017
20019
20020
20023
20025
20027
20028
20029
20029
20030
20031
20031
20039
20041
20044
20045
20047
20071
20073
20074
20075
20082
20082
20083
20084
20084
20091
20094
20102
20108
20110
20120
20121
20121
20122
20123
20127
20129
20130
20138
20138
20142
20146
20150
20162
20168
20171
20171
20171
20172
20176
20177
20184
20190
20190
20191
20197
20206
20209
20215
20222
20223
20226
20227
20228
20232
20237
20241
20244
20246
20247
20252
20255
20264
20266
20268
20270
20270
20270
20275
20283
20284
20289
20292
20297
20303
20305
20310
20318
20318
20319
20324
20325
20326
20327
20331
20342
20347
20351
20351
20359
20359
20359
20360
20362
20363
20366
20380
20380
20382
20392
20396
20405
20406
20414
20415
20416
20420
20423
20423
20425
20427
20435
20440
20441
20443
20444
20445
20451
20456
20457
20475
20477
20477
20479
20479
20482
20482
20484
20486
20492
20498
20499
20500
20504
20504
20510
20513
20514
20514
20516
20520
20521
20524
20525
20529
20530
20533
20536
20539
20539
20542
20546
20549
20551
20556
20560
20563
20574
20574
20575
20576
20577
20582
20583
20587
20590
20594
20599
20600
20607
20607
20609
20610
20612
20615
20616
20622
20628
20629
20641
20642
20644
20647
20651
20656
20662
20664
20676
20678
20691
20693
20695
20697
20701
20703
20703
20704
20704
20706
20709
20711
20713
20713
20716
20717
20718
20719
20733
20738
20740
20743
20744
20750
20751
20752
20752
20752
20753
20757
20758
20758
20764
20769
20769
20771
20771
20779
20786
20787
20792
20792
20801
20804
20806
20809
20815
20815
20815
20818
20823
20824
20828
20830
20833
20835
20842
20843
20843
20847
20849
20849
20850
20851
20854
20855
20857
20861
20862
20874
20875
20876
20878
20879
20879
20884
20886
20886
20889
20892
20893
20896
20898
20901
20905
20911
20925
20927
20929
20937
20939
20939
20940
20941
20941
20943
20946
20948
20954
20955
20966
20969
20970
20973
20973
20974
20978
20983
20985
20993
20994
20994
20998
20998
21004
21005
21009
21014
21019
21030
21036
21038
21039
21042
21044
21044
21045
21050
21056
21062
21065
21069
21069
21072
21073
21073
21074
21076
21080
21082
21092
21092
21095
21099
21101
21104
21104
21106
21109
21114
21116
21118
21125
21129
21131
21135
21137
21150
21157
21160
21160
21161
21161
21168
21169
21170
21171
21174
21175
21176
21176
21177
21179
21182
21184
21187
21187
21194
21195
21197
21200
21203
21204
21210
21215
21221
21222
21229
21237
21238
21240
21241
21245
21246
21251
21253
21255
21257
21260
21260
21261
21261
21268
21268
21275
21276
21282
21285
21294
21304
21307
21309
21310
21317
21324
21337
21337
21338
21343
21344
21352
21353
21358
21362
21371
21371
21374
21380
21384
21394
21394
21395
21404
21406
21408
21409
21418
21433
21433
21437
21446
21450
21457
21459
21459
21461
21468
21468
21470
21472
21474
21475
21476
21483
21487
21491
21492
21494
21494
21495
21511
21517
21523
21527
21536
21537
21539
21542
21549
21555
21557
21558
21562
21565
21572
21574
21603
21603
21605
21607
21607
21613
21614
21621
21622
21626
21628
21637
21639
21642
21643
21646
21656
21658
21668
21668
21668
21668
21683
21685
21687
21689
21689
21698
21698
21703
21706
21707
21707
21707
21708
21713
21714
21716
21717
21719
21721
21721
21722
21723
21724
21724
21726
21727
21728
21729
21730
21730
21730
21732
21732
21736
21739
21745
21746
21749
21753
21757
21760
21770
21775
21780
21789
21793
21799
21800
21802
21807
21812
21813
21814
21815
21818
21819
21819
21819
21823
21830
21830
21830
21832
21837
21837
21841
21841
21854
21858
21859
21864
21864
21866
21868
21869
21872
21875
21879
21889
21890
21891
21893
21896
21905
21908
21909
21911
21920
21923
21925
21925
21932
21933
21933
21942
21943
21945
21946
21948
21948
21953
21956
21967
21971
21987
21988
21990
21995
21996
22011
22012
22013
22014
22021
22021
22024
22025
22025
22029
22033
22037
22040
22045
22050
22053
22055
22062
22071
22079
22081
22081
22085
22091
22093
22096
22109
22112
22112
22113
22121
22123
22132
22133
22135
22149
22150
22156
22158
22159
22159
22164
22167
22167
22174
22176
22186
22189
22192
22192
22193
22205
22205
22208
22214
22216
22217
22218
22222
22227
22231
22234
22237
22240
22240
22240
22242
22244
22253
22254
22259
22263
22273
22274
22278
22282
22286
22287
22288
22306
22309
22310
22311
22311
22313
22316
22316
22322
22325
22330
22332
22337
22337
22338
22338
22339
22339
22342
22346
22349
22351
22357
22358
22358
22361
22379
22384
22393
22404
22408
22409
22412
22422
22435
22438
22445
22450
22457
22457
22458
22461
22463
22464
22466
22466
22471
22471
22476
22478
22479
22483
22501
22510
22514
22518
22521
22521
22522
22525
22526
22530
22532
22533
22534
22535
22537
22539
22542
22542
22544
22546
22548
22549
22553
22553
22554
22570
22575
22578
22578
22583
22583
22583
22584
22586
22586
22588
22591
22593
22596
22599
22599
22599
22599
22605
22607
22608
22609
22609
22610
22612
22616
22622
22623
22626
22627
22634
22635
22644
22648
22649
22651
22654
22658
22659
22662
22664
22667
22668
22669
22671
22671
22676
22682
22686
22688
22692
22698
22699
22705
22707
22712
22715
22716
22723
22731
22732
22733
22736
22737
22738
22746
22746
22749
22753
22763
22765
22769
22769
22771
22776
22776
22777
22778
22780
22785
22789
22790
22794
22795
22797
22799
22807
22815
22823
22826
22828
22839
22839
22853
22870
22871
22872
22874
22878
22881
22884
22885
22892
22904
22905
22908
22909
22912
22915
22915
22916
22920
22921
22923
22924
22932
22935
22937
22939
22943
22946
22948
22949
22949
22951
22960
22963
22972
22974
22976
22976
22977
22977
22979
22982
22983
22993
22993
22994
23000
23002
23002
23009
23009
23012
23013
23019
23021
23024
23024
23031
23035
23036
23039
23043
23044
23044
23044
23045
23045
23046
23050
23050
23051
23052
23052
23067
23070
23074
23079
23084
23087
23092
23094
23094
23096
23101
23105
23107
23108
23110
23114
23114
23122
23128
23150
23153
23154
23156
23168
23172
23175
23175
23177
23178
23181
23182
23182
23186
23189
23189
23192
23195
23198
23200
23201
23203
23204
23210
23211
23212
23229
23233
23236
23240
23242
23242
23244
23245
23247
23258
23262
23263
23266
23270
23271
23272
23273
23281
23282
23283
23283
23289
23290
23293
23297
23298
23302
23305
23314
23315
23317
23320
23326
23327
23333
23335
23339
23345
23348
23351
23354
23357
23359
23361
23363
23370
23370
23374
23375
23376
23377
23382
23385
23386
23390
23390
23392
23395
23398
23399
23399
23399
23401
23405
23405
23408
23410
23414
23414
23415
23416
23421
23422
23422
23425
23427
23440
23444
23444
23445
23455
23455
23455
23457
23458
23460
23461
23463
23469
23472
23477
23478
23482
23483
23497
23497
23500
23508
23509
23509
23509
23512
23512
23520
23523
23526
23527
23531
23534
23540
23542
23549
23549
23550
23555
23560
23561
23566
23569
23570
23580
23582
23582
23582
23585
23601
23603
23604
23607
23607
23609
23610
23613
23618
23619
23622
23625
23627
23629
23630
23631
23640
23642
23642
23645
23647
23647
23652
23656
23658
23661
23667
23668
23673
23678
23679
23682
23691
23694
23695
23705
23707
23708
23709
23712
23714
23716
23726
23730
23732
23733
23741
23741
23749
23750
23751
23756
23758
23760
23763
23763
23764
23767
23768
23777
23782
23786
23790
23790
23792
23793
23799
23802
23803
23807
23807
23813
23819
23820
23821
23822
23825
23827
23827
23828
23828
23830
23833
23842
23853
23862
23863
23867
23870
23873
23879
23880
23884
23884
23887
23887
23897
23901
23904
23905
23914
23923
23924
23926
23928
23930
23932
23933
23933
23935
23936
23937
23940
23942
23943
23948
23952
23954
23956
23959
23963
23966
23968
23969
23969
23972
23973
23974
23975
23980
23981
23988
23997
23998
24008
24012
24012
24013
24014
24016
24018
24028
24030
24031
24034
24035
24039
24040
24043
24045
24046
24050
24054
24055
24058
24066
24066
24066
24067
24072
24075
24076
24076
24077
24080
24085
24086
24091
24096
24098
24100
24103
24103
24104
24107
24108
24109
24116
24116
24124
24124
24137
24138
24139
24141
24152
24154
24158
24161
24165
24166
24174
24177
24181
24183
24184
24184
24184
24188
24188
24190
24190
24195
24200
24209
24210
24211
24212
24214
24215
24216
24223
24228
24236
24245
24248
24252
24253
24255
24258
24259
24262
24263
24265
24266
24266
24268
24273
24279
24279
24280
24284
24286
24287
24288
24289
24294
24301
24303
24305
24305
24307
24322
24328
24330
24337
24343
24344
24345
24346
24346
24346
24353
24354
24354
24368
24369
24378
24380
24393
24394
24403
24403
24405
24406
24418
24420
24423
24424
24426
24428
24432
24432
24434
24446
24450
24456
24457
24457
24464
24464
24472
24480
24483
24484
24485
24486
24491
24491
24491
24493
24494
24497
24501
24505
24509
24517
24521
24522
24528
24528
24528
24530
24533
24533
24534
24539
24545
24547
24548
24552
24561
24562
24564
24564
24566
24571
24576
24577
24578
24588
24590
24592
24593
24593
24607
24612
24614
24631
24631
24637
24639
24639
24641
24645
24647
24651
24653
24660
24670
24671
24676
24678
24680
24688
24695
24696
24702
24703
24708
24712
24714
24714
24727
24728
24728
24737
24741
24749
24750
24756
24760
24761
24761
24762
24762
24763
24764
24764
24766
24770
24772
24773
24775
24785
24791
24791
24792
24792
24792
24801
24803
24803
24810
24814
24815
24821
24823
24825
24831
24836
24838
24847
24847
24848
24855
24855
24855
24856
24863
24863
24867
24869
24873
24881
24884
24884
24888
24890
24895
24895
24903
24903
24905
24912
24914
24914
24918
24923
24925
24931
24936
24939
24940
24943
24951
24953
24959
24961
24965
24966
24973
24981
24982
24991
24993
24998
24999
25005
25008
25012
25013
25015
25018
25025
25032
25034
25041
25048
25048
25051
25052
25054
25056
25059
25059
25060
25066
25067
25075
25075
25079
25088
25088
25089
25090
25090
25091
25093
25097
25098
25099
25106
25113
25119
25121
25123
25124
25128
25129
25130
25130
25135
25136
25137
25139
25141
25143
25144
25153
25154
25156
25156
25157
25158
25165
25166
25169
25170
25173
25174
25175
25176
25178
25179
25181
25182
25183
25185
25186
25190
25193
25205
25206
25210
25210
25217
25221
25224
25226
25234
25234
25237
25238
25240
25241
25243
25246
25247
25248
25253
25254
25254
25260
25265
25271
25271
25285
25288
25289
25290
25293
25295
25298
25310
25314
25316
25317
25317
25318
25319
25319
25322
25330
25332
25334
25335
25335
25342
25345
25353
25356
25357
25365
25365
25368
25372
25375
25375
25375
25377
25382
25383
25384
25390
25392
25393
25393
25397
25399
25401
25406
25407
25409
25413
25414
25418
25424
25427
25428
25432
25438
25446
25450
25454
25458
25462
25463
25463
25467
25471
25471
25472
25472
25481
25482
25482
25485
25489
25491
25494
25495
25495
25495
25496
25501
25504
25508
25509
25512
25520
25521
25524
25525
25525
25527
25535
25537
25538
25538
25542
25543
25543
25544
25550
25551
25554
25555
25556
25557
25561
25564
25567
25570
25571
25575
25576
25577
25579
25584
25588
25589
25593
25593
25593
25594
25597
25603
25603
25608
25613
25616
25619
25620
25624
25627
25631
25635
25641
25641
25643
25646
25647
25650
25651
25660
25660
25660
25660
25661
25666
25667
25667
25669
25671
25673
25675
25682
25682
25692
25693
25693
25694
25695
25697
25699
25699
25700
25703
25703
25705
25706
25710
25715
25721
25724
25728
25730
25746
25749
25760
25760
25769
25786
25786
25790
25792
25794
25794
25796
25801
25803
25812
25813
25815
25822
25824
25827
25828
25828
25841
25841
25843
25847
25847
25847
25853
25855
25856
25858
25862
25863
25867
25868
25871
25874
25874
25874
25876
25884
25890
25891
25894
25904
25904
25911
25913
25914
25920
25921
25923
25925
25925
25927
25928
25931
25931
25932
25933
25940
25940
25952
25952
25959
25962
25963
25965
25968
25972
25973
25975
25976
25977
25977
25979
25983
25992
25994
25995
26001
26001
26011
26012
26024
26027
26028
26030
26030
26047
26049
26049
26049
26061
26063
26068
26070
26081
26084
26085
26090
26096
26097
26101
26101
26103
26104
26106
26107
26108
26112
26113
26119
26121
26125
26126
26126
26128
26131
26140
26140
26141
26145
26147
26153
26155
26157
26171
26176
26181
26185
26189
26190
26201
26209
26209
26215
26217
26222
26228
26230
26234
26235
26236
26241
26242
26243
26246
26247
26250
26254
26260
26260
26261
26263
26264
26272
26274
26279
26284
26289
26292
26294
26296
26300
26302
26324
26334
26334
26336
26338
26343
26346
26349
26351
26351
26355
26360
26361
26361
26365
26370
26371
26394
26395
26400
26401
26407
26411
26418
26419
26422
26423
26432
26433
26433
26439
26442
26448
26452
26453
26456
26460
26460
26466
26468
26472
26482
26485
26485
26489
26494
26498
26498
26499
26504
26518
26520
26526
26529
26530
26531
26532
26532
26533
26535
26538
26539
26540
26540
26545
26545
26545
26553
26554
26564
26565
26567
26585
26590
26590
26591
26592
26592
26592
26593
26598
26607
26610
26613
26614
26616
26625
26625
26634
26638
26641
26646
26647
26649
26654
26662
26664
26666
26667
26670
26672
26675
26678
26688
26689
26690
26694
26696
26698
26698
26698
26704
26714
26724
26727
26729
26731
26739
26742
26744
26745
26746
26746
26748
26750
26752
26755
26757
26757
26760
26762
26765
26766
26789
26790
26791
26799
26801
26801
26802
26804
26804
26811
26819
26825
26826
26826
26827
26828
26838
26840
26840
26843
26846
26849
26849
26851
26852
26852
26863
26865
26870
26872
26872
26874
26877
26882
26886
26887
26888
26889
26899
26903
26905
26910
26911
26914
26917
26924
26925
26941
26945
26945
26946
26947
26951
26964
26967
26967
26970
26977
26978
26979
26979
26981
26987
26989
26992
27001
27005
27016
27026
27030
27030
27036
27039
27045
27045
27046
27049
27052
27053
27055
27056
27064
27064
27076
27080
27081
27089
27092
27097
27100
27100
27105
27107
27111
27123
27127
27128
27132
27133
27134
27135
27139
27140
27141
27143
27143
27145
27145
27145
27153
27154
27155
27155
27155
27157
27160
27162
27165
27165
27165
27174
27181
27184
27192
27193
27193
27197
27199
27199
27204
27208
27213
27214
27215
27224
27224
27224
27228
27234
27238
27258
27258
27259
27261
27264
27265
27267
27268
27269
27271
27271
27272
27273
27276
27281
27289
27291
27294
27294
27295
27295
27296
27297
27299
27308
27309
27311
27313
27319
27319
27321
27326
27329
27335
27336
27338
27349
27361
27363
27365
27367
27369
27373
27378
27392
27392
27397
27400
27403
27405
27406
27412
27414
27417
27419
27422
27424
27425
27425
27438
27438
27441
27445
27445
27446
27451
27453
27465
27466
27472
27472
27473
27473
27475
27485
27489
27495
27497
27501
27501
27505
27506
27506
27509
27509
27518
27524
27529
27532
27546
27556
27559
27561
27567
27568
27569
27573
27573
27581
27584
27585
27589
27591
27596
27596
27608
27608
27612
27613
27614
27620
27633
27636
27638
27638
27639
27639
27644
27650
27651
27654
27655
27659
27659
27660
27660
27660
27662
27666
27674
27675
27683
27683
27684
27685
27688
27690
27692
27693
27695
27695
27696
27698
27700
27701
27702
27704
27711
27719
27729
27729
27730
27732
27732
27734
27736
27740
27740
27740
27741
27742
27744
27746
27747
27750
27753
27754
27764
27766
27773
27774
27776
27778
27780
27786
27792
27792
27793
27793
27793
27793
27794
27796
27815
27833
27835
27839
27841
27841
27842
27846
27849
27854
27856
27859
27870
27872
27872
27873
27873
27874
27875
27876
27878
27881
27881
27888
27888
27888
27889
27891
27897
27903
27914
27916
27916
27918
27919
27925
27927
27928
27930
27936
27937
27943
27946
27946
27949
27950
27957
27963
27967
27971
27974
27977
27993
27994
28000
28002
28004
28008
28012
28014
28020
28021
28028
28029
28033
28038
28039
28043
28047
28048
28056
28057
28058
28058
28059
28063
28065
28065
28066
28067
28069
28073
28076
28080
28081
28082
28082
28084
28086
28092
28094
28102
28102
28109
28110
28115
28116
28119
28120
28122
28122
28124
28125
28128
28132
28132
28134
28146
28149
28154
28154
28155
28155
28155
28156
28160
28167
28172
28178
28187
28188
28195
28195
28197
28207
28210
28210
28211
28223
28227
28227
28237
28238
28241
28242
28243
28243
28250
28253
28260
28263
28265
28266
28272
28276
28277
28281
28281
28283
28287
28289
28295
28297
28299
28299
28300
28311
28313
28314
28317
28318
28329
28332
28335
28340
28341
28342
28359
28359
28359
28364
28366
28367
28368
28374
28382
28382
28389
28389
28389
28393
28397
28404
28406
28407
28410
28412
28416
28416
28418
28418
28419
28428
28439
28440
28440
28447
28447
28449
28452
28453
28455
28455
28456
28458
28463
28476
28478
28493
28498
28498
28499
28499
28506
28508
28510
28512
28516
28520
28526
28526
28529
28529
28531
28531
28540
28540
28545
28547
28558
28560
28567
28568
28578
28579
28581
28582
28583
28584
28589
28591
28591
28593
28595
28599
28603
28607
28609
28614
28619
28625
28635
28636
28637
28638
28638
28640
28641
28643
28648
28648
28648
28649
28649
28651
28653
28656
28662
28669
28672
28673
28675
28680
28689
28694
28699
28715
28716
28719
28720
28723
28724
28727
28727
28732
28733
28737
28738
28738
28740
28744
28747
28747
28747
28755
28759
28766
28767
28774
28774
28775
28776
28782
28782
28785
28792
28793
28800
28802
28803
28805
28805
28806
28806
28807
28810
28811
28814
28814
28820
28827
28828
28828
28829
28829
28830
28830
28832
28833
28834
28839
28839
28839
28841
28846
28847
28854
28855
28859
28863
28864
28865
28865
28865
28867
28869
28870
28883
28894
28894
28896
28900
28900
28904
28909
28909
28912
28913
28915
28915
28915
28916
28918
28921
28921
28929
28929
28938
28942
28942
28944
28946
28949
28950
28951
28958
28960
28962
28964
28965
28966
28970
28974
28978
28979
28989
28989
28989
28991
28993
28998
29000
29008
29008
29014
29016
29021
29037
29045
29048
29050
29052
29056
29059
29060
29061
29074
29083
29087
29088
29093
29098
29099
29100
29105
29107
29111
29114
29119
29127
29133
29137
29138
29139
29140
29142
29155
29156
29158
29160
29160
29160
29165
29170
29172
29172
29173
29176
29176
29178
29179
29181
29185
29185
29190
29192
29197
29197
29197
29202
29205
29212
29213
29215
29215
29215
29218
29219
29224
29225
29234
29242
29243
29243
29244
29244
29249
29250
29251
29255
29255
29257
29258
29258
29260
29264
29274
29274
29277
29277
29278
29280
29281
29281
29281
29285
29285
29286
29288
29290
29291
29306
29306
29306
29319
29321
29323
29328
29329
29333
29334
29338
29345
29357
29360
29360
29362
29364
29365
29366
29367
29371
29372
29375
29380
29389
29391
29400
29402
29402
29405
29407
29409
29411
29415
29416
29416
29420
29423
29427
29429
29432
29434
29438
29439
29442
29444
29445
29446
29446
29449
29450
29451
29453
29453
29455
29459
29461
29464
29467
29468
29468
29472
29473
29478
29481
29483
29486
29489
29491
29493
29493
29497
29498
29504
29510
29522
29526
29534
29540
29545
29545
29559
29560
29564
29567
29572
29572
29575
29575
29577
29582
29584
29585
29590
29592
29596
29601
29604
29606
29630
29631
29631
29633
29634
29635
29636
29636
29641
29647
29651
29653
29663
29669
29674
29674
29676
29680
29682
29683
29688
29689
29693
29694
29697
29702
29706
29707
29709
29713
29716
29717
29719
29719
29725
29725
29727
29732
29735
29739
29749
29749
29754
29757
29758
29771
29771
29783
29784
29785
29787
29790
29793
29796
29803
29807
29809
29811
29811
29818
29819
29821
29825
29826
29828
29829
29837
29837
29844
29849
29854
29856
29856
29857
29857
29862
29863
29869
29870
29873
29878
29878
29884
29885
29891
29897
29898
29906
29907
29910
29917
29918
29920
29924
29924
29929
29930
29931
29933
29948
29949
29951
29952
29952
29955
29956
29957
29958
29958
29960
29961
29968
29968
29973
29977
29979
29979
29992
29999
30003
30004
30005
30009
30018
30021
30025
30026
30030
30041
30046
30053
30053
30056
30056
30057
30059
30069
30074
30076
30076
30078
30088
30088
30089
30093
30094
30095
30098
30103
30104
30104
30105
30106
30106
30107
30114
30115
30126
30128
30128
30134
30136
30141
30141
30143
30144
30146
30149
30155
30158
30159
30163
30169
30170
30173
30173
30178
30179
30180
30188
30200
30201
30201
30209
30209
30214
30217
30219
30224
30231
30236
30238
30241
30243
30245
30246
30246
30249
30250
30253
30260
30268
30272
30279
30279
30282
30287
30288
30291
30294
30300
30300
30301
30302
30310
30311
30314
30319
30320
30321
30323
30329
30331
30331
30333
30335
30337
30339
30344
30347
30349
30355
30355
30366
30367
30369
30375
30376
30380
30384
30398
30404
30412
30414
30415
30416
30417
30418
30421
30424
30424
30429
30434
30438
30441
30442
30446
30446
30447
30450
30452
30453
30459
30467
30468
30470
30474
30477
30478
30483
30484
30485
30486
30491
30499
30500
30505
30517
30518
30525
30526
30533
30537
30538
30538
30544
30544
30546
30550
30555
30557
30562
30566
30571
30575
30582
30592
30594
30597
30606
30607
30609
30609
30613
30613
30617
30617
30627
30630
30631
30635
30638
30641
30642
30642
30647
30649
30653
30666
30698
30698
30699
30701
30704
30709
30709
30710
30710
30712
30717
30717
30718
30719
30719
30722
30725
30727
30727
30728
30728
30728
30731
30734
30746
30750
30750
30753
30754
30770
30771
30773
30773
30778
30780
30781
30784
30784
30785
30785
30790
30797
30802
30807
30807
30810
30810
30815
30816
30817
30818
30821
30823
30824
30832
30841
30843
30852
30853
30859
30862
30868
30871
30872
30873
30873
30875
30876
30877
30877
30878
30878
30879
30882
30883
30883
30885
30888
30889
30889
30895
30898
30899
30900
30906
30921
30922
30928
30932
30933
30933
30944
30948
30953
30954
30964
30967
30968
30968
30972
30984
30991
30994
30996
30998
31004
31006
31011
31012
31017
31021
31022
31023
31028
31028
31030
31036
31042
31044
31044
31047
31049
31059
31063
31064
31066
31068
31071
31075
31080
31080
31082
31083
31083
31083
31083
31092
31098
31100
31107
31108
31110
31113
31117
31120
31122
31122
31125
31128
31130
31132
31135
31144
31145
31148
31148
31150
31150
31152
31153
31158
31160
31160
31165
31167
31168
31170
31177
31179
31181
31182
31186
31196
31197
31204
31207
31207
31215
31215
31219
31221
31223
31224
31224
31228
31229
31232
31234
31236
31236
31237
31239
31242
31253
31256
31260
31270
31272
31276
31276
31284
31287
31287
31288
31290
31292
31300
31303
31305
31311
31316
31316
31316
31317
31320
31325
31326
31327
31328
31329
31332
31346
31350
31355
31356
31356
31357
31361
31362
31363
31372
31380
31381
31381
31382
31384
31386
31389
31392
31394
31401
31402
31413
31415
31421
31423
31424
31425
31430
31432
31440
31453
31453
31458
31462
31463
31467
31474
31474
31478
31481
31482
31486
31486
31497
31499
31499
31500
31502
31503
31503
31507
31510
31511
31517
31522
31525
31527
31529
31535
31535
31536
31541
31544
31549
31549
31558
31560
31563
31564
31567
31572
31586
31591
31592
31595
31605
31609
31610
31610
31611
31615
31621
31622
31625
31628
31631
31647
31652
31656
31657
31659
31659
31664
31673
31673
31674
31676
31680
31680
31684
31692
31692
31698
31702
31702
31706
31706
31707
31710
31711
31712
31712
31714
31716
31717
31721
31722
31723
31726
31729
31729
31730
31730
31731
31732
31733
31733
31734
31751
31759
31761
31765
31765
31766
31770
31771
31778
31781
31782
31782
31782
31784
31784
31787
31787
31796
31800
31802
31806
31807
31814
31816
31824
31825
31828
31829
31830
31833
31846
31854
31861
31864
31876
31880
31885
31890
31898
31900
31904
31914
31920
31922
31922
31924
31924
31927
31928
31931
31932
31933
31933
31937
31942
31951
31952
31957
31957
31961
31962
31964
31966
31968
31971
31976
31984
31984
31989
31992
31997
32000
32000
32002
32005
32008
32011
32019
32022
32026
32027
32032
32032
32034
32036
32039
32044
32045
32046
32047
32047
32051
32051
32051
32053
32054
32055
32055
32058
32059
32060
32067
32068
32075
32088
32088
32089
32090
32090
32093
32094
32095
32102
32106
32110
32110
32112
32116
32127
32129
32130
32141
32143
32143
32144
32146
32155
32156
32160
32160
32161
32163
32164
32165
32172
32172
32181
32184
32184
32184
32185
32186
32188
32191
32191
32193
32211
32212
32212
32213
32218
32219
32220
32222
32229
32230
32232
32232
32235
32235
32245
32256
32257
32260
32263
32271
32275
32276
32278
32283
32283
32283
32288
32296
32297
32299
32306
32308
32312
32318
32319
32320
32331
32331
32331
32337
32338
32339
32339
32341
32342
32345
32358
32361
32362
32362
32363
32364
32367
32367
32370
32372
32377
32378
32382
32385
32387
32387
32390
32394
32401
32408
32408
32413
32414
32416
32418
32421
32430
32438
32441
32444
32446
32448
32450
32452
32459
32462
32465
32468
32469
32472
32474
32478
32481
32485
32487
32488
32489
32492
32495
32495
32500
32503
32506
32507
32513
32516
32517
32521
32522
32524
32525
32529
32536
32544
32546
32546
32547
32547
32552
32552
32567
32570
32570
32570
32574
32577
32579
32581
32582
32588
32594
32598
32602
32602
32608
32619
32621
32622
32623
32625
32630
32631
32633
32634
32635
32636
32640
32645
32652
32664
32664
32674
32674
32677
32679
32679
32680
32684
32687
32688
32689
32690
32691
32692
32693
32696
32699
32700
32703
32709
32710
32711
32720
32723
32724
32728
32730
32732
32735
32738
32741
32746
32747
32750
32751
32753
32756
32756
32757
32757
32763
32763

