10000

30977
5190
7708
28886
24168
291
16526
3501
15776
31620
23955
5477
94
17111
306
17663
3183
3910
1599
16904
3836
16358
23496
23150
3340
14642
14768
30354
23882
1977
2202
29086
28425
6931
264
19481
645
11545
17860
27833
13931
10582
32128
25464
3740
10424
12217
25321
22574
21899
26849
25549
3764
19368
27068
9954
9920
18666
26123
2299
24998
16866
5736
23893
3714
11980
8561
16937
23676
9409
8232
9086
8778
3886
16794
24641
16119
7556
20927
17815
30691
14641
10146
21618
30732
6096
16065
1379
21643
15772
32695
32431
14946
1067
31768
28836
10612
31065
8605
3117
24789
10882
10369
18341
24644
12276
16682
26089
8950
3235
17676
29617
30614
13855
28363
12064
6537
22724
23967
3481
28534
11312
26621
21461
4870
27643
372
29746
1512
18594
14293
10062
14361
25795
2966
29397
17250
12944
10104
4759
34
17790
15208
30686
22349
27709
32419
21246
30133
9965
7454
23341
17544
19855
5157
18581
19226
31417
16962
13480
24037
3726
11872
21684
16079
24046
18992
17079
4779
25066
13260
18548
20481
31611
15003
24774
2834
8051
11124
25397
17175
32435
10246
3527
5322
32415
3447
24856
30247
5583
11851
685
24436
24839
25480
6534
1407
1130
14615
22770
2343
11498
14702
11688
16413
17923
7276
16658
31468
14249
23940
18156
27703
16511
32030
18702
5442
16457
28986
25990
23477
1700
2391
13034
11420
31221
18835
16109
20657
10911
275
23343
21982
9849
8101
11354
12798
8319
3748
12138
740
16583
4381
10572
3998
12471
28463
13483
28410
14198
28856
25095
30538
31392
27438
7687
23397
14142
26314
21008
6382
1781
7916
29462
7129
1405
25019
29362
15146
27221
4875
18037
29440
27317
22149
31101
32723
30661
9473
31813
16122
11532
20791
9921
30832
811
16279
8363
30167
6859
21877
9240
2749
13268
25449
20046
29215
9439
3830
29401
9515
26351
32617
9436
3914
2395
20996
27302
17246
8719
6492
20357
5704
3573
27648
18399
17070
5549
18011
7038
31227
19076
17372
18988
1703
12196
29524
7808
25528
904
19103
25335
28041
15795
32134
27974
4042
5282
15332
29679
5320
8191
6920
25107
31214
27415
11867
7559
28044
2958
4930
29482
23000
4177
29766
7541
8499
23757
18291
6483
28589
17503
19453
15667
17866
31243
2858
18012
8327
10352
24683
20609
25240
17915
19660
27542
25332
31068
6543
17378
17555
8758
3604
4180
31606
23067
15613
15130
8937
439
11407
30832
2309
11851
24154
16310
4984
2910
31260
23238
24969
1199
8163
32644
20310
19565
9586
10167
15968
4522
17126
6935
18250
31502
29337
24486
14558
14792
2119
1092
2129
18634
17263
31102
5832
11318
24828
27816
28698
17683
28709
22827
26328
3397
28306
17439
12683
20412
28608
22045
27964
12523
21414
18254
10554
7036
20633
20936
24599
25922
21613
7707
500
16495
221
24102
29694
19719
18220
2608
10553
24212
26381
29748
14461
18972
21697
9595
5054
20560
19071
14960
17552
30726
2328
12465
20969
27881
3035
23394
13097
13935
13238
29126
29785
23308
11679
27664
28592
17318
6194
8822
16476
29512
11420
25224
21119
26394
28343
28352
13431
12945
10358
7258
3426
11235
13444
869
23777
15550
23592
29979
26653
11065
19564
11374
30728
28427
26238
27875
19686
26362
28502
931
27403
663
25241
24272
9446
13353
27838
12053
1598
16103
20591
18305
1212
13674
15154
12181
6570
15457
19784
7067
10490
25991
22741
16186
22922
14034
7234
11848
17062
12781
31712
16351
4815
28649
32462
10163
5050
9520
4892
14754
12188
8634
23856
2957
23461
8579
5737
26983
3018
316
16131
20363
5064
11072
10043
24403
6502
20683
5043
486
31738
17254
279
11601
21806
678
19201
32730
30468
21014
14874
9616
2840
27506
15747
15399
14118
8470
21363
10499
27339
1205
25889
5523
14992
26190
6628
1504
27684
16220
26008
15718
6121
24142
22085
26146
946
26166
25851
11756
6860
30405
19968
19975
10043
4215
13358
12535
12357
2315
5014
10898
8757
9270
18281
30298
9049
9368
10009
28682
14925
26863
32443
14959
10619
27019
26288
18553
9187
10754
16004
31890
16152
29476
20246
21038
18059
26929
22521
17828
21516
21066
3099
28220
20878
8486
16804
32393
18475
6150
22817
7929
8296
6123
8162
22186
14265
28678
12704
30335
28488
16752
7524
14964
6130
19227
20899
5422
24466
12809
5038
22999
9091
6587
1610
14376
19552
8429
922
16071
5902
5760
20038
22484
28413
31416
24022
29630
15786
8359
19039
22108
21353
1001
7010
14905
19809
9874
32241
15919
7384
2917
9747
20791
5041
8263
24426
4223
6706
11507
4371
19389
29195
6638
14542
9156
10900
9150
8543
30548
10839
20055
22580
4663
29134
11478
9799
21129
31598
20849
4166
14424
23780
31150
8690
4973
3486
19156
2245
17256
30349
12959
16855
15891
12073
16440
24322
20464
2998
2404
10052
19220
24774
28668
5734
6200
8192
23453
32731
24078
12831
15264
22763
13009
12862
25933
28177
3104
28242
8779
1953
24844
20728
859
16813
12912
6257
19271
6954
28033
32490
1556
79
23717
14337
8319
21566
6793
26502
5032
15846
15213
30078
30984
15400
8387
25454
6824
17720
11001
1750
21397
30023
15763
19707
21647
4191
18812
27625
8449
23438
20894
9401
22582
4422
7600
31504
7881
29956
3919
1512
15453
18992
19793
15763
16783
12868
14678
27388
18985
13873
25503
7217
12184
32511
28964
16926
16289
435
10208
23451
19279
8821
5488
20906
8752
4850
988
26873
19905
28672
12469
27823
8486
25216
31328
30309
28958
18313
30641
30577
2103
9155
11708
26475
11070
26128
22503
15338
16890
15730
30276
3471
30746
1577
5662
3653
27243
4635
2258
13510
13390
20601
31968
16738
29034
6304
11586
32764
1950
7229
6909
27477
19769
17589
1269
5517
24430
32708
4613
31206
15618
16228
24911
7116
31048
12528
29905
5906
6991
28553
10810
1407
32090
13753
13819
23945
16528
21078
21664
11872
10485
25769
9825
23854
30105
9168
26868
18333
2320
13665
934
28571
30241
22352
6570
5210
17602
24851
5809
23706
837
24579
27067
30250
30668
21254
25132
20140
1538
18795
25378
18842
7437
26901
24838
6022
16830
8156
23905
4774
2315
1072
21745
17551
5824
10495
21501
31041
29809
26841
9445
868
21683
27731
19709
5585
5772
28585
19355
22100
7463
2983
20335
3504
20428
1481
22035
6372
22032
27553
27107
32685
25673
32121
29199
21580
11333
11322
18671
16521
17980
11916
3222
25592
9730
28991
23977
26491
28801
26346
114
27144
17767
31441
5168
10925
20764
11020
21681
5073
15095
3558
6691
3004
17329
18052
2856
11866
10266
11463
13608
21563
7178
11378
32491
2783
29083
8080
10599
25137
16533
10256
21206
13137
8746
19635
12300
17558
21732
23848
28680
28372
23771
24949
32201
10202
29739
6296
5219
5695
24485
19054
22865
4703
31685
28885
28941
14496
5604
31757
16862
28922
26031
13925
22769
4022
15064
2835
9644
29557
13068
13411
32575
17525
3108
5396
10364
14608
26271
16638
17896
901
3152
30969
31250
19707
3924
7675
7203
25027
21831
24448
15543
29406
25271
10543
27883
4287
31449
5050
31671
17233
26491
23814
7551
25404
32058
11148
12772
6245
12277
8447
7136
8627
19330
46
24594
18969
9375
27181
32086
11985
22059
30383
13209
15077
24214
11191
11500
31732
12694
6256
15574
13363
4635
5976
10735
19890
18566
31652
13738
4833
2325
11745
22131
20562
7842
31703
22522
17344
11662
8114
21966
31825
8952
16996
17453
4120
9266
32069
31515
19166
4725
7932
30641
14882
30419
14243
18360
14942
27246
12326
21366
27020
20200
28908
31176
8937
27418
23482
12913
26617
16393
7380
10930
23243
10773
5989
4123
11646
8820
28960
32160
11012
13535
296
16111
15654
32139
9773
24065
5064
17243
18392
12015
20847
596
1898
19976
24832
31313
25504
17440
22731
5624
21465
17706
3783
15852
7802
15626
16927
27716
28306
7844
32238
5181
27834
10553
6471
12843
24384
6131
30841
6070
5508
28606
29585
18498
8865
24410
1568
31151
11088
26030
11326
3395
19210
12896
4302
5348
21613
29858
28932
14475
28897
3151
22821
4085
25467
20790
7822
17564
29474
25782
15096
4069
16368
16779
27898
27035
2010
32231
16847
31388
7828
29636
27738
10194
7343
17273
3431
18789
2565
25740
20788
25135
1878
14536
1584
27505
15155
21903
4354
2244
1563
30577
25037
14418
16869
21501
20147
21317
4189
15830
30616
29312
32050
20234
5928
2957
30480
3488
25883
22999
25609
15984
28087
26650
21817
23096
663
19991
7594
22763
10412
30348
20597
18252
10113
355
27178
23228
7619
5674
10610
30544
16128
15043
23283
23591
7855
605
7284
27131
11377
10403
23362
14325
17814
27954
4562
27334
32739
17233
2215
499
4498
10716
7798
3952
31387
16258
23433
3441
21298
26417
21601
18045
25489
4301
8095
964
26871
31272
25381
30130
11249
31791
15480
2756
19416
14433
2152
10395
25499
14982
19956
31567
27582
25245
20584
20229
32163
11030
3272
10180
23561
8001
9841
2948
25810
5639
1790
12936
20489
1240
13673
4590
24611
32484
10354
29829
26501
13454
6213
5598
18247
1821
4951
29606
19256
1205
23185
18738
1826
24711
18608
26972
6479
15172
18668
27278
30283
20439
8407
22812
8684
22611
4489
25559
31120
16170
5114
14047
29606
28833
13487
30904
30832
24704
21145
7584
14342
6158
17722
1312
8607
24636
11785
5602
24588
23585
31000
19394
32645
10150
20724
27687
8360
20099
2508
21652
23743
12138
18390
6010
16194
8065
25839
23377
30877
25110
22914
12262
11826
18575
11434
19959
2978
3743
12187
29949
31048
18112
2110
23369
7175
27357
20251
25682
582
25934
17532
4430
8760
9738
24783
24575
3425
6168
17485
3024
32086
2887
18905
25888
7620
26143
16683
13022
14259
13335
5165
21078
8716
25609
23461
2378
7001
19170
10005
15941
28877
16030
31711
2860
5764
23924
20397
24086
5387
21837
528
7261
28707
16251
6504
31734
27330
25768
18179
1789
19547
32012
30345
32148
2911
16612
27799
2542
260
23839
14506
31399
2629
8282
32319
30551
14890
29710
22840
25446
329
30216
24962
25378
28301
17946
4597
14094
27958
23569
5755
24957
9249
31206
17781
19040
23114
3641
18522
21853
1167
6906
14241
7713
24759
29802
11746
20214
16818
27714
5688
17816
28962
15665
14825
31300
18971
19084
20809
23827
28967
2114
7131
7558
19854
7950
17338
4194
10196
8432
4151
10174
4482
25053
11204
12634
31274
18614
273
20274
5541
11383
29556
24147
30623
4529
30350
16366
2134
23610
18732
14507
13982
18722
22379
23103
2857
17642
2080
11073
261
29169
31094
313
18278
29487
28889
16635
20646
20261
531
31027
21130
32532
12725
2880
7111
32366
5817
22086
25284
28298
16229
6270
29090
8859
23923
31441
21370
10211
32110
31398
26341
7716
19807
9720
31170
29784
13993
23979
21043
23969
20274
4640
18665
4739
26051
11783
22690
12881
11698
9076
18159
22757
19902
20277
19003
15508
22074
9828
20745
26722
25198
25144
20093
26225
26938
7712
12318
28352
252
7187
24794
28178
6836
8993
32075
31019
30822
11343
7480
66
25280
20897
22111
22196
25085
13176
23665
25334
32265
18462
25183
2765
18918
18848
8404
12225
15950
13788
9730
20431
10138
5338
21154
7774
10978
31072
10294
10612
9830
28608
19602
24362
28972
20213
26266
1885
15851
8174
14413
1447
9512
3882
6659
30605
6815
7301
15090
762
20964
32082
19191
26861
22090
25769
29076
12398
23044
9730
13877
32198
138
26115
15799
27119
10303
19863
298
28234
30544
29504
25046
14480
12255
28334
15997
31499
3937
19088
28128
3334
15684
18602
17028
28546
3285
11304
31670
2602
5730
32306
18381
13449
27547
192
15279
24443
27454
17328
25495
29409
30708
4118
20757
13209
5750
7635
19030
17838
14067
18281
32421
7883
11702
12301
25650
31990
7940
4094
8978
13690
25155
6934
12680
28709
8290
13726
1411
8884
12660
27495
32615
24716
32158
23830
29200
21163
25908
6080
27669
27613
29727
2743
9801
11571
25730
4003
15240
3761
13469
14548
3504
24647
21489
22998
31725
14083
11172
32326
20026
14980
1576
17125
31268
26290
6680
17643
9425
5548
15458
7070
1602
26114
32171
4130
4565
20773
14063
1939
2062
1563
18792
21329
21910
23671
5554
23451
25476
29577
28204
22624
15580
20946
2209
3153
11605
6330
13096
13883
15712
8326
20552
11412
12133
4228
24160
22356
25168
18312
3654
31750
15692
10396
11567
4126
2254
8180
26063
1421
22742
29728
7361
17811
27762
14213
27688
19924
9859
28174
663
9135
963
15135
26926
4555
12807
11211
29958
25586
11458
28998
26576
5411
715
8093
952
9186
10592
17572
5776
211
106
27440
16426
19335
27650
24199
30725
20886
10037
16917
5676
1006
13316
20833
25436
22122
3247
23615
29797
15783
31284
21318
21714
16147
13330
30852
17612
18246
11602
2161
3644
14998
13000
28450
13616
29669
16023
23999
1920
9662
9459
21559
20401
20897
32299
29490
12057
18842
29158
10824
25412
28696
18348
5744
31383
10749
24745
9403
15411
14066
32430
19778
18205
25597
31865
31324
11419
19541
23350
28693
2529
7285
18758
18396
25836
2927
1598
21628
20655
32387
18483
590
7277
2800
1589
1964
4710
18954
19481
31144
2485
13197
31612
6398
20345
29233
7684
27464
11059
26238
11497
29809
623
19426
29108
9324
24487
13313
25671
19750
24676
19532
10782
13497
20134
8661
6868
6114
27014
22369
28137
12469
8474
447
30146
5519
18841
7769
3057
1101
2495
22537
4791
28091
2163
3630
12231
21839
7592
20990
9293
22808
2689
19998
26159
30193
31928
19568
24211
23546
24896
20012
29089
26441
18985
27186
13194
4316
27589
26014
28361
27602
29961
15005
24489
731
18229
384
18695
10734
20664
28687
18009
6202
3917
25376
32495
24158
32107
9832
7801
3292
28380
28304
14026
7883
8363
14731
28379
31949
68
2344
8979
11329
28119
11235
23237
32442
32253
2049
14075
21935
32414
7388
15986
20084
17170
11899
10981
27240
31622
20325
7054
1905
7074
15543
20715
15525
5225
16501
21950
28490
25952
3614
14679
13313
18674
19843
16149
20542
19
18392
10027
28667
292
27404
29856
25518
3606
5974
21658
31352
30163
27409
2779
19615
1241
201
1932
2622
26920
21398
2617
8763
3423
15784
30238
21882
12066
17700
15265
2640
13502
11055
31519
29755
1552
28999
17643
25552
27811
18650
6804
21236
16152
8465
5479
335
23499
18157
22069
13566
14003
19350
8791
29576
32394
9456
20974
18196
7470
15470
29551
25561
5960
24619
18528
16853
3883
18999
32604
32450
28415
12846
20317
7238
32286
7440
22587
28266
26046
24396
27759
20045
26833
1310
10269
25882
21289
5403
31058
9015
25568
24843
32138
14271
14071
22774
22645
7219
29245
5250
26618
2156
14706
1660
31101
25300
11693
3764
25693
214
31739
24078
11713
19347
16201
24790
6549
7383
14724
9044
19663
26699
10238
25760
25847
1260
14100
19384
10470
10939
22798
29392
14030
30902
1094
15593
21370
5896
7309
10661
16087
18813
3018
7002
12724
1592
19940
17253
26822
25768
29666
10433
24815
30904
25169
31960
10431
28230
20198
12952
27452
30935
16741
3018
6110
27529
7105
4255
19422
3401
28037
9612
24753
32069
5746
13144
17359
15268
31850
5492
31672
10869
22669
17034
32313
6886
24481
25432
15339
15031
18871
19391
1278
30190
32011
2583
11060
8395
24621
198
1328
32254
5982
15889
14065
29976
12605
1586
25498
3392
1699
17322
11380
39
20939
20952
8501
31038
16566
21963
1411
21798
1741
6485
4020
30055
12745
7264
1240
31846
17872
20613
22009
1425
25824
13019
8865
11741
1393
14349
17565
114
31830
16048
18689
7076
24037
31699
31340
8742
31319
5591
24717
19578
31090
24961
22758
11948
22885
30029
11472
1600
21747
1797
18624
9321
29907
18323
30920
18556
20567
12564
20065
32419
16717
31533
4967
22230
3875
10658
28261
2055
21838
26916
7187
21405
10475
11883
25117
15652
16807
19333
7974
27203
10717
28526
7181
16110
14847
17376
623
2524
25399
7532
7277
21820
3406
29130
16815
12196
3020
2158
5544
330
28257
6491
31516
16758
12419
20028
24800
8247
3161
22961
19426
30806
29912
6375
17001
7560
31532
29547
31901
23271
9049
27968
32329
13731
27682
7983
32224
18421
3626
2398
15550
18517
13913
29732
13489
4333
16257
21276
16056
15181
12097
24184
5898
9312
31274
22168
25178
27807
21281
9692
6234
18564
2564
21686
30590
13634
15761
1027
26114
26035
25731
24987
25646
31634
29181
19238
29657
24810
6444
4914
6444
21966
29737
7299
22696
1611
4636
16298
22122
15515
12455
11994
31406
923
9346
19446
16275
19840
13666
9454
3102
29381
28960
2636
16512
7527
14871
29706
22428
29781
5326
10407
16836
6946
30935
23162
23747
23038
10486
12101
11553
484
22150
26125
15522
24853
5145
3881
16912
23492
23391
2714
30266
32019
10825
16538
14909
5182
31597
18551
29442
12822
7597
29090
15880
6834
12051
25347
25444
32609
16128
17552
10502
5346
23430
10014
27453
23000
3602
7799
7806
8568
2894
16812
7777
13957
6725
1453
28140
10878
30409
9750
19732
9494
13073
4172
18305
18404
23719
1225
8338
31324
26754
25268
16545
12798
10862
20917
1928
2765
23477
15879
10339
17411
29944
23247
29336
29955
24414
7852
11285
3727
16625
28303
24793
31803
26692
27341
19382
31265
7001
4722
15445
29399
19907
12505
7802
31134
520
18809
1673
13532
23113
30210
26442
19661
7205
27305
21737
12917
11226
5311
31041
21209
17069
1929
7513
2670
25741
11084
27695
27858
22771
25255
21173
13498
11020
6693
8474
28716
29978
30227
20810
15598
31512
4751
5816
10558
22684
2530
7003
3267
17922
13584
3574
28100
14535
23213
26013
18072
25395
16369
32373
16221
22331
20495
29627
12269
20645
19907
23304
32270
27245
17194
17619
11241
17256
9175
9783
10942
22055
21795
4086
17877
2078
4292
22207
14776
13317
21922
4268
19359
13183
23270
3087
29996
11258
14675
9070
30808
8918
16089
4812
28590
7369
8295
12842
11959
19586
32258
14670
1717
5260
27924
28867
17299
24694
32006
29729
29981
6449
27152
27023
22637
14521
29264
21125
30117
16631
282
22999
17892
6631
9360
17135
30066
6902
370
24153
5694
17326
14647
10118
22155
26516
30300
28617
4070
20817
4860
15014
16987
8465
3489
12108
20456
27177
16474
17248
3122
21500
3597
764
29815
16927
31247
6648
9156
18363
24050
616
22376
27187
12702
31845
6056
30471
6563
13073
22708
28921
12238
13013
10202
22638
14843
5357
14586
21270
17193
1063
26682
30415
19156
32487
1018
15303
32383
31343
29451
23009
12688
19293
2843
5467
1888
30581
11124
16045
915
21665
28647
27060
29861
6454
4098
8207
27846
16761
16010
4810
15592
28258
7461
3897
9750
8608
6230
15143
13575
31452
16302
23601
31731
23106
28225
11884
7845
3134
22360
3662
25810
25219
19301
31179
18089
24146
18748
11454
10155
20473
12159
23691
13245
3994
8794
22274
4731
13101
31089
2183
25808
26056
18967
11632
16579
17438
25025
12975
8084
25159
17594
2481
29192
24255
1304
29574
20225
9904
1518
1857
28753
20340
32451
30626
29136
10581
21315
23538
1709
28568
4917
47
6401
14779
13997
105
1962
4602
27267
13164
30294
21784
259
10399
25566
16219
23270
15660
31446
19161
23682
3169
20578
17138
17213
16215
1354
12574
28487
32721
32081
1769
30089
4710
8387
10555
3544
23523
23630
16605
12655
21995
21266
29753
32156
14048
30459
28257
11961
20743
31567
22355
18270
27878
21891
8572
14293
8945
16467
20602
6606
30822
29970
7462
21588
17270
3902
6866
15360
6821
20055
16847
877
21363
10737
819
4075
21564
27657
18904
1656
15709
17813
3240
9452
11672
4446
22040
15219
9658
14610
25843
23104
20346
28821
19033
1920
11173
15257
10503
4493
27512
29038
31193
20837
31053
13083
31116
29018
29819
1965
9161
3083
9335
4815
24415
14226
10047
6555
16337
20735
24312
18864
16
7174
25301
30341
6793
2804
30524
16637
8802
17127
20772
23867
16897
12351
10434
27319
719
16208
24420
4753
16955
3417
15517
24614
30721
9658
1698
2018
12716
8033
31220
4181
26457
11910
25663
4488
3519
32408
26242
32401
2412
26743
8817
11621
26449
22755
22296
4334
32385
31541
12480
22877
24374
31820
20502
28354
13077
31179
19594
31193
29363
29058
13814
28455
5207
17705
22912
20550
6146
9812
19905
6014
5292
32419
2599
405
10961
10297
3479
10727
44
2672
22615
11449
10435
28363
15660
17354
8483
8749
19903
4395
15853
13896
26181
3153
13457
30551
7263
17769
8538
27152
5439
29419
11947
26068
1805
32114
16776
7978
27017
32203
20311
13931
6641
24907
16616
7871
30245
10342
1716
28999
13065
29566
16994
156
29227
20985
10640
16505
23206
1942
1487
21940
14662
15361
30191
25203
27628
18597
21630
25244
7220
6337
26507
11405
3414
20414
15791
27150
330
10688
23631
7555
31024
19067
8987
1895
21742
28232
2266
32757
5659
12663
5482
6440
18972
25063
15618
7398
24460
3797
187
15224
27362
19186
30799
32318
7757
21688
10528
21153
30947
6397
20092
16712
28923
17353
30495
9615
7639
21349
7161
31029
9351
25012
5170
2132
27657
6086
2668
8599
23733
32683
22344
5799
11993
10373
25899
8422
3232
20705
322
32352
2872
2888
15811
23295
16179
4368
18806
23038
28718
14200
24693
21407
12209
15093
14896
6945
22359
21702
6323
24812
12847
20174
23852
1296
21857
2467
17831
28141
27669
10467
14365
14131
31376
22983
16045
19726
23712
26618
6441
18330
827
5291
2004
6813
13667
25569
13162
28021
22604
21518
22113
12111
705
13288
2927
15258
24516
2676
25932
8892
9333
17763
13241
27395
7477
8610
6593
24030
5642
557
22847
13645
8773
10532
30624
15766
1891
1824
8170
16186
20274
5319
26109
17703
17717
27294
20250
4911
25416
2847
17313
24761
29063
4876
19999
11190
23917
17410
19335
14295
3129
7505
28864
3581
11414
30475
18784
4082
19322
21339
5048
29782
12367
23064
7696
16092
17489
12954
2355
2230
2359
12237
5167
11597
25365
643
21846
12086
14721
26127
1160
26977
13301
31503
15029
24724
5492
17545
19101
18712
31600
31546
5850
5299
1004
11050
2337
7382
7902
20356
3781
15638
3799
24741
15996
29152
23781
2163
2918
20329
17337
28912
10571
25829
22021
24847
1573
24569
25640
7110
31966
1138
25869
13668
9562
19511
26192
21285
26040
17276
18339
2307
10453
30009
17777
18896
24082
31707
5825
7554
9816
2617
8796
4558
21081
201
3890
6392
5656
25364
13306
19177
5547
16743
10777
15490
12095
27340
1989
24880
9822
31544
1386
10944
5229
6662
4684
23413
17017
31908
7279
15960
20531
397
4020
14800
19512
30583
20548
28786
8598
25805
13361
25626
32396
25439
16475
20283
6290
25689
11409
10355
29081
28785
29433
1123
660
14437
28338
18877
28471
2469
19895
27550
9983
31564
23047
7711
6002
26453
24067
14631
21416
1036
10263
15747
21770
12738
29084
12344
14682
20677
11517
16407
8692
13200
32537
27027
6227
318
26601
3280
7126
7237
24163
10748
15556
24928
25502
14306
26767
21197
20790
18620
19285
953
26354
29001
27308
22521
23460
9760
23967
27642
30033
836
17908
14587
27794
12792
28337
18809
7994
24789
13278
4587
22073
537
6027
16816
8897
17474
10261
8262
5799
30940
7078
19132
23563
23959
17659
25962
28731
31644
17770
5599
1493
4385
8227
22811
21036
14651
4790
2559
18925
17908
22229
11265
4355
158
12635
20004
8631
17511
29326
6696
28444
10029
19361
25597
1706
9363
7550
19838
29993
32596
9410
21084
29393
19671
9992
20568
6831
24324
1386
24502
12618
87
22597
4078
16007
13874
30781
23716
32458
32120
6273
28378
28510
13655
22096
32357
31255
11365
25021
26525
1077
1007
9135
18777
25740
23949
1323
16155
1250
1786
15318
2951
12953
6179
16309
18202
25230
14206
20024
26392
27712
30877
7799
12486
53
2307
10939
27866
23961
7990
13120
28464
2857
24598
24121
18110
5967
11884
6421
10698
9102
6342
7937
29274
16161
22915
18606
16109
21727
7466
2388
2920
12386
768
15607
22099
24168
3033
11241
9797
27769
27438
26512
925
19403
28272
25705
14963
23394
28316
30029
30927
23931
16
3059
7448
23595
21661
25271
18639
16708
989
29593
2941
9592
11718
24713
14825
6849
11136
12514
17807
30208
17012
2100
10318
23524
3494
14918
14433
5389
4420
24667
30864
28017
11391
21429
14503
8959
23961
12632
6696
10115
3135
19216
19773
14794
19994
10677
6640
6662
22945
1198
2462
23923
6961
21172
17577
9531
8287
22488
30830
15512
19853
21704
22903
25144
4539
15182
5617
16613
3232
3097
19552
23397
23289
16832
23185
28575
32034
27908
6352
5376
3043
26198
21852
6685
12172
14489
9240
26010
3396
10536
22147
24138
7838
283
12266
7831
10093
31686
10717
30501
15834
32387
23775
1202
6323
32178
24929
23873
6150
13053
15602
6263
15343
2273
12208
14149
32174
24425
30210
11975
16124
3645
21129
6764
17312
18396
29779
22872
26941
16934
3410
6918
4462
18461
11533
7986
29204
6380
13206
11510
16367
14377
28860
1331
26476
4951
17281
21554
18366
8367
19919
26251
9264
23328
4198
9542
16314
16276
793
7489
22226
12149
32058
5585
27524
23663
595
31404
6085
8568
18198
7431
23045
27918
663
4091
4099
8384
24505
9261
5093
2544
8934
18094
12168
22487
22532
18208
23061
13002
7332
18715
29653
22715
23164
25807
29766
25346
1559
15082
15982
6494
13771
32700
3951
30262
9452
16792
15196
16421
30527
28286
11339
23734
20657
23800
22443
16492
5449
23618
7640
8198
25948
4013
18413
18176
10752
6469
6106
14173
17858
22450
7862
30372
15772
15196
19798
11305
28193
30419
29470
29837
8443
3693
7959
3720
5783
2865
5954
17638
22559
21747
23084
14800
26025
30657
24259
30541
5294
22654
1640
26889
12989
7373
30021
9044
16496
18993
17633
7021
22688
24690
17649
13569
6101
29506
15986
18671
6144
1824
27892
2382
21613
13693
8761
26289
2547
23581
18430
23209
26478
23489
13337
15244
8815
10755
708
32117
17457
14977
27449
1164
17103
829
17023
27784
15029
8260
8323
26994
23636
23182
23402
9643
25115
5670
19750
16688
8866
27530
5959
22045
4904
28757
22804
9840
20031
29467
3035
22288
29382
11925
31109
23566
28440
14334
365
31274
3203
11452
8051
409
20220
25411
26956
9733
32016
9015
30236
6102
25630
10448
25670
17072
11460
30595
29058
21820
21399
16351
22833
30252
6679
23733
27886
19065
994
11131
7014
12527
13351
17394
22889
22252
16222
21255
8513
2661
17718
7415
31810
27945
26319
27319
19106
28010
27946
26259
15755
10105
13278
11285
14191
5329
11276
3880
1692
11351
2964
24189
11792
22496
31881
9518
12430
25332
24803
12194
4593
18130
32372
22448
705
30643
10014
23559
27140
5971
12610
18125
16726
12462
21627
10118
30524
24839
16013
9272
19382
4655
29848
9676
23315
10756
21650
9144
19209
21304
19187
21211
19973
17236
4274
15272
28864
8700
1393
31623
26131
30068
31221
13688
17676
14435
32472
30202
27969
31959
2946
3627
1380
16522
4437
10800
18456
22116
20264
9943
4867
2368
30967
27259
27685
23539
2008
17705
29032
2698
17969
7168
26232
12500
27689
25566
21716
14881
24668
12089
29222
32328
28883
21322
16592
12271
6195
26737
7879
6
9012
10709
13988
6805
19029
30795
1784
24760
5071
1145
29664
999
4551
25659
5850
26235
20679
5957
16599
25966
2671
16138
25234
28515
28776
3549
20255
3302
9114
12630
3271
15860
11167
15352
10259
20670
631
21008
15655
5546
2173
7648
11089
5275
29849
20221
9954
10098
5304
10486
7485
7637
29305
25910
7981
20015
12329
27692
17788
14327
12786
10665
17345
6966
26447
137
7545
10563
18627
8597
12633
13009
24011
18856
3811
30508
24337
11025
19000
30912
18658
1593
16941
31451
29154
13702
3232
3252
31231
12414
32013
17835
9635
18992
31068
5842
31022
11983
4349
21933
10403
25761
2615
25654
12193
21527
22973
6692
9622
6974
14467
21357
8751
12374
19407
18442
17939
6079
5011
4346
15312
12573
4858
32393
17685
24500
26433
9170
10275
4628
16584
15235
4478
27899
29289
18912
15848
7543
2824
8203
143
5707
11627
9346
31110
15508
6732
1257
4210
18348
8365
13578
1926
22607
26732
24346
15025
2812
19223
10557
24341
2462
12033
29773
22204
24684
6294
30679
27782
6670
26091
24423
3174
26369
26778
19718
19406
21564
20940
25856
22120
21780
9367
18155
4871
9309
8843
6116
5341
16594
26247
540
11502
2231
8657
19860
12228
14524
12134
30244
17253
21029
29071
25282
18818
11304
11701
8705
14833
13462
23158
20440
350
9150
5113
2213
14397
10127
10878
3441
17922
18940
32569
32118
17557
5797
9056
18654
14336
17331
28035
16590
28267
25091
31004
26787
7243
22664
17511
27772
2262
12010
24691
24824
24250
27507
26489
12353
29966
2092
11630
22601
9353
17219
24276
24147
31986
20144
469
7094
28375
8984
3474
18397
15746
31218
3001
25491
19753
13032
30805
27005
8549
10368
21483
26600
8165
14331
7106
26566
27492
126
7298
17650
27352
7535
21249
23484
20717
24610
20313
12193
14257
19637
20030
28506
9361
24120
31886
31257
2180
22033
6442
18959
4230
6815
26885
26673
23112
26910
12666
19772
24870
24267
11491
21494
14169
7496
11623
8375
24430
3649
25107
8745
23030
2640
29228
3916
15232
26398
25284
1725
24260
12492
31372
13111
1825
4753
6121
6490
1866
12964
11594
29355
16444
1372
22456
14813
3187
23445
17327
19535
27485
12375
21548
17621
271
31154
16391
29627
15927
236
6531
6151
17489
1503
29732
15871
23070
12700
7360
26347
1106
7252
6105
24092
5773
27257
23082
24365
20621
17696
28544
29065
23458
12714
971
7469
15458
3235
629
23728
3229
11242
16370
28800
4500
27666
24985
30574
613
11529
30642
28781
4810
503
32208
2454
5635
6249
13665
24688
19985
6831
3715
5999
15141
4482
4889
25786
32600
2283
2078
32305
10908
31840
14650
1711
755
20015
8851
24716
7391
20000
27878
2407
22553
4949
28630
25378
5253
11638
11908
3629
13158
28939
607
14600
14543
25385
26686
2307
8538
2129
9132
73
16411
6805
11394
1308
14551
27388
6844
28258
27250
29224
1157
14689
23975
21558
660
19655
3068
23526
20155
27885
4852
12540
12477
17756
10118
19942
11617
11153
24014
30878
11204
32509
6403
17106
1267
19024
14249
21827
12729
2551
20487
2667
2742
15331
4316
7266
20145
7309
6734
27138
25392
13623
25379
5962
837
8052
32307
3328
20650
8682
21533
7066
31504
2647
9530
17759
29109
26834
26575
29642
21301
4180
22151
7215
4002
118
17184
6048
28886
7292
356
12818
32008
21395
32347
13500
26526
7767
22463
28608
1090
30104
1968
1805
28728
9822
30889
1668
26095
10026
5555
346
28374
21119
10968
16573
26480
10913
10715
17850
2475
2717
10022
8798
29038
26761
8964
28187
20337
3341
29456
22894
15953
25635
24558
9407
28132
19226
19256
32393
6346
32737
29115
3258
30788
5506
7652
9565
10825
4589
24181
31350
15831
6391
5500
15661
22920
18594
29574
31791
12389
10911
13072
16722
14590
24337
10302
12920
23227
25748
30928
14773
1389
8574
4177
30900
26408
4709
9361
2902
13397
16865
24150
23965
13827
28050
31311
6345
4734
31845
30281
27584
1059
10772
7845
12979
29298
3052
4106
16895
8549
21203
343
22609
27392
28297
27100
31758
14122
30254
22473
18418
9659
31237
2790
27383
7894
8823
10117
24440
15737
16475
5558
7574
18514
12916
24761
19675
11477
17467
10937
14621
12427
27103
2231
3749
19629
32139
23236
8593
26609
25063
29811
17527
25252
11745
10638
29259
10489
17837
4872
20355
16289
1290
8243
18040
32411
24264
18483
17168
28238
5511
28595
20890
31445
29121
22230
9465
29082
6411
9072
18437
32038
27287
23415
32302
4919
1278
25524
5987
2323
22844
22206
15154
16925
28412
18473
28464
11430
15895
18427
23707
261
16727
14943
6462
30442
9856
22430
30613
25839
16273
26698
8754
32368
6471
4541
1631
9117
23267
18114
20997
30669
21293
12433
2252
12822
22201
9217
29828
23578
21353
30457
29892
29475
15667
18983
29136
8051
14372
6901
30400
30165
9125
12729
14047
30584
27390
16428
594
17405
16152
17438
28154
12751
7559
616
12955
16563
18631
11809
1853
6816
5574
4117
31442
5840
12963
17010
4378
29463
19126
21701
9924
14196
11216
27685
24790
30694
20676
13230
11086
26752
29990
12594
2825
30656
5714
21034
18149
25373
1456
17651
11299
31199
28727
29239
29199
563
32560
10921
226
29823
30269
23797
8167
243
29337
26614
20189
4961
12193
23850
20125
18766
29844
18276
7420
3657
3991
18881
26611
21115
508
10973
15357
3968
16835
8263
29121
3957
13409
28210
7921
10834
18113
12141
3698
28026
18057
22933
957
24977
24734
20873
19845
25230
26858
9246
27546
15889
20317
14100
19469
3062
26161
1609
25493
29994
23923
16685
9521
23741
6079
23670
7439
7993
15435
27669
12973
23603
10790
22888
22078
32287
12482
18865
7503
29801
12721
18631
4778
21441
4012
3083
15738
20662
3801
24990
9137
18566
2638
8145
19367
19508
8913
10461
259
25052
19169
22229
24799
28740
21499
25560
28967
2227
24854
8843
18242
774
25200
6854
501
8192
32396
24206
6788
9698
3195
11076
20762
11067
860
11035
14442
1026
799
27344
9367
1250
23182
22421
337
4309
11917
22862
21314
9460
9888
23807
26792
22158
17071
25477
32067
30583
15878
26757
21873
21666
9120
13731
5272
17138
30629
30196
21188
28238
6705
7605
13713
7924
18263
31293
4172
26895
22630
32304
20309
31371
10858
7670
12999
31528
19958
20587
7259
13005
25633
2008
29834
27168
19663
14115
27378
14675
2610
14146
5627
14656
32144
8437
13754
19129
24902
28341
7702
26649
9229
31463
3113
13599
2428
11862
27369
16637
13262
29408
19207
11947
31462
15984
4631
14209
13456
18988
9458
15365
21002
18927
4440
22274
30403
14329
31450
9946
27746
2277
20215
16668
6154
23516
1158
1113
21724
31497
27220
15412
22462
16460
18701
19385
91
12851
23648
20976
15211
27942
26462
31921
23093
11489
26659
32185
850
2600
11961
22014
8371
16565
23353
27456
28390
4470
1843
7137
4500
5365
7760
17654
20815
4632
10806
28318
26250
11530
5548
4755
30185
633
11007
12542
8636
770
20900
10128
21702
8937
20254
32462
10818
12814
3875
8620
5928
28700
14074
13150
14508
12548
2087
30571
27655
9642
22090
3
4987
7389
5189
5778
11409
20621
15517
4757
7078
4920
6435
4781
20645
29094
11731
19441
10518
7382
19196
25481
13144
12344
2721
1657
14122
10269
15647
13242
10097
7275
2321
27791
24885
5013
17009
16150
23532
458
15616
24349
12027
18541
7655
16696
4218
18886
28830
27664
12599
25847
781
29694
6654
28209
19697
21721
28184
30503
26242
7692
14098
31683
21075
9451
7616
18200
7801
12615
13440
9369
8431
22591
14019
12680
21305
31066
25034
25265
4424
4563
19118
4695
16286
23092
21923
10863
7346
25126
12925
16140
16790
7816
628
11547
5591
7614
2852
4432
15013
22092
6872
11104
12595
17315
519
369
16481
17722
17951
22478
23961
29665
29058
20704
7414
24915
9422
18778
27820
30218
19810
17587
8100
24919
9502
32217
2918
20401
24425
28708
15676
23374
10105
27784
2708
27376
21455
3856
167
29442
29440
10375
30552
19683
5563
28792
19295
6274
31240
4954
934
23595
31694
28932
26099
22176
28312
8039
16072
14188
17560
1403
24712
12660
9965
8826
7642
7119
25377
21837
17234
5335
20982
14403
21583
23424
7010
25865
3871
21225
31704
13527
31850
25649
28361
20711
3533
12940
25195
10027
4037
21910
22713
5951
29391
3559
6587
27549
12237
10215
23303
29456
19372
227
136
20075
15940
25185
23166
18042
16511
10161
1222
15929
17854
25029
19292
5444
9336
27971
14366
3727
12836
11991
11730
3927
22106
27086
13419
19032
22837
25825
23176
11073
28923
20814
20542
5733
21248
10286
7959
20659
19399
29186
9050
9192
8811
11407
10893
4867
19261
17132
23353
13049
11695
19417
18925
31659
369
594
24453
9493
1753
11364
29868
25800
7816
25664
18080
8090
1099
30606
10550
25500
12607
20739
6685
15948
10553
8246
6502
17164
14180
13231
27460
21971
24108
14657
10001
3619
32347
22683
14226
17979
31106
23577
12412
10893
21403
23520
7479
23922
6124
7977
11489
797
1327
10205
24470
18893
17647
7267
6383
16967
12853
949
15304
7300
29540
1978
13127
7335
27490
12752
3354
23602
17912
21927
2303
11128
9084
7766
16778
10070
10157
29096
21027
22302
28638
7607
7758
26324
13399
1213
7727
20893
6392
15142
21581
4212
28959
19434
20630
8479
31436
5913
25763
31073
21763
32440
27966
14962
13682
21963
21793
14508
8532
17843
13569
11143
11669
7610
13515
6599
2615
16621
4654
22004
23796
9770
28761
7947
12069
7801
21766
14707
29410
21919
30391
5170
25451
16625
16447
20065
17606
28775
11653
12509
18090
30193
25989
28736
3740
22286
13719
19216
11608
15514
20980
22582
882
21735
32630
6577
22845
7184
2719
10123
11756
32394
12253
1804
503
2556
22796
559
8385
8273
21565
4946
11639
24843
26550
14641
30523
15578
26426
18197
22658
26477
11914
1353
9658
7048
9515
13774
28465
25943
12138
20815
6706
26370
12446
4183
5489
19329
685
5314
11432
23474
1745
18290
16259
27048
13212
15939
24506
1606
17466
15936
6780
13581
27895
11799
28948
4659
14592
3274
17607
7925
30062
16552
14843
10286
19840
21116
22175
31527
31784
26884
24518
23729
14026
6308
14997
30321
13632
23388
21600
11900
31521
17656
22032
7460
17987
18310
9928
5393
18046
7181
456
29075
691
9084
9105
7990
3853
21473
21065
4759
30855
1499
17762
8567
2479
13906
12407
29198
19625
4197
30070
29857
28278
21412
16900
6999
26487
27264
7197
17481
3372
17663
8699
2520
28994
19381
314
27971
12749
32495
26937
3961
7890
5681
31939
27691
22792
13283
1775
19238
19935
327
30532
23520
13506
18094
26913
12112
29081
21484
14940
1027
147
19721
29994
6253
20258
12089
4415
30589
9799
8718
20534
29556
2575
26861
14642
17142
12894
2239
30662
29793
235
30184
8722
11103
6284
24189
10799
23735
31156
25777
32462
31849
18489
23953
7963
20985
7771
26610
9704
26379
4355
28583
4103
17456
18760
28919
16887
28672
22327
4174
4292
25705
8660
23090
21032
28230
6236
16249
14326
11059
2253
8633
31416
6560
16296
1025
6039
28453
21750
13254
9596
10517
19081
32288
1397
2902
24452
17719
29274
368
15646
2551
13232
5603
24738
15884
30669
29630
26298
29194
6461
9837
7150
13291
21349
3027
30312
12735
10854
11417
23802
29855
2629
28357
24418
18403
24904
22158
17356
8341
14755
18798
3480
6437
5715
1914
24926
21853
5963
20207
27183
25240
10446
24077
9246
26671
16924
18216
12287
15413
30544
19196
5231
12388
25225
11585
4117
11094
10312
14207
24871
25081
6937
24100
9775
17725
17014
15316
15375
30735
18664
22272
15682
24971
5487
26042
1638
12141
5156
967
25591
23753
29213
3830
19806
4349
20625
7601
20778
27363
13116
17362
5789
3147
11781
6584
6250
31144
5599
14745
31933
8713
14573
10009
11900
9035
25065
21788
7116
7821
10950
15833
15832
12517
25236
16689
19918
25681
2725
15678
19241
11505
12014
5422
14134
18035
7599
6738
10705
1486
16983
2930
9072
29491
10146
7780
16484
16448
25860
18396
12635
28280
31562
13702
7464
14832
25727
11858
20423
7242
23308
19728
23195
31719
7204
18748
2555
23385
10591
16923
21485
7447
19877
16391
9265
12149
26958
24582
10626
13523
18823
23970
2072
31764
3832
28405
5489
23890
26532
9988
337
20175
8208
21070
4104
17967
20391
420
18931
14821
9309
14138
17477
22252
4499
27135
26375
16055
26170
21290
21598
24938
3644
14869
21773
18506
791
12879
28218
25714
12235
32749
1141
13769
19447
5664
12278
24112
29247
25613
9766
29952
30192
25560
23650
11955
15335
8194
18427
11489
6831
8950
24449
2671
1513
1246
16705
30723
2289
3003
8972
31930
21694
4533
28474
12062
25866
9647
13039
31314
179
6687
16797
17296
6498
30237
12746
982
20074
31930
5908
10715
5875
16018
7538
22600
22359
27045
27068
21541
26060
19298
25454
14225
16964
14597
19369
15543
1425
21027
17786
13565
19405
20867
13151
126
7673
24624
3591
6587
7908
7884
6234
2445
32590
22823
5305
22367
32078
6161
24455
18841
29425
1388
4840
2655
14372
22149
6088
1148
23508
12452
18464
3225
30803
15329
1652
10931
9982
22586
28321
6092
22301
10467
981
17376
3082
27101
32735
30746
18070
17354
10153
26952
7592
4608
18690
20109
18983
20188
17825
20565
10778
6744
20327
25486
32526
3808
14821
25878
27576
22626
1310
2415
29916
16805
1422
29882
2414
11227
19819
3811
22006
9337
15146
26649
26425
3398
20805
16769
24597
2738
15164
3627
18093
11370
9178
69
11462
1065
16569
30350
14193
7889
14088
24078
18923
5050
15756
23557
22465
7754
8165
21537
8759
30150
1811
7923
25835
22375
11064
1188
13750
30385
21151
20452
7123
18432
16894
3364
8771
22884
504
18949
26991
11694
7654
26896
31760
19915
16343
23975
27468
1105
19925
25659
30241
30552
27755
2752
16391
5259
2660
7518
23249
895
22996
19306
10197
4675
23133
6292
21580
20536
22699
28258
29948
19234
1857
25053
1300
8832
5240
394
19543
25881
25028
16283
28796
27864
16442
19559
13781
11481
22095
29976
13104
9668
4835
23203
31995
29786
20862
5374
2987
11853
5081
5773
24926
341
29856
25565
12990
18560
14198
29588
5929
3018
6714
19112
1040
7661
19336
10448
6045
19578
10883
22840
30361
22057
13266
31609
16780
7021
16361
22728
25894
15692
30346
6509
18909
7790
7051
28280
9944
31348
6361
943
31756
1931
27069
19914
30629
22080
19294
2275
19111
25494
22152
31528
12501
4437
26283
20435
12242
30886
29223
7772
20870
19165
14278
29164
24003
13462
25994
25878
22312
30467
7338
9666
16198
11140
30423
30057
26114
25976
28867
31112
18490
9812
24036
28750
16812
22514
18806
7576
5651
16683
26815
1056
5522
10407
662
16113
24662
6644
28710
3871
3448
214
6896
29108
14624
3806
7183
20973
15856
7998
24768
11175
7584
3292
30753
12820
23781
11941
28217
20146
22168
28196
22585
3198
18964
11347
30209
17253
10464
26801
3302
6139
26510
24212
24499
9071
21986
3265
26605
22463
16951
23354
13404
29736
27679
21335
4294
7649
2634
7704
23294
28936
26537
15546
10526
7645
23506
12168
9488
26158
8871
32500
16723
3858
22322
23270
11003
6874
5588
17492
7418
24389
2463
29971
30879
19443
26880
31213
18268
29980
9633
13043
2508
13954
21389
11796
30708
676
2966
4079
5834
12853
19700
32486
18163
26572
8750
17524
12497
23517
3390
6336
12733
9448
32496
19570
11921
20464
23947
17605
28522
23855
24243
32221
26796
29960
14478
1884
5446
26941
28198
12080
17975
22114
15118
20142
2897
31122
25161
28133
6460
3680
25703
12588
20671
18704
24817
17662
19259
16648
9991
15368
4216
24449
14664
4991
22948
9858
18674
20919
1433
25615
27722
29426
8799
9630
5183
6262
12274
32714
1354
11746
69
32331
22424
30913
22662
20518
17003
18016
14244
1057
14014
11229
26127
27002
3368
3201
12991
26840
19202
23119
375
27010
17100
17629
3659
5839
5069
19043
2656
6622
19706
24338
30195
7046
14105
7847
23452
8848
2598
15423
20692
8740
4598
9325
24502
19586
1562
1418
15874
32243
6406
12876
30055
21502
627
4762
24834
17630
2305
5791
9250
19252
20257
24606
32334
31226
26418
5637
8329
3256
29418
5700
26580
18426
20984
31199
8437
15873
9191
8002
14711
19385
8518
11990
498
25067
4102
19921
25996
28340
22307
29522
15040
31542
30087
5037
4446
20877
24619
5635
8659
16132
2943
18455
16811
18057
9228
17500
340
22367
14935
32339
22309
23571
26121
26899
31646
13745
9294
27689
23282
30519
30075
6819
16322
30026
32243
24680
6956
32296
11851
6603
3588
19934
13996
18783
5985
4795
18809
24588
3164
5636
28978
19298
15636
23785
32153
15918
27382
21944
19475
26443
29755
25937
28496
2747
22705
26842
31278
12534
31679
32692
29147
24706
18339
12717
11066
5572
5631
17783
6025
27926
404
23385
17472
13082
1357
8228
4668
20301
3199
11369
26652
15583
22639
25577
25580
1474
24341
26957
20481
29697
1823
31255
24355
27987
25913
18137
29682
11504
24204
7076
30594
20387
21636
27844
841
26144
15831
7082
25147
409
20675
2090
11571
28300
8855
16871
1685
4575
24692
28171
14641
7214
1365
13627
15979
1892
12621
19914
28569
4744
1552
30252
26285
12250
11445
29614
21012
6431
26810
26981
16350
32313
23625
7012
9246
506
25017
29234
7828
31034
7768
21116
17289
8231
12904
7430
27643
14813
10855
27367
20730
20023
5524
23030
30290
31204
26030
32128
10346
1213
31743
18236
4460
12885
1945
31872
10662
210
6368
2996
1841
18940
3656
22024
20688
31380
15968
16738
22554
21479
784
9882
7900
27555
2590
28650
19385
24040
3831
31648
21011
26018
25005
5910
20783
20247
24380
9700
28307
30908
16145
18772
12211
22093
22989
7191
5837
10780
19782
22070
1810
26794
8654
27979
13318
31348
21689
1264
8233
20495
27673
17272
28375
31863
30668
24285
3437
18853
9145
30202
30637
31583
16214
2554
7012
13396
24174
11281
8009
12648
30497
13162
4393
20301
8492
3936
16193
3667
23146
2544
16620
2177
29851
3694
29310
3556
4197
18552
26735
23335
18840
12073
7612
7780
30902
20622
24970
15930
11699
29022
18444
5920
18425
21733
8872
8952
20399
16706
17237
16104
29755
5074
3912
869
21509
31212
9423
25232
29054
8655
6269
198
31074
30680
3463
31602
15930
17401
11630
4646
3364
15206
17118
26091
16342
23185
31703
17109
12257
7001
5898
10202
28467
23422
134
227
27104
1881
8595
18212
21794
23754
26590
31657
3998
23153
18391
12338
22248
12065
15960
4673
30282
15761
5511
11377
21185
2133
28925
21001
30793
6669
25896
26833
3162
15837
7661
1317
18867
7197
22674
3143
26966
3921
13532
20730
7380
17755
8564
24140
32202
239
26511
25779
5804
3912
6606
32091
26817
17945
27235
14271
4975
7623
11382
9591
185
15317
1223
22608
15110
416
3476
1698
20516
29516
29117
18910
25996
2814
17190
11111
25064
19531
4189
29603
20434
11249
32125
28497
24031
8133
25682
7965
8156
27373
16317
1393
30039
31311
26202
1679
14690
25929
22625
3805
8083
26275
9418
29567
25167
25026
10677
16683
9800
18462
13320
27961
14149
29430
16986
7418
546
17730
28432
30539
28695
10729
17861
13418
1853
16948
2032
24584
29773
22658
9408
415
25003
27454
26699
7941
16292
25615
9704
19778
25076
20302
25049
17311
5772
10173
15918
9471
6546
2678
12005
29554
2728
26401
14678
25096
18289
106
17103
30947
20305
20659
12923
16272
5237
9989
27272
24984
24084
4173
23688
337
8180
24773
15640
11514
27439
29104
6848
10759
23607
26442
23579
2746
10776
4863
26936
16883
15101
17883
1087
10569
25078
10050
5464
11609
10744
25569
28104
5214
21030
18660
18013
4867
24398
8041
32013
9077
26295
23605
21978
21179
30234
30630
17145
30794
15598
489
30770
3028
23272
18285
19850
3426
30659
6552
13600
13218
2109
4024
18517
21634
25698
21564
12335
15357
4876
21028
27904
25909
28331
22198
16706
18883
1858
31603
17350
15179
26034
27721
23822
31571
5179
24074
13303
1365
4160
18717
19866
16146
2378
15476
25717
810
4432
23741
15046
14826
8758
25565
27704
29797
7315
13466
705
15814
9143
22167
21195
5860
31469
28294
25234
20503
18429
1689
24781
13643
24309
15161
28304
16466
31529
8187
16497
17791
2425
28880
23274
20080
26578
25468
28158
5931
15864
11593
5151
24941
21378
4348
30800
4670
1830
2312
10119
19913
19254
25090
4437
1387
19307
22869
31688
11274
8162
5175
28305
1192
12644
731
22882
16183
13034
1000
31130
22447
21600
23595
17188
27487
4778
22152
20636
30848
18661
8247
7860
15376
26351
13613
5847
8670
28969
28887
11532
31457
11643
5902
5404
28109
8601
26952
21239
21992
18053
7179
10836
1050
5462
16552
12696
5700
20791
30501
3065
22739
12978
31867
3811
26261
22575
26882
22170
31435
8119
13097
3618
10623
19966
19050
28252
29208
9889
24189
14449
24619
22956
9932
12147
11924
27231
15912
21826
8390
29490
26298
28333
1631
27414
19004
4826
7424
20478
2665
18920
17499
23198
13745
32466
14477
8050
29746
18583
18095
16643
228
20120
12199
5990
17171
19521
11588
28933
7187
30699
19851
20642
15663
20737
6219
19608
6626
6498
13048
29540
19018
32263
30389
22885
29145
13030
11443
13280
32334
1558
25786
9543
21219
11827
6661
7867
13256
22532
6739
31439
1489
14171
25403
13711
13932
7997
27072
26049
24533
25923
37
23402
32141
5184
19971
1940
17672
12836
3736
4431
30373
7457
2402
15350
15076
17420
30956
691
24532
15877
21481
3397
2762
1370
11391
25089
12888
22953
6629
30999
29821
3397
24624
5399
7450
16859
19050
1204
28837
22614
27365
12743
3873
6143
13774
8599
846
20713
10757
19031
21021
32140
31788
25072
7782
10160
30719
2561
13533
5261
3043
32036
5187
31792
12993
8564
17881
20512
12308
9292
6682
21826
21057
849
7593
5370
12072
9906
23177
27027
3832
28846
14732
10721
31047
26199
6158
14372
6242
21910
26082
30768
26337
7280
24461
28875
23423
30087
14514
7255
1833
28132
19150
11441
22869
26611
7206
18008
32405
20431
21245
30418
3436
25792
26889
27211
30048
15363
13096
9344
25680
24777
4432
16603
5640
13697
23236
32223
16915
31322
23182
6087
7120
7428
28713
13930
6345
13751
10366
29282
28991
21879
25362
13677
3850
2454
22397
31251
24224
14458
3870
11914
13939
15265
9997
16086
18560
23265
28241
2612
21028
3317
13395
18361
32306
8501
23443
7735
11588
13989
1178
29536
6222
9265
25904
13870
377
13879
8142
10370
26414
25926
12118
27659
28016
27174
15106
22121
29040
21272
26266
20626
31579
32350
29419
17781
631
7678
17012
25566
14190
10436
5730
14234
18666
23686
6079
24027
22113
13739
230
22750
1331
32750
31546
18122
27634
25696
1303
32732
18432
6316
29705
24513
12640
5023
26428
15939
16582
27368
15924
23336
23536
15900
26558
16727
7225
21245
7463
25917
876
18171
23979
623
29398
31227
15920
31889
6303
5720
24885
18294
18266
23079
11013
6792
27610
1472
1584
29547
5447
4986
19515
11229
17266
7349
9879
9953
28518
4126
31696
22812
576
7470
15623
12415
11840
30964
10146
7974
24095
24597
20290
19840
11939
31249
1013
14257
9842
455
26798
14900
8228
22332
19954
20933
6811
24216
9427
4734
25495
20593
7714
6720
20613
24396
18913
596
31128
22113
19191
5202
11035
5535
29479
17986
262
3824
23363
16898
24783
10430
19357
31720
17794
10678
2239
7335
4628
4556
22620
17015
24053
1151
21126
23920
28644
10334
21280
11063
23303
8139
8087
5597
29243
32511
5325
31236
1449
25422
29014
6212
7834
4012
4071
13773
11660
12913
9739
12365
24196
14425
23320
2324
1959
20687
19298
11126
26116
1899
19374
29296
7349
5817
234
12687
10790
22588
8219
17678
18356
30130
27286
27966
26490
16282
14963
31019
17511
19700
13119
1149
14484
18504
27377
19612
19925
3561
7967
24856
15503
32635
19058
13127
19657
12467
11864
18736
19845
20830
9464
6055
5712
30885
20331
18362
18200
13711
29737
27468
14910
2247
8641
25856
23788
11168
27086
1881
25001
18518
18470
12063
298
1943
2644
23812
15723
5953
19273
4743
23295
3694
22350
30233
1189
21166
3133
638
19739
25235
2545
17783
823
10611
18171
29086
3123
16489
23958
18321
14409
16541
9438
6738
17791
2757
27196
29422
1221
10220
24357
5981
21821
10098
3844
30890
27098
7765
29044
19540
3372
11182
27827
21747
22394
9855
23635
7710
2834
22699
28723
12173
2781
27462
30638
31611
7990
26639
27922
3150
31996
29755
21844
13690
17126
10357
18434
19363
24855
10786
13176
10242
7923
27113
12631
31497
13104
11123
32563
12874
8752
14959
28556
30101
22158
28890
26368
32608
10231
29309
14782
21612
17467
16823
32062
7846
11939
4476
8752
12108
18822
30878
27314
27728
7703
27211
4293
11521
22145
6104
12546
18920
7734
8124
19849
25584
23683
11744
32059
9931
32105
28950
6953
2704
15528
2534
2635
22697
10012
22161
24950
30700
17996
16464
5000
17416
10817
28125
26598
29731
17812
32564
22312
21697
20427
13979
8210
22760
8678
13024
10438
18050
16692
7906
57
514
3179
31314
5092
15690
16120
24507
28092
3532
16020
27584
3683
11760
26392
10662
14240
28086
18578
10514
15117
5789
2968
8467
8463
18115
28636
17506
15371
1869
6401
10985
31703
8713
7597
29827
5487
31314
3296
2307
21226
27957
23940
6519
8108
31954
31813
18094
9436
19204
27554
4343
2585
10052
10820
29996
11880
13258
21391
23279
28017
26102
11896
14388
17644
26095
7830
3584
28246
4490
11131
8815
16616
9837
4676
7164
28617
22388
5487
25085
30851
20819
32493
26221
21940
29309
2168
15598
18950
14917
7719
8974
22368
13123
12096
24010
13918
23802
333
4177
25087
22711
14706
28682
2974
23996
4093
31191
2852
14494
25151
3228
8059
23020
5787
3323
4934
14353
1756
30306
6607
2172
25803
32072
30784
5118
19714
9907
20247
10867
31739
30974
6100
31140
22892
10713
10996
19308
19927
28049
25123
28442
5724
19346
10926
21015
2771
7210
7223
3017
2583
5007
26540
24758
164
32292
12922
237
15717
4600
12797
1442
2247
31119
6971
29208
12818
31718
15059
15300
1785
26033
18736
7599
26992
6119
20226
15132
30653
24448
11759
21867
31442
31358
8581
6461
3802
28202
19572
18137
14866
4768
9722
14798
26074
30605
23454
5082
28172
1592
31521
3851
14988
1215
30898
15140
5920
24227
25953
10818
15746
22151
27094
20671
17844
1333
22851
7255
28820
18914
28823
1673
176
4019
5621
9792
5467
3200
11364
1203
15361
23767
20424
14730
11191
8516
3345
4674
24342
207
27314
18642
74
13511
21844
3471
23398
446
17612
26701
19194
16853
11595
13511
21224
25658
4309
15937
23923
1518
17653
15979
20121
1996
16558
17289
24995
17863
1716
16849
1274
21363
32733
21524
10300
25031
22994
28577
12431
12833
15882
3943
1846
14986
29945
6745
30306
24379
18820
2327
18506
25953
16569
3786
23677
798
31165
18767
10103
12496
18949
15513
20595
8085
27081
7504
24961
30991
17590
11966
15832
19556
17124
14316
21101
19593
7687
21512
13509
17345
5865
8714
9223
24672
7960
6040
8277
16085
19163
31526
3164
21735
8043
18785
3370
8767
4448
2510
7232
18983
18282
22190
32745
31377
30017
7206
7626
17499
25311
21148
23481
18641
29676
14436
723
24692
17274
20124
22728
7930
10226
7508
25466
22677
13134
755
2759
3192
905
4821
3234
22680
30548
18233
30569
23215
6923
2651
7794
8839
25063
23261
15592
6517
32629
3947
15061
803
30023
32159
18559
31635
10473
2082
17400
5729
5654
22549
7409
841
28972
17839
10959
23528
19934
13351
10497
32455
7721
25812
19856
7061
7561
1427
11767
21684
31852
32361
26166
6648
24551
17001
13858
8363
2472
10200
2303
7380
15404
2960
6992
8120
12082
17314
13038
16290
10351
9535
7512
27872
3203
8665
26698
6158
31788
16261
2193
3479
20921
28836
25373
10872
4802
3778
27736
20039
10775
31934
20918
11892
32246
13355
24973
28368
13953
16887
9512
9035
18542
30282
24855
7938
6145
19377
28616
13433
18487
18812
10844
19236
2629
25957
21427
28205
320
10354
14793
14449
3614
6940
326
16844
6109
15536
20304
29078
9218
2550
17828
23149
21317
22289
1253
821
5771
166
10547
16734
12308
14400
29952
2149
21750
28659
7711
21150
714
10560
28958
1840
23973
11065
16086
353
10826
25573
18496
7444
14493
30950
7307
27791
21083
19289
7531
31618
521
29438
7603
17221
17962
29849
20006
13410
1205
14232
27786
31059
21190
32501
26879
22157
25748
26974
30095
19389
14755
15508
13318
23121
22843
17
30212
5434
13080
10989
17232
24048
30819
26882
6767
29367
225
15183
8054
12834
4203
30618
11548
14293
4254
27481
31763
13966
4819
9683
21657
13159
11857
11651
32330
1621
3778
9405
25144
17397
18148
8596
4925
29832
15233
15610
12432
15419
15009
7465
22167
22701
4862
32578
4604
6059
16312
1076
2307
11070
31818
17632
20251
32487
21693
29051
5811
29225
1564
51
13646
7240
17191
12053
11738
32081
12619
23854
13629
16474
12754
32496
25906
29451
19288
12760
4435
22109
18302
13134
29302
11426
22754
16077
7229
10438
23886
5955
28905
25300
4143
16315
1903
30139
16713
10041
14286
10835
25514
19429
16799
21403
2268
6508
16622
16453
7263
1700
25928
25972
29526
13935
7957
9924
1153
8161
14121
24459
23659
421
1173
4446
8677
9372
13507
23511
16050
12744
22978
8598
132
8041
13022
32390
17960
31077
25460
29537
3325
2285
3076
27255
29354
8030
31112
31147
32528
2149
24324
1470
19070
26471
19807
10960
21540
1056
23921
3619
7371
19082
16477
32035
22979
512
10785
32163
21532
32675
19051
13162
18457
22525
18351
16110
22753
21476
28790
31071
27768
11425
5881
12775
1006
21330
19182
20529
25558
18317
26018
40
8442
16710
7240
19201
25933
12787
3216
16763
289
24813
30588
7013
7322
10010
7792
28769
7523
3529
30344
28137
5279
21725
9773
11919
18723
9262
235
5769
12770
27692
30077
22892
29864
14790
8746
3384
15628
394
853
28309
32672
9741
28751
14940
32106
15757
23151
16473
7064
23253
613
4944
25455
23905
6091
31293
16005
3267
30461
1760
17200
837
31019
30073
9534
11216
2732
14801
7910
22284
31637
23929
26111
11209
16011
4950
368
30366
2517
9310
4840
7375
3765
6556
26831
13940
15097
18298
27772
5080
14541
7743
16552
12832
8403
25559
9250
25389
4726
15059
27845
11459
9851
6832
11944
8938
28632
7516
25492
16788
32458
17910
9915
2433
6690
9429
22694
25696
8927
31949
16240
5175
22018
19885
30514
12804
24734
26636
18110
32677
31279
28230
11408
4341
31020
26305
14337
4152
5600
17269
702
8633
20341
683
24185
10929
10066
19716
2782
32619
9895
13502
1993
15526
25157
31283
22454
20539
28852
31138
18041
29951
1663
9778
2095
9707
11475
13876
17524
19578
17992
25769
25046
11859
22015
27652
9610
24104
15597
7729
31582
13278
24950
15829
31215
4078
30014
31960
30492
28171
19772
17441
16570
2821
16
10400
19849
8685
16022
12690
31335
1146
6843
21504
10180
4779
12431
18313
19286
21934
26012
6242
18958
16897
12919
6811
11850
25815
10900
8868
3660
189
13918
9999
14059
23933
13191
12183
28296
20290
28573
13666
25668
14590
12511
22659
8048
3593
16718
3779
838
5899
12295
12193
15062
32283
15567
407
8514
26152
8688
11423
31278
4504
12356
13814
3699
23600
29071
26912
275
3124
17681
21036
28786
16079
10844
11577
14275
29620
11876
28473
25792
31750
11989
19445
13726
20598
26537
23890
13120
4779
32505
20434
15275
15846
787
14429
4282
19174
3790
30530
16146
19209
2074
19577
29017
16053
11483
299
931
10998
25080
19059
27437
12904
30894
18791
17998
13656
24107
19538
10410
15654
26968
13636
30633
14061
15094
10701
27432
16742
25580
28677
1646
4618
17887
7375
7521
13687
25092
30559
14841
12053
2610
13818
30198
15353
10300
30717
7374
15626
3965
8481
10730
3170
3252
31229
30481
16887
10259
14797
12069
11130
19858
23921
22797
31615
20361
28601
3826
29663
30590
9951
13742
3930
6459
31573
18561
28289
23588
7105
3334
3028
11976
25159
17254
31527
6326
12038
9932
14410
24210
19429
21017
18664
11368
15759
23768
13744
14911
9660
17524
7859
7922
6835
30120
28429
17723
6156
2616
29640
14097
27835
3807
23037
13108
19018
25992
22588
16646
22886
6081
1838
13980
30621
11628
11641
25877
614
23479
740
24362
21346
8271
11964
3591
20961
7377
1398
2137
15784
18050
18837
24489
5874
15935
29647
22504
18356
25783
18027
15691
29221
32471
12269
19545
2174
32390
16629
24642
4606
17299
14693
23410
16690
26859
28866
32358
16243
29200
7645
8382
20912
27846
16818
148
14958
23312
14736
7181
32012
31066
15482
18733
26188
13560
18382
32752
32271
26319
16164
2710
18016
9810
17273
4158
27572
18609
1421
11702
19056
24652
6025
4242
28076
20590
485
18555
27447
18744
8073
17098
16603
16347
1330
9302
5858
14091
30744
30089
3032
27568
14286
21690
28051
14814
8041
8886
881
19975
25060
23968
19937
30319
26051
7676
24357
10465
1015
27142
12630
4257
11778
21320
7592
14497
16219
4715
22767
9719
32276
5454
6498
30351
3770
13141
18847
22557
24445
31748
27888
27478
20112
21452
6349
26464
4051
21284
10146
4487
5552
7132
2258
23857
322
6318
20987
18452
23997
23319
30076
18086
11018
2917
16948
21717
31665
7952
4237
32505
10748
18765
16569
30471
26714
23009
28220
2567
12545
32307
31915
2504
22743
6310
25011
32466
18835
8741
20572
13980
10015
18944
10639
511
25665
18422
21975
14315
2683
5267
27748
20569
14640
31676
19285
11136
8199
15752
1335
22860
30869
12625
18376
29964
17206
7947
8193
26987
19259
17109
16212
12449
13899
11982
9779
25834
8963
32554
22481
13623
6880
5253
31532
4644
23391
18550
3403
10027
14946
20584
2244
29719
10710
17061
9858
6843
7827
29108
7109
13539
24195
4581
31082
18059
31239
23850
4205
8271
29846
10536
32684
17955
24744
9102
20206
11844
29394
10406
15139
27759
20530
26666
6126
7504
7181
19544
27232
9789
2231
22344
8455
7460
28595
27262
3367
27842
13596
11452
327
2326
31299
537
14575
18454
25498
19031
28081
12960
30161
22898
15718
25011
20030
24181
17850
15327
14978
11409
6379
9978
29546
6768
28621
533
32531
27591
15634
31662
32338
31019
1480
6184
26962
2597
8995
31864
32639
5512
20861
20768
28323
23554
12443
20833
30031
4338
6450
23212
1149
1401
27561
4187
9331
2516
15393
26526
8427
30953
32691
12216
16496
8735
7928
27243
2827
1395
4559
2224
25631
5577
26714
24492
31634
30079
25930
27104
23085
24904
3421
10400
3398
15672
20516
14790
13724
30747
11786
30119
32130
14603
32658
10566
14912
2882
16864
16584
15542
31788
3195
30248
5442
24512
5201
22572
20196
12049
24572
15768
26016
13600
4419
30881
31780
32245
26596
24228
5291
15342
24977
30744
20769
5974
6968
27842
32392
7225
22407
39
28570
14967
20144
12871
27312
3096
11113
22664
12002
21983
22839
17137
21616
30242
2029
16792
3169
13785
2159
7774
873
12276

