1000

977
5190
7708
8886
4168
291
6526
3501
5776
1620
3955
5477
94
7111
306
7663
3183
3910
1599
6904
3836
6358
3496
3150
3340
4642
4768
354
3882
1977
2202
9086
8425
6931
264
9481
645
1545
7860
7833
3931
582
2128
5464
3740
424
2217
5321
2574
1899
6849
5549
3764
9368
7068
9954
9920
8666
6123
2299
4998
6866
5736
3893
3714
1980
8561
6937
3676
9409
8232
9086
8778
3886
6794
4641
6119
7556
927
7815
691
4641
146
1618
732
6096
6065
1379
1643
5772
2695
2431
4946
1067
1768
8836
612
1065
8605
3117
4789
882
369
8341
4644
2276
6682
6089
8950
3235
7676
9617
614
3855
8363
2064
6537
2724
3967
3481
8534
1312
6621
1461
4870
7643
372
9746
1512
8594
4293
62
4361
5795
2966
9397
7250
2944
104
4759
34
7790
5208
686
2349
7709
2419
1246
133
9965
7454
3341
7544
9855
5157
8581
9226
1417
6962
3480
4037
3726
1872
1684
6079
4046
8992
7079
4779
5066
3260
8548
481
1611
5003
4774
2834
8051
1124
5397
7175
2435
246
3527
5322
2415
3447
4856
247
5583
1851
685
4436
4839
5480
6534
1407
1130
4615
2770
2343
1498
4702
1688
6413
7923
7276
6658
1468
4249
3940
8156
7703
6511
2030
8702
5442
6457
8986
5990
3477
1700
2391
3034
1420
1221
8835
6109
657
911
275
3343
1982
9849
8101
1354
2798
8319
3748
2138
740
6583
4381
572
3998
2471
8463
3483
8410
4198
8856
5095
538
1392
7438
7687
3397
4142
6314
1008
6382
1781
7916
9462
7129
1405
5019
9362
5146
7221
4875
8037
9440
7317
2149
1101
2723
661
9473
1813
6122
1532
791
9921
832
811
6279
8363
167
6859
1877
9240
2749
3268
5449
46
9215
9439
3830
9401
9515
6351
2617
9436
3914
2395
996
7302
7246
8719
6492
357
5704
3573
7648
8399
7070
5549
8011
7038
1227
9076
7372
8988
1703
2196
9524
7808
5528
904
9103
5335
8041
5795
2134
7974
4042
5282
5332
9679
5320
8191
6920
5107
1214
7415
1867
7559
8044
2958
4930
9482
3000
4177
9766
7541
8499
3757
8291
6483
8589
7503
9453
5667
7866
1243
2858
8012
8327
352
4683
609
5240
7915
9660
7542
5332
1068
6543
7378
7555
8758
3604
4180
1606
3067
5613
5130
8937
439
1407
832
2309
1851
4154
6310
4984
2910
1260
3238
4969
1199
8163
2644
310
9565
9586
167
5968
4522
7126
6935
8250
1502
9337
4486
4558
4792
2119
1092
2129
8634
7263
1102
5832
1318
4828
7816
8698
7683
8709
2827
6328
3397
8306
7439
2683
412
8608
2045
7964
2523
1414
8254
554
7036
633
936
4599
5922
1613
7707
500
6495
221
4102
9694
9719
8220
2608
553
4212
6381
9748
4461
8972
1697
9595
5054
560
9071
4960
7552
726
2328
2465
969
7881
3035
3394
3097
3935
3238
9126
9785
3308
1679
7664
8592
7318
6194
8822
6476
9512
1420
5224
1119
6394
8343
8352
3431
2945
358
7258
3426
1235
3444
869
3777
5550
3592
9979
6653
1065
9564
1374
728
8427
6238
7875
9686
6362
8502
931
7403
663
5241
4272
9446
3353
7838
2053
1598
6103
591
8305
1212
3674
5154
2181
6570
5457
9784
7067
490
5991
2741
6186
2922
4034
7234
1848
7062
2781
1712
6351
4815
8649
2462
163
5050
9520
4892
4754
2188
8634
3856
2957
3461
8579
5737
6983
3018
316
6131
363
5064
1072
43
4403
6502
683
5043
486
1738
7254
279
1601
1806
678
9201
2730
468
1014
4874
9616
2840
7506
5747
5399
4118
8470
1363
499
7339
1205
5889
5523
4992
6190
6628
1504
7684
6220
6008
5718
6121
4142
2085
6146
946
6166
5851
1756
6860
405
9968
9975
43
4215
3358
2535
2357
2315
5014
898
8757
9270
8281
298
9049
9368
9
8682
4925
6863
2443
4959
619
7019
6288
8553
9187
754
6004
1890
6152
9476
246
1038
8059
6929
2521
7828
1516
1066
3099
8220
878
8486
6804
2393
8475
6150
2817
7929
8296
6123
8162
2186
4265
8678
2704
335
8488
6752
7524
4964
6130
9227
899
5422
4466
2809
5038
2999
9091
6587
1610
4376
9552
8429
922
6071
5902
5760
38
2484
8413
1416
4022
9630
5786
8359
9039
2108
1353
1001
7010
4905
9809
9874
2241
5919
7384
2917
9747
791
5041
8263
4426
4223
6706
1507
4371
9389
9195
6638
4542
9156
900
9150
8543
548
839
55
2580
4663
9134
1478
9799
1129
1598
849
4166
4424
3780
1150
8690
4973
3486
9156
2245
7256
349
2959
6855
5891
2073
6440
4322
464
2998
2404
52
9220
4774
8668
5734
6200
8192
3453
2731
4078
2831
5264
2763
3009
2862
5933
8177
3104
8242
8779
1953
4844
728
859
6813
2912
6257
9271
6954
8033
2490
1556
79
3717
4337
8319
1566
6793
6502
5032
5846
5213
78
984
5400
8387
5454
6824
7720
1001
1750
1397
23
5763
9707
1647
4191
8812
7625
8449
3438
894
9401
2582
4422
7600
1504
7881
9956
3919
1512
5453
8992
9793
5763
6783
2868
4678
7388
8985
3873
5503
7217
2184
2511
8964
6926
6289
435
208
3451
9279
8821
5488
906
8752
4850
988
6873
9905
8672
2469
7823
8486
5216
1328
309
8958
8313
641
577
2103
9155
1708
6475
1070
6128
2503
5338
6890
5730
276
3471
746
1577
5662
3653
7243
4635
2258
3510
3390
601
1968
6738
9034
6304
1586
2764
1950
7229
6909
7477
9769
7589
1269
5517
4430
2708
4613
1206
5618
6228
4911
7116
1048
2528
9905
5906
6991
8553
810
1407
2090
3753
3819
3945
6528
1078
1664
1872
485
5769
9825
3854
105
9168
6868
8333
2320
3665
934
8571
241
2352
6570
5210
7602
4851
5809
3706
837
4579
7067
250
668
1254
5132
140
1538
8795
5378
8842
7437
6901
4838
6022
6830
8156
3905
4774
2315
1072
1745
7551
5824
495
1501
1041
9809
6841
9445
868
1683
7731
9709

