1000

4687
824
2545
9675
976
3910
7763
2353
2036
3929
2382
7987
3957
5970
8960
5653
6711
2134
1083
4081
8186
2273
7784
173
4209
8653
3259
1354
9012
5876
521
6222
3956
4339
1943
1189
9597
3039
8564
2035
5072
4636
6010
1933
8626
3308
5233
7784
9423
6805
5765
722
7427
3238
5833
928
42
5066
3643
8951
4806
830
7130
3952
4514
1552
758
2917
3429
4057
5606
3441
4984
4109
4096
6856
2843
719
661
3249
9733
970
186
3469
2987
6862
2750
5155
4147
5688
1561
1322
3706
2053
322
6827
4946
1064
7540
8469
3679
4298
610
675
7652
3969
8888
8668
8138
9045
4756
8937
705
1934
9556
428
7674
7378
9570
718
9428
2766
5069
3561
5221
5362
8074
9112
8956
7186
1387
8749
293
2122
6687
7057
3004
6019
8715
7809
7541
9075
3958
8182
7755
2713
6859
837
1336
41
1482
1929
1141
2117
2768
2526
8674
7597
5289
5984
904
6103
1939
7491
1949
1379
3877
5124
7160
6697
2447
5855
5589
932
4404
6306
3115
2658
1157
8466
1484
5596
8912
9549
7965
5268
3801
3440
1047
6621
6567
7370
4734
5871
2147
6800
8832
8010
4684
3858
287
7083
5038
1678
8322
221
9156
5076
2441
4066
9292
5450
8208
1347
907
3552
5398
1155
3392
7126
9134
1322
669
9645
9509
4721
5507
8844
7093
7914
237
4228
5978
5666
9216
2518
2212
1881
5441
2707
972
1105
4183
6756
2026
85
6211
364
1286
2284
7310
1706
2925
1614
8818
5635
2182
8294
1595
8623
9926
3544
9663
6419
177
5574
1020
2912
3538
3566
176
9401
4605
5350
6527
186
7731
3930
3265
8391
9670
2405
9098
3667
6685
1198
3630
147
9289
4101
532
9506
3721
8383
714
1526
5644
4574
9802
1298
4550
6724
9979
9037
8820
5785
331
6371
8851
7723
4668
2491
5869
1606
3916
2329
646
6501
7417
1669
5254
9831
213
9387
6376
4165
839
5396
4098
610
2690
5109
6230
3828
89
247
1449
3267
8451
1543
7649
7328
5484
6735
1397
152
9164
9844
6543
3273
9420
673
2389
2275
4614
7300
4521
6418
1645
3095
8541
6268
8429
8450
1067
8374
979
8111
3748
8828
8752
1998
7895
7936
2170
4410
1812
179
1091
1196
7617
8290
5806
4079
9822
3938
1024
5107
9060
8927
2740
6134
5395
6002
770
2720
7516
2113
7280
1389
3788
5371
9640
2400
9323
7460
8108
5254
8867
1230
3720
4201
3077
1049
9672
791
7336
3660
42
4738
4099
9268
6820
2472
669
4444
1241
9382
8307
590
552
825
4762
8745
8373
4709
5942
4836
6381
5450
8362
257
9924
2275
6401
7606
3809
6161
7068
3224
7276
952
5244
3272
1814
9287
8259
867
8522
3806
2134
3140
2051
9147
518
1133
9983
2022
496
8327
2530
8702
6753
4390
4814
8899
1501
7808
7937
1989
9042
6287
7183
6876
2377
564
5345
5738
4413
1951
5230
3119
1967
4588
9962
9995
7256
4896
5581
9193
1696
6149
5189
4090
2847
4322
5118
5919
4867
4223
400
6523
2866
6680
4762
5704
1344
9023
894
7433
3266
6247
1133
5584
6740
3550
3860
8994
7992
5338
1287
7751
2528
5847
6525
982
3342
2000
5340
5248
3417
1517
311
5532
6035
7339
5557
6227
6730
7554
2708
6428
1307
2483
1005
2299
6893
6897
8554
3750
1933
1330
4837
6521
1942
3221
4563
9658
7284
166
529
1631
8345
4303
5405
5694
8399
1378
8424
4533
4622
8853
3659
3996
144
4028
2936
1655
8836
8061
7474
8320
7873
4688
6208
4389
395
2326
7021
2382
6074
44
1812
8178
6809
3760
3114
5674
460
2083
5532
7846
9846
1103
6315
623
969
8890
8325
3180
479
3196
2054
7673
9722
4638
6991
8613
9847
8243
1317
7866
9000
9195
861
2531
7473
2086
5031
7817
9539
9078
9592
3454
5960
1816
173
8782
1166
2485
6349
6466
6776
5011
9582
7063
977
2273
6554
9279
8226
5379
1795
4039
469
891
9893
6232
7739
9737
2443
6449
844
4932
6629
4245
797
1225
1656
1857
4935
7636
5030
1170
341
13
2576
2660
1325
8868
2042
9309
7731
8095
6958
811
7243
4739
4435
5355
9278
962
6334
5116
238
6853
5978
403
5389
3354
4116
5217
1595
6271
170
8082
831
7424
486
2615
1736
2028
2214
1686
3764
7311
2238
9007
3968
3292
6095
4339
9729
8265
1849
6577
4867
6688
1983
481
7808
8786
602
6212
2819
6031
3649
5291
9405
3028
1383
1527
9368
612
838
529
8763
2202
8299
4204
4877
973
1489
456
2701
7941
8291
7271
833
926
3372
1397
9325
8058
8321
5876
3703
3660
2354
3717
7657
3634
1340
446
966
4274
4994
4488
1137
1273
1662
5656
2090
6847
6082
1041
8842
7311
196
5624
8289
8998
1114
9064
2718
1034
1409
4455
3391
6077
2021
5417
4217
1537
5052
2403
5626
1150
5075
3346
5261
211
4078
7373
5615
2922
346
4568
2000
1950
725
9275
8043
9441
2256
8835
9497
3065
3699
4183
7218
9306
8930
6973
9222
1131
2447
9646
332
5714
7552
6951
2553
4032
1459
7042
2275
3077
6367
4036
3062
5691
5500
9544
3255
5430
1622
7820
8215
8831
5950
971
1802
2317
9906
3339
3240
1221
2078
8103
9956
2611
3906
5215
7627
1546
6645
1566
2320
3064
8475
813
3350
4462
9844
2503
2204
318
8421
4269
5088
5733
5850
9946
9949
8716
5084
9529
9415
1017
495
8454
6185
1131
1696
9186
2141
1511
9405
4299
2812
8812
9845
9099
3990
1374
4930
7904
1060
4865
8564
3724
6139
4963
2480
8222
4052
3983
7912
8929
8555
1375
7341
2291
8596
738
9026
4440
8181
7551
9203
576
1472
3657
4197
5927
6543
1635
2704
7483
2805
1702
9579
99
594
5968
2919
9358
1623
6543
2382
4986
8507
783
253
8726
7421
2768
7312
458
4876
3243
9661
4949
8371
5574
8564
3927
9608
3174
6501
6656
1080
869
6771
137
4715
7525
5639
3362

