10000

24700
31050
8465
17624
29467
6848
20213
10644
2546
22104
11791
8163
4208
6619
9425
9469
15678
30298
8406
19876
31080
31429
22308
5463
17085
7353
22958
11721
3448
9112
9757
25233
26912
18911
4559
25891
27820
2228
14112
5375
11755
16831
18409
6184
18467
15163
26951
22488
13817
8781
31902
13682
656
1940
31197
3000
5621
2561
16131
20542
8379
9193
30946
26910
27362
20056
2338
2798
2558
28329
3466
13039
17044
16979
27771
4487
6344
15622
2749
30962
21557
3319
3711
9268
31517
14712
21400
27218
2242
4043
29971
12737
25363
21048
4075
14367
21387
23901
8979
545
1879
14278
12473
1997
23223
16317
1228
28905
29606
27491
17596
30131
28605
20224
11393
14290
10581
23960
7390
10125
22508
6079
24295
18747
4042
7341
16577
28410
25827
20885
28585
15012
13568
4915
13111
31743
23834
9637
28132
16180
24070
22139
1739
8067
13400
1297
8364
12852
26497
1309
16950
7633
5178
3972
21382
12690
30246
13682
5355
4377
13490
2473
29420
18527
30529
29721
23436
23535
1158
25521
30924
10578
28976
21110
29810
11210
8653
20434
10505
31043
9192
1326
25641
2950
8821
26819
7672
10672
31088
4780
18929
1506
11456
26688
9444
25403
18017
4512
9278
22531
24514
28044
27275
41
23148
30587
25913
13296
3045
21482
30623
5861
24788
30452
22334
4884
15205
6435
32070
5243
4335
28294
20828
6335
2773
21507
29082
26398
11946
26351
15319
1189
20888
15068
31785
14499
23298
8626
25769
13661
6760
14850
12918
14595
13451
14230
9213
15075
27602
6733
9335
30941
18413
18214
20658
30999
24760
14234
14613
21490
20578
13103
1247
23100
4302
18250
23215
27559
18489
28996
12873
4473
18718
11969
29591
12678
18774
26685
1774
27995
5252
27112
14995
445
15792
24244
8574
14930
5170
428
20317
19869
24530
31111
5596
13616
10285
4733
10020
22044
2907
19033
16801
3501
26574
25296
18697
30292
23933
28177
28826
30949
27202
2461
23203
32258
9601
15193
20805
21463
24331
9441
31867
7177
9538
288
14680
21992
30333
8222
30352
22764
8622
21784
14906
21343
6722
2774
13524
8535
17224
29241
1416
4071
30166
32532
5037
24726
18088
10044
8593
8464
20235
6115
31862
11036
31993
21793
28122
24782
11910
30676
20988
30974
7291
32170
30619
28665
22592
24444
11521
28789
24831
25054
7744
18635
5126
21492
26812
16480
31853
12423
2025
24932
17913
21847
32598
2752
22337
17587
26091
24137
22287
9544
13935
24378
8457
29751
2380
21729
28049
7530
7063
17816
12521
28199
18251
7671
30107
5605
20693
22600
13848
10591
11734
14395
31135
23528
10532
28380
14432
25342
2066
15041
19170
14369
5361
22664
26786
11494
13014
22401
31229
1351
24222
9895
16719
3133
16688
28117
8029
22161
14082
1846
30448
10222
28895
11518
29635
11836
4583
12119
14495
1833
28375
18078
14533
17416
21130
21968
16524
24543
27584
12607
29003
23483
18463
15754
13433
30023
119
31435
27155
11165
31306
20498
22078
1628
25228
11027
4654
21243
17831
18459
1094
19549
26818
13897
9089
24741
18499
27642
2576
2379
24466
32645
6981
26992
7712
22569
16559
9838
11689
27459
647
11956
28086
22980
32586
25297
18533
483
1704
21710
17516
22799
23453
4545
30812
8744
25054
10655
17187
21486
14966
26962
28117
17338
5041
31499
6828
26732
12345
24794
9549
18852
27007
32124
22604
28469
12636
8052
7155
25814
22265
16989
575
9755
4844
31358
21548
1700
7843
16031
1074
27285
23302
1051
10768
25413
19032
24887
27592
1083
24926
10674
30699
1110
29636
14749
29974
32587
16316
25197
2749
27477
23784
11855
26407
5927
4730
28091
26298
17446
22682
17228
16505
12501
2312
8655
23499
10128
770
28826
13182
25982
18024
18975
27147
28097
18974
2240
29468
7407
4530
5605
30283
4294
17982
12108
20269
14363
22160
5793
20111
7956
25225
24399
8447
19351
30147
20117
32399
15874
21878
476
2005
27165
26013
20296
29750
15437
26964
5261
30053
32522
8837
26628
29734
13458
5315
24574
2648
14559
28534
25688
24114
16343
25401
15951
17101
964
26240
23190
16866
14339
11646
29094
29398
5120
22854
2646
17139
2658
8752
2731
4857
130
382
19185
19925
6690
7743
24330
23728
27996
372
2567
7211
13016
21874
4085
14057
17986
13447
23033
2383
2811
19168
8352
29319
2319
20394
4208
14027
22120
6520
7363
22240
8257
20965
29909
224
26845
3194
20251
32317
19832
17618
32470
17155
26750
2043
2025
605
9211
19744
9447
27739
4178
16741
29553
30962
4915
2835
15039
25669
711
18421
124
16418
301
19202
24535
16080
11306
23867
22231
6920
29980
1495
32238
16705
13616
7582
24018
7729
20949
12691
22408
13968
1393
30933
21185
27679
8274
25031
9834
5097
21991
31343
28543
16840
27184
14364
18976
27948
21363
25164
8422
21272
9265
9420
1655
14701
20824
3361
19800
30571
10426
30503
20995
26485
3006
11512
11066
9748
16981
15887
13466
16959
31280
20910
10099
17114
17969
30844
13783
9596
12831
16755
23537
14965
16029
5625
23448
528
22877
8525
5668
28437
9617
18213
14465
12946
10402
28054
28034
29915
12069
7731
2679
8144
32267
17017
27137
7774
9239
32619
26917
13641
32662
29817
15008
22824
19530
24998
1146
9649
19879
30954
31710
23094
26946
24277
29481
32624
17798
7798
3649
6780
16552
5243
4392
4387
21470
5529
31953
9054
14028
21551
28210
7705
22335
18726
29594
11064
31006
9243
19525
25304
4766
1728
17966
471
14516
3967
11812
27030
12240
30561
1568
19709
29896
18223
30166
11968
21010
26583
10634
5345
21815
4624
4901
5495
14468
24897
16776
8365
5379
3487
16928
11277
28842
4502
16570
8959
31953
15979
22937
16524
6378
1055
20934
13928
28012
28822
10664
17712
13072
10745
15828
10736
31296
26712
27174
1256
1740
12948
25361
7568
5088
25212
14643
10201
5171
13366
15149
28342
17024
25825
10673
2011
5690
9336
29149
29892
28796
24313
25031
21754
5439
8391
2905
3474
17615
6733
18783
2550
2432
1765
6878
31208
3484
31480
18599
12483
3489
23910
2349
2564
15017
4136
5780
30474
8490
3124
27402
6682
26591
29856
5978
4774
31494
25867
26558
24271
30668
32569
19189
30248
27654
31741
12182
445
15905
17244
19364
21844
20828
20463
610
3570
14900
24969
23657
31137
5920
17178
17911
11377
24959
10195
1930
26301
19151
25483
11438
12463
31263
610
19731
20230
15815
932
27618
29975
1366
15344
24913
22546
14284
8857
630
1927
14858
3660
31576
12073
14726
9459
3916
9681
3907
730
13183
28102
20225
23824
14287
2619
22193
8977
29151
19993
29227
25505
7786
2047
26403
30971
27863
12167
32089
16427
26894
30668
22289
24505
14219
27433
11715
24967
22448
29763
18195
9212
24672
30793
13827
26210
27337
26234
15464
29837
8065
24808
24731
13758
6613
25212
2928
8903
5470
1595
17004
26479
6613
21447
21042
13079
6439
13609
32063
31902
13260
31181
727
15747
5973
2766
4671
26697
11077
13429
32301
7712
34
10492
17533
26561
13516
8343
15909
30106
17933
15029
2923
11051
31856
1154
4182
31152
27735
18609
5474
19968
15432
3194
24695
5557
9608
24030
23068
8077
25323
22322
4841
23312
490
31707
15674
15219
18934
21079
28459
16829
11788
24445
16576
29224
31882
26373
6755
14538
16705
5450
18324
372
3531
30287
8668
1755
7198
24064
26626
7413
32610
9659
5506
31398
22272
25359
20027
18076
14332
31684
12904
27512
16516
15131
11985
30510
2505
19542
7491
2478
27661
15995
18749
5828
18685
30038
11500
32572
20546
11197
31321
17739
29267
27416
17634
24618
30093
7200
24295
29444
24965
5350
16325
27410
13469
18455
1544
18693
6101
31103
27100
6564
1252
7117
13253
25014
4744
15254
2960
290
23322
7068
13194
20821
12645
26191
1007
740
6072
6292
15013
32370
11578
2502
29482
19669
1406
13562
23244
19060
7767
10120
29976
10739
26606
14535
1172
2579
4881
28439
27569
8915
6606
13861
6651
19932
13889
19050
22931
28187
15274
32245
4319
31408
1474
14955
19584
12551
29264
25676
9604
12868
6391
887
22493
4069
13650
21745
7442
2978
30531
10722
7989
3736
11655
14304
6165
7079
32398
15984
28852
16665
9098
9674
29948
19844
22983
31453
28589
19441
32314
27795
17050
2877
1884
11862
20245
13504
20793
25555
17064
13869
28611
31230
7174
697
31597
4438
31808
28544
3061
23914
6204
12068
21889
7580
24164
12471
7150
4901
9371
26075
28773
6233
29301
13351
27951
15660
15271
5581
25546
3318
7868
11642
12604
24947
31754
20862
11431
26382
30949
21037
25630
13919
17170
32645
7095
9970
10366
12817
17121
16202
22320
23308
21496
26149
22909
24522
21015
14594
8827
17492
22830
11233
16056
26963
29780
22090
32043
24879
11870
4496
9322
8311
4272
19543
2078
3460
1107
14164
4788
13145
18760
12116
5974
7118
30748
2176
26
5358
16829
7903
11385
26013
24972
20508
5122
13694
30131
17034
335
11283
12729
7525
31033
2854
8020
5723
8776
18536
24958
30794
16493
27225
11722
1868
6388
11367
28665
26097
21172
11866
19400
24523
9865
13039
28941
15664
29700
12739
30210
1083
3680
16499
11233
19220
21944
5890
8625
32625
28792
13179
18783
18269
14610
24791
29456
24377
13298
9504
4790
6400
8627
23255
993
24783
403
31124
16345
27300
6180
20972
14825
28005
20037
16535
22013
3877
31825
7378
11632
26276
30102
26115
5663
13844
26633
29852
8130
17187
25655
12865
31612
28725
8575
7469
432
31473
21119
6866
18967
1024
7628
23999
2575
17425
3814
25287
11574
4641
4971
18784
23608
7929
22666
2889
26085
2552
7355
22384
16007
13074
18861
5138
2418
28185
27264
19492
24796
31547
21045
3058
20463
26829
1635
28934
13085
16967
16939
29003
29364
12431
9581
7538
19378
28538
25660
25237
6874
15504
2704
3866
24071
8975
10299
7899
24513
18739
31007
4739
16654
8885
23965
22075
21898
11409
14161
31623
1466
5645
32252
19050
11166
31479
8385
28113
7557
4910
1941
16175
23333
31588
18673
30052
4331
31521
26569
15075
26000
27659
11714
28436
17901
9830
30112
5879
8976
5847
31229
16651
22159
24941
31809
24686
8476
13793
22478
25413
30554
14621
21883
2142
4336
10236
21316
14356
28123
5969
5184
25715
17928
29994
19667
13469
5922
12118
16164
32620
17577
8996
31697
22873
32324
14958
6882
14749
24664
22998
252
31382
729
1104
1239
14699
27232
22497
2290
22771
3966
18342
23942
11219
28753
14103
32440
2535
24660
23181
786
21732
2683
258
20020
12347
22912
11032
23495
28736
14967
4957
14003
1163
28073
3022
28818
24990
22943
21658
11620
11721
5245
20520
6020
13643
6034
14426
20443
27066
20780
14612
11859
28837
2225
5112
26254
1399
18667
12660
25817
12958
17572
17151
30555
9709
26995
23199
6034
9279
5333
7087
26625
24670
8063
26847
14882
14627
13043
13180
12450
8926
7506
20466
20941
16375
6001
29583
7752
27862
12590
16265
32766
17153
22533
32067
9564
22404
11230
28620
7361
14486
5673
24232
17456
28281
22317
15828
24905
930
32157
5892
30071
22554
31853
6191
8810
17444
21219
27469
13000
20000
31473
15200
6943
30639
4546
2737
1823
26136
28307
15964
18182
27115
7108
782
12635
10724
26159
28430
19679
29969
30392
1402
22209
55
10789
32468
30993
4723
6961
31421
17783
25885
4827
32511
18469
15089
21252
26577
18186
29297
28473
11607
328
6021
10190
8809
745
14437
31532
4245
24781
440
24939
21863
28903
26110
26148
25831
21162
21547
5248
21860
23485
16788
27029
22640
15606
2831
16627
17708
29574
29014
28537
6086
23153
13485
110
2623
28738
5061
18637
10866
9468
12767
17631
4434
17491
10292
29711
8051
20508
18069
9979
25292
24323
18255
29639
2491
21372
31313
17590
1865
32508
11153
13563
19632
1384
18603
12236
15386
5326
2507
1465
14508
17747
8654
27708
30659
13676
14756
7057
30589
13905
15097
32455
15996
7343
11796
10776
18662
2461
12031
2934
18096
16338
15848
2406
3869
22805
28359
1041
28033
28660
15425
27800
11083
4537
460
26281
31554
3226
24853
10320
10767
28208
5791
3087
14332
17963
428
2352
16379
323
25440
1626
20458
28786
6436
14947
5653
20576
22089
3941
2045
25887
8429
15380
26200
32280
5667
1870
16984
30277
14670
27124
26672
1185
21198
761
21205
28893
8671
4536
3329
85
26045
27275
9086
12098
525
6553
3233
2609
17016
10223
10517
15284
409
14035
16857
8791
14105
25940
10124
725
12568
13350
22249
10892
31951
23469
18062
5679
17012
18520
16897
28859
6238
12592
30196
32428
4458
31921
4552
18800
2717
26584
8785
7964
31755
9085
2521
14942
20727
23523
14695
9906
2875
24206
3905
13529
13803
21076
32431
5000
27445
13751
25858
24669
29067
6002
12245
17686
13317
15698
14483
29957
6656
11591
31033
7871
524
19643
32349
9749
25605
2594
14960
14917
24191
17619
7744
7281
13159
26390
6848
10831
30696
26238
28684
291
31628
7801
28072
19690
10916
14629
2056
6104
28649
6757
26454
11781
22883
309
21359
26980
1162
21306
8495
31220
5548
18077
1262
32314
16014
24090
28234
32750
6230
27476
20775
10485
21672
2924
32757
17551
2576
20945
31538
24786
8096
5466
23087
9303
7130
5010
12566
11315
23248
24147
6188
1576
28553
18326
14420
6941
13479
16265
213
7628
20551
22754
27228
20923
12073
26483
27461
15981
15121
27903
278
8921
20588
18509
29516
15643
14135
23162
13147
14954
8989
5779
32240
25418
32479
12132
8569
22530
1785
22410
3559
29009
30595
18384
4530
6493
20821
32696
26654
12524
31342
29783
31934
21718
15767
8550
2102
6075
27971
12439
27204
1009
11706
11045
25858
31168
10870
27055
7525
15826
15053
13894
1290
19429
14801
21701
4402
16835
5493
25952
25355
30324
22769
21888
17713
4530
13927
21199
8820
14237
21446
29838
23004
7344
24303
3887
5098
5620
11542
26144
32033
31091
26987
12261
2501
25328
5882
8297
9955
12501
27088
28054
31889
19821
15200
547
9591
6227
7717
21165
32654
1067
21640
2314
31272
15503
12035
31194
1329
26700
5511
6238
1460
23503
16411
23694
29600
20442
25287
20325
1229
28796
20656
12672
2362
22591
23172
28647
23705
19363
27672
23339
4365
18635
11600
21681
14130
16247
10816
26189
26462
1330
18064
30738
28710
22989
37
6249
20004
4107
17661
2657
20728
11934
24667
3654
4493
7506
17189
6261
7582
12937
11146
27246
31864
13543
28647
16939
28929
9550
28908
5041
7417
25869
30459
228
27008
3156
32464
927
22744
1260
14695
32260
9581
15652
17178
9489
21010
1807
22027
31092
3982
30700
31681
17057
6999
23526
534
16417
31645
4606
14160
1325
15498
25669
12686
12923
4809
12366
9574
600
1861
29667
4044
23287
4147
4599
14133
23305
15186
25564
18429
5261
19825
27318
4102
27114
31539
13616
7587
16699
7951
19821
17844
490
4250
17218
21778
4224
265
9890
28973
15547
241
1625
27635
21986
4946
18173
3828
22869
29140
26146
8644
28520
26192
32206
12193
10865
23954
7213
20566
15392
5982
17285
30815
5391
6064
9835
5198
8858
15688
29752
29550
7921
8550
18871
17829
10091
9427
6688
12447
3358
20000
9290
16424
5036
23858
18460
13786
4703
14335
20549
31737
11129
5266
1068
16283
3525
1109
5674
30220
29810
17551
16888
20848
22817
30764
12131
26794
3133
11965
27975
5757
10123
23743
6330
21489
3842
10528
1160
4601
29660
13311
29920
22098
3565
15028
17228
8110
32564
15632
32486
21778
5552
2021
23754
17533
24436
18633
3271
29898
17662
3864
18010
20183
7621
24120
8668
25063
29457
13601
4602
18245
25871
12060
4454
26923
26149
8650
22732
12513
16515
23657
12552
24617
6651
27731
13718
6619
27154
2759
6985
24013
5719
6124
20288
31733
10483
18195
535
17106
21890
24637
29530
27911
16417
15069
4415
4682
15048
21983
16532
8060
27867
12520
24822
6681
6395
19168
24900
13011
29986
27054
30803
27514
18671
3906
21987
21535
17982
16345
24530
9081
20476
32124
20368
11912
9018
7370
17363
887
5759
22264
6796
11207
25443
15638
10009
22954
11865
28820
6332
1197
16589
17668
9548
14746
10607
12065
19498
8605
14030
9489
17783
1189
40
21479
29060
19213
28800
20076
23690
17020
2034
6431
10908
10762
18244
14202
32729
18852
31165
7799
14566
6321
20794
12371
1948
14325
2174
9618
18429
17078
32714
1859
8557
15134
1965
7813
18463
5601
19998
32074
29389
10528
8648
1115
22700
652
32677
2717
19359
26830
7886
2450
17066
3111
28306
29474
26794
10835
15045
5276
836
10676
27226
11000
17948
28588
3125
3167
26183
30283
9786
2797
514
25898
31402
29877
12452
12694
14255
21765
20177
2545
17717
23276
23281
4182
9468
2298
30176
10364
6379
4679
23527
23773
936
2230
27116
7959
14181
16507
741
26514
9981
3291
27027
30819
11583
14899
25196
18288
24201
26940
12761
21461
6298
12173
19105
27271
17569
8546
16549
7735
32665
10395
21455
30330
7385
19720
10053
6694
14055
20963
30946
30975
17038
19614
27878
14483
22576
6368
16876
26722
10077
19914
285
16706
18595
6270
32420
29698
25000
8162
15969
19278
20343
21921
4322
9426
19224
22643
31887
1443
15459
19359
18212
19930
12053
18366
13157
20354
7716
18625
18189
19636
2384
15669
11527
8448
2299
6854
2016
6671
21562
7170
18557
17287
27948
2912
23817
10799
26507
16257
19506
23124
32128
11445
4245
7531
26300
12225
18550
15095
9668
30176
3509
16557
16268
9735
2557
5590
4424
12141
6975
24054
14463
24907
7263
28331
16737
12256
9773
23767
3930
19129
23702
25857
13287
26671
7196
13049
10153
27185
7043
19643
6584
16452
21965
9366
18745
10951
20585
5774
7475
17276
4520
21758
28318
28484
23408
2178
14525
7466
32308
10003
9134
30371
22563
18036
7488
25876
21664
28110
29700
4245
32755
10903
10407
15349
830
27831
27006
8702
7346
28142
27747
14330
26626
10352
6848
31094
2840
8403
17385
8517
6920
1835
18863
29640
19778
29556
31538
32365
18699
16688
4598
28790
11566
20048
1337
28924
7662
8536
10116
5683
28480
15039
17025
25071
16183
5524
9484
26471
5312
7016
22412
32313
22159
3943
27268
9903
11865
13512
4965
833
11332
13416
2983
2907
16028
1457
26135
23392
20935
24257
20083
17902
11387
28616
26420
2660
23598
28082
14763
21665
17870
12295
27727
27151
11955
26127
13142
10209
20946
10041
12162
13976
21811
25277
12094
5836
13221
29313
1513
27433
28336
21818
28018
9144
7371
21459
9765
28255
10191
5650
18628
4268
20396
27257
32474
3790
17754
17770
5452
17380
29203
15247
7473
20347
16064
31609
3811
31825
28593
2695
9046
1119
26768
18698
22441
22039
27800
422
20219
16107
12034
2044
1664
7950
18368
10885
4052
2686
24686
31681
17807
31554
11654
13970
11801
30960
2003
16866
192
22899
14888
6028
263
32523
22353
4730
9281
14229
11338
26635
13663
8461
8879
20663
27399
14161
10100
9205
9190
28456
27094
27484
15686
642
1681
12553
14307
20994
29524
3394
7930
32697
15986
14168
26020
10037
30426
7634
11874
22202
20553
18887
12537
11727
22462
4492
12928
17660
19503
24208
17335
17107
28538
2691
14746
16941
25502
6078
5174
28086
26667
18655
18364
29868
3063
23475
7124
15587
10003
27482
5427
30221
12541
15781
7536
29240
18199
32707
23827
26520
30552
13853
31728
32647
9026
25470
15283
22218
3860
11127
8379
21270
28992
29698
7468
29138
5663
19045
29247
29727
27620
3929
15325
3094
2767
11884
23149
28496
3491
25764
12010
29356
20057
23141
23864
4940
23318
5268
2232
4321
14171
253
16154
32041
15739
8690
1394
25782
13395
7477
15246
29936
27957
12825
18823
17245
32293
23267
19351
6688
27720
7542
12330
28096
23193
20272
31800
24619
4318
20495
10705
29947
28379
280
21754
23287
8133
31225
10935
28381
8697
16877
20073
23391
30446
4064
10586
31339
3944
21972
22679
23471
18415
7043
11518
5213
2432
27717
29079
15403
25218
23605
27688
15263
11259
26767
19459
20361
3844
14173
31523
26065
32379
31315
1399
14194
30967
30967
2686
17351
9985
1541
27924
4358
10625
25617
13708
22026
11382
23918
23038
29013
4586
4943
24802
20821
18726
18476
4574
12774
9762
10599
10461
21273
19775
23600
16225
3379
1848
20902
24602
26105
4438
9790
30903
2859
15844
4201
7676
22095
30947
8817
22037
15791
1279
25508
23850
22181
1217
1205
6195
19734
9221
13151
10766
29757
30127
20811
24270
21674
22938
4660
24919
23434
32465
17737
28456
3880
22018
19923
32375
27828
2095
3863
2691
21316
17831
20350
31270
8216
309
22259
21673
24610
27543
19597
14557
15045
17201
5998
19047
31198
19459
18155
2396
21249
985
17901
18446
22021
26305
23958
13093
9410
22466
19240
8177
22553
459
27939
5374
13877
17642
19374
16617
7697
958
56
21363
19514
25903
16479
27860
23767
24156
4113
5970
12006
6357
24305
32529
3272
2315
5372
23597
15872
18693
21100
17158
26168
2900
26332
20187
21892
14920
17326
23195
11755
5988
28074
15351
548
28432
12775
13500
20893
13454
8687
3680
1474
6703
6942
5082
21627
31175
23883
23991
11254
8542
29867
9323
2984
22568
31473
3301
28302
12216
29626
9062
10937
30064
18473
30866
27145
22588
9678
5320
8249
5760
17613
13743
8731
18510
22844
2577
16933
6621
13260
24557
5677
2614
21932
30919
19057
561
31658
30787
9690
22432
25756
8434
9090
4298
22270
21356
17779
31771
10716
927
1202
28697
21747
6246
636
18330
19475
26974
24271
28212
10695
20213
22572
4342
27960
30915
6300
18261
20303
32286
21489
18537
29466
23784
6990
90
30065
23212
2537
6677
8153
31721
12048
20803
17064
1454
22890
8315
31338
15719
10112
8118
25732
23287
379
9988
1815
24839
24623
2430
28711
20381
1369
31868
20477
25840
2341
32520
4809
24699
24820
21906
15756
31824
17243
28133
4661
4271
3439
16217
16138
5591
3392
31562
7498
30748
21923
8650
17169
29242
32565
20115
27771
25065
31388
21055
12
19121
22544
27580
12880
31488
10267
13818
3262
1914
22940
7654
23522
4240
14610
29852
18620
1620
29975
29144
8547
24203
19499
15022
5357
28932
18355
16508
26259
28201
10305
3100
23569
9172
26390
18782
27468
1124
28902
9909
27447
9231
32219
23856
19447
8314
10972
29868
6726
9862
14350
6217
21013
2669
4251
3866
17525
9743
32691
11553
5303
29062
14033
20602
4306
2560
2368
16086
26886
6862
221
30507
2751
23736
12318
19370
8892
8084
25939
22514
2672
4631
9004
10115
9385
15338
636
8309
28015
24064
24892
1642
16687
11560
723
10689
7961
6878
1429
5900
27334
8295
20873
23236
28958
16413
25711
11580
13433
12551
7937
6868
17412
26796
30586
31855
8807
30505
13653
21543
32676
27010
6743
25151
19010
9782
7375
1624
23468
30742
5917
16616
17364
15190
4209
26857
30747
24805
725
27086
26997
15354
17006
7611
17864
19952
27134
6133
26774
1107
28846
29592
16092
7483
19723
31368
8762
9688
18766
14505
28499
18255
27872
20307
23415
21956
7965
7424
19840
21944
26457
3400
15865
27542
28192
9488
25222
27016
9154
7934
10367
28559
12303
11312
17119
20947
3936
11565
20317
14648
215
30491
22232
12849
10727
31027
11512
7641
4886
22131
29459
14656
25089
18322
16973
12034
29857
22841
16644
26399
16846
23152
10091
2310
8961
3927
30580
25587
27486
31766
27636
12667
28658
23574
25346
26214
25913
6514
18335
1468
13795
22696
16029
10786
14039
27797
6841
14695
23673
18080
23563
30299
21800
14133
16032
25824
11531
4725
7269
13379
24334
3371
9798
9164
30503
26114
14488
5523
10718
12022
20148
17302
1292
19209
23013
19209
7651
29751
32645
493
24622
23979
610
19172
25306
17971
23399
23364
26038
3826
17784
10090
23671
10837
16541
26961
11007
30536
20579
30051
30431
23721
31103
20878
12826
14588
17077
17051
17196
31329
15608
17339
28234
29380
22227
7267
25580
15444
32519
2138
6281
16950
23158
9745
18849
16762
4415
7986
21505
22094
30507
16251
16195
26993
4936
28109
8852
4587
19155
15232
18106
16124
13147
32250
10581
15954
20516
9856
17764
29310
16074
19531
17676
19881
5926
7391
149
25731
629
9880
28342
11645
19895
12678
27154
16440
31574
6779
28674
10557
6152
25697
15509
9710
22262
29649
26581
23741
14622
10466
26700
26011
17398
19263
7879
14003
2898
31869
20314
18777
4743
9387
11172
2877
18641
3370
21076
28645
9458
7615
26604
13914
9244
28646
11462
14113
12305
11369
13396
20076
12425
26418
8619
13970
19412
27997
3395
26301
6848
14738
30712
18914
21437
658
28501
25079
12607
6159
18194
11104
5988
449
3035
21674
15575
5302
4948
7803
23284
29418
19801
30665
10541
10519
14986
10827
10156
24270
11271
11053
32057
19655
12408
25608
27743
28022
21073
2065
9162
7134
2900
18833
28148
5290
4439
917
1025
3450
24647
11238
2023
22139
9581
8507
27089
14906
28656
10670
15558
4026
19099
13677
16005
12996
8929
14770
5812
22142
8478
14325
4410
26175
22048
17760
22506
26786
25062
9859
28513
6361
30631
21321
31537
10820
25367
30506
3391
27202
29413
16803
1129
13384
27784
6883
15980
27696
27963
4296
8453
29395
23622
4105
15959
18649
21120
15797
6285
21456
6930
1244
18624
31100
12669
11403
3355
1390
24799
2558
573
3288
26738
8978
3038
17568
18773
21753
12470
32179
8591
21297
28058
15260
14417
4791
17385
6485
8059
30072
1830
28765
3682
18952
11750
30218
22992
29590
10733
17185
11597
20000
2964
31140
27037
8931
29806
31979
19594
16662
7466
28662
17892
3799
29371
28162
7621
9830
3767
12634
20505
21393
3837
7280
16734
1391
4251
22828
12457
2129
20975
644
2794
7158
16396
3149
880
14846
29534
23889
5552
8353
24466
20385
21570
30113
15024
2861
10540
5501
24458
28305
27491
25320
12122
31282
28047
10873
13991
29066
27151
28324
6504
9920
28733
12265
2668
9340
14067
1355
20985
10745
30798
6404
10164
11612
15025
23927
25536
22596
11021
3686
19242
12962
27744
21093
31621
28619
124
4239
14801
4555
11786
20087
10402
22268
1998
10850
10622
9688
31021
17843
28038
27404
31724
13222
31064
7629
23354
16449
8245
24175
10225
9096
14943
25396
16921
29937
6853
10082
7086
29463
2018
4248
6306
29618
15331
32353
12326
4039
12296
30730
13094
24604
14156
27825
23570
24047
11336
14751
3044
15335
13909
27352
22623
19275
27121
27119
20372
16754
18532
3871
5291
29051
25251
18584
14816
20030
9076
19479
31692
18561
1235
1721
16870
23920
13460
16145
2121
26951
27723
7544
5816
4690
105
3748
10463
24599
27303
13437
27611
21202
21416
22827
29949
3873
24537
6260
5579
29185
17309
13125
12616
8441
25255
16782
30326
27285
32422
13907
9240
2838
14632
27137
14780
10600
27832
7934
14841
8276
8522
13443
25078
26615
8154
31662
31275
13171
26959
25299
9324
5860
5285
27412
19235
18838
22603
7217
5597
22645
17098
27297
1800
23748
26280
17377
9978
2834
32140
13580
24630
11882
18082
24492
28907
25547
9281
12495
5566
10711
15564
3678
20937
6351
8918
28331
30692
22207
18569
3657
22819
7158
16968
14368
15520
23481
7315
21440
1146
25913
18731
11766
9245
4290
26487
12189
19396
19764
27687
30391
27965
8631
27671
1469
32236
30635
3702
32051
6675
16606
27175
4990
27985
19970
21095
16122
1128
26974
22193
17992
27715
2499
31198
10981
16951
12738
25745
8705
6537
20252
5842
3982
23088
11898
23801
14231
31965
22366
3022
6611
18489
25690
18414
11130
29549
11136
23665
25431
20968
19225
25801
19487
27740
28314
19949
4353
11018
24531
29368
14462
30016
14442
22411
379
27168
18312
18746
5780
5794
32722
25382
2996
19677
411
16550
23010
130
5463
23980
19806
19625
10835
27301
6637
1744
11684
6048
2417
800
19806
6835
30908
28147
31750
30106
5798
24212
18505
16034
6493
1861
23789
28870
24061
9863
15625
1815
9825
7573
4209
26465
26936
20530
5237
24587
26715
12708
1227
15679
350
8961
4297
14667
27748
1705
12503
19527
23864
11540
28709
7928
15002
32462
32409
9461
24535
1983
7948
8712
7325
18352
17845
7895
26380
27659
31461
4292
29712
22242
22005
14609
10735
5939
9341
32584
8478
13931
4551
19162
10073
32552
25220
8198
30962
8515
6333
1020
9322
22286
5132
27715
19518
28634
523
15704
15107
25533
13069
7320
32181
21650
9996
6495
30797
8256
26339
29042
10385
26688
32189
29850
2864
12889
9934
19346
22286
1710
833
9763
733
12027
27761
5262
18669
31516
13915
4138
7493
11983
30292
30542
18930
31930
8695
113
9631
12976
6754
26768
6246
31536
30626
24785
25318
22574
10347
32613
23446
15126
14860
14258
5720
24079
23715
7602
10834
17021
30605
30870
2553
30921
25121
26800
8558
5476
5278
9359
12046
30473
25953
4460
2629
16963
9820
15045
19618
13872
14019
27975
4401
16004
23816
30961
15877
26320
32010
24183
3092
4869
32394
27620
16712
8500
30686
3204
20690
22679
28905
20481
21954
18901
21066
27852
7124
1154
21716
16830
10893
17893
1342
6912
1671
1279
12316
15912
7434
32712
18958
420
3547
11708
10296
29532
18265
15254
7410
21139
10437
29788
19648
24846
7906
15259
20356
20345
28350
31988
29170
18694
8911
13527
11077
25175
20033
30351
6960
28574
6799
4991
9240
1539
21329
18347
30080
11334
25685
3962
6853
32421
32240
2746
25099
18944
21398
4324
12151
25147
10409
23201
4255
14308
8079
25742
9278
28949
32519
28476
10797
2460
25021
16508
20366
15962
1052
2521
2890
18409
9315
6245
7871
10370
10491
12729
3762
4381
264
16951
10379
8665
29502
16530
26561
2463
20213
27281
20371
18690
13184
16143
3321
7274
25019
22855
29914
20850
19428
4430
12927
2958
22444
1505
14920
15345
1677
29537
21661
20654
30813
31772
21800
24349
31780
17870
21057
19840
9003
4200
28842
16358
2645
10767
6013
19536
19890
25704
8290
14867
23122
28435
22533
20605
4695
15221
25288
30907
30542
19899
22965
14074
20160
7963
13238
16077
29955
30045
20232
9935
21078
21403
12013
32649
9774
26693
16801
20886
7370
7271
17040
18180
25357
10287
3270
1022
11405
20650
29095
29352
24552
13006
26592
1611
23895
16317
9885
14770
4997
20040
253
19668
22177
26034
5570
1459
11697
9655
10062
30851
2602
28621
12235
6927
7614
13738
1449
10073
17014
4358
9293
4480
10496
2210
27911
5351
16714
9865
29765
7316
4432
17302
12039
2774
28210
11318
5267
9259
19337
623
2154
8544
5371
290
8314
11514
17933
1165
7061
20437
13369
31763
7202
4363
16193
10560
31507
19735
23490
20488
18199
2107
11276
15439
17424
16415
6961
16559
32455
186
11868
4725
18654
16501
100
9964
12551
18318
7073
30175
19316
9915
9727
17753
24207
273
4944
25263
18410
11555
20967
27840
11641
29038
9570
4988
20223
24565
9159
28835
3014
5416
2259
24015
28819
24074
21390
27573
25049
2451
25123
24232
13869
26963
32751
21599
21754
17753
6616
30455
11638
18259
3296
24891
6612
8439
17145
6180
700
29089
4636
15772
22264
12093
4501
24711
11120
5735
22945
3588
5976
26065
24890
2032
8360
26853
28210
17581
19660
5548
19327
7201
10653
16879
14806
17921
25233
13212
20091
3407
13870
4202
13399
23841
24517
28864
843
2725
18780
6612
8644
98
6636
8976
25743
11968
29645
2745
24815
26059
30574
32210
9453
31796
24137
22334
18928
26520
16918
6694
5517
10757
25663
27546
7328
14523
2453
20347
7324
16431
15937
11416
32543
26966
5629
23575
15306
1055
15492
18455
3151
15170
27206
23955
9931
13624
4449
21897
29271
18058
22221
6492
27097
6479
11222
18040
8481
28144
7120
5428
8241
22831
8710
9980
2267
9064
7155
32687
14994
11542
11189
11846
26746
31896
7870
26807
21953
22838
11469
7960
11314
5983
8988
18952
8455
31284
20443
30795
23551
20043
16862
24500
21681
8620
12435
30024
6688
15648
8246
20640
14479
17068
5704
24207
12695
5464
29245
9989
14966
28212
15989
10803
13482
17053
3437
6384
5311
24509
14135
27740
11109
24401
2855
8387
1221
22959
18896
6084
21013
30983
31534
26034
4458
20969
29989
3642
26574
9479
9770
29766
24979
28221
30785
290
3303
25806
24615
18141
8872
20721
27856
8691
12665
23180
27412
7720
32533
13631
29093
8887
5091
19876
26948
10668
9419
23509
25908
1679
20297
32559
24559
66
23487
18262
12313
16940
31248
20089
18866
26776
11370
18648
8079
11351
21603
11651
14603
29101
5704
23652
20474
15979
1713
25983
2782
23384
22105
21881
10078
9429
28717
11095
10483
20161
15779
23433
24549
8091
1357
1063
23670
26342
6062
13946
8796
13010
15948
31166
12405
2328
8454
27430
12471
10022
5544
7969
25702
3452
3517
10204
8329
23126
5797
25864
28318
14219
8167
221
9613
24501
31688
15967
3803
32402
19996
31968
27680
28842
23900
5318
28859
9778
31225
29070
964
11569
28656
3345
24130
9953
13983
12294
22942
11352
21206
7113
600
26215
7986
347
17145
23747
28326
27049
15177
16482
15707
29457
6081
13608
25530
2082
32067
24259
32711
29603
23817
13524
2224
30167
17628
25167
16549
16128
32646
13348
30955
29474
6537
23327
23596
6921
7697
1292
13074
9869
8232
4384
22292
25621
25641
25492
18319
4442
15735
7315
5400
26990
29806
13910
5905
21500
18586
20110
8058
6609
25383
7938
8458
17051
19865
27001
31614
32753
16574
23258
25138
18836
24544
10642
4334
3829
13374
29494
17154
8695
31934
7529
8341
16117
9692
15873
5690
22023
32230
20069
19140
31105
31083
11833
10076
5565
7153
14654
9680
22043
22758
29811
22830
23365
217
5761
25746
9912
3818
28501
21564
24448
27263
29455
3301
21570
28985
27675
17747
24192
23847
6301
15916
2841
23353
14099
11272
11279
26103
17974
1993
14221
14450
31776
14639
6185
28027
14516
20391
21094
7956
30523
15716
9085
6692
843
18609
32093
31343
29933
10118
1008
17092
14334
31065
28576
17784
8918
4918
31002
28948
24616
21010
12881
21835
12329
26461
28870
29743
17653
21462
11528
13220
15918
1187
31606
788
2022
18081
588
2404
8383
1017
4318
28455
2896
32756
15390
6418
28363
1296
9316
26288
10973
14675
18543
18775
25302
3295
2471
18267
17418
30407
17828
16257
2935
29729
10484
183
3752
32092
7961
2562
19417
26068
978
1719
17755
22948
31132
23278
11322
28091
2423
21556
7710
30259
28653
21120
31343
5854
15185
32105
4796
16929
8005
22933
14942
6661
8574
21109
31064
26507
972
3119
26242
7232
3924
4572
27879
4626
9504
13300
107
32098
14299
11014
1457
17754
4821
21165
28987
13953
4686
4287
25043
17292
12528
15559
14890
18552
3741
7094
32192
981
21611
17365
29955
14949
6637
31998
23739
14565
12213
28940
9381
10283
29462
16528
350
26481
3887
20422
21891
24817
20260
24519
13847
3250
26031
18431
3621
5537
19928
25570
9638
21731
10496
2267
4004
5994
15908
6277
17312
25030
32352
798
26162
9790
12978
20025
1263
8480
14081
29618
18831
20309
26206
11495
26704
13112
7305
32293
19861
23465
28855
5729
20179
24924
3474
22313
25261
20087
19074
6362
9310
9309
27179
32530
9816
29636
8759
29032
22570
15118
20565
3163
935
32470
129
7817
9541
20681
10375
1570
9155
14519
15554
667
11023
13289
554
20135
11878
16054
16782
5731
21949
7249
16413
7632
23136
20709
8491
11143
5849
484
5426
2984
19987
12444
31255
16148
28095
779
20655
10972
20471
3828
11138
23545
16417
23346
31439
13117
18199
2893
22992
3465
645
26955
16702
15425
2962
16840
17176
25085
12482
17993
13217
1921
1818
27086
25512
31984
5766
27558
20491
23356
9593
1159
27262
14817
26579
27102
24457
27859
5383
7012
32208
24244
10621
12018
8855
23371
22325
3734
20357
24114
27054
23782
19880
14798
8454
29588
442
10884
18530
12355
21923
10794
2960
921
23358
6076
20459
30358
3168
1873
5247
6692
19479
20045
7534
5359
3375
8151
28307
17270
16891
19854
22884
7779
31058
119
8733
23319
19671
32314
27
31370
1149
20111
32133
14930
4939
21747
31282
7169
20829
12959
21959
30388
5932
1210
1312
18153
7695
21198
5874
12433
18945
16761
27566
26471
16548
23909
9384
29055
29062
4729
3704
30754
29603
9041
2720
6873
23596
13548
15472
30920
29319
17061
32039
25661
26007
3685
23387
29833
26173
24854
10651
27151
19231
12123
24658
6298
8616
30334
22254
19444
20560
26026
6210
23220
11805
10074
22057
23383
13161
24337
16493
12178
10215
12108
17127
23015
29153
23476
28391
20855
27331
23449
5078
18455
23773
28828
19225
5797
3685
5547
31545
17309
32187
23091
5697
22503
13041
32144
5992
30195
19083
24265
1008
26376
7555
5242
29518
4825
10897
16657
25227
5466
9385
30525
22250
26321
19140
17060
5067
18992
27875
10453
26575
30114
16977
13949
21821
10596
29993
27869
6565
10454
1817
9083
22723
18898
29541
12824
28325
3644
12847
30435
11536
31706
245
3308
2081
9830
5211
18139
30256
8162
5931
16866
1785
17196
6810
9456
30206
3282
23501
24616
15399
30247
667
145
25772
1687
15765
27663
10548
3895
24387
6546
6463
17568
24753
6541
20673
11006
27946
682
527
2148
23364
5820
22271
20835
14109
13300
27979
17370
16867
26201
29239
9231
2714
11634
8564
20479
1049
19013
11075
7411
15446
10630
17886
13140
6372
15880
28179
23744
15546
24439
6962
30813
31542
329
27177
2414
31842
22002
1006
5156
30325
12887
17181
15542
8349
17798
23779
23732
17147
30884
4378
664
2031
2854
9653
3998
29335
16197
12639
26581
7826
10923
31071
26742
11530
32627
26303
6261
753
24912
22189
18263
15498
6924
18977
3651
31276
18485
14528
26459
27203
18195
2817
20301
13463
1756
32654
9508
10961
1579
32749
15461
25147
5551
10335
21847
6855
13088
1800
28578
5971
4216
22097
11035
19243
7007
13963
10975
207
6375
10965
11935
24055
10617
23871
22074
26837
18704
28207
17297
29338
8100
21252
3735
2875
13802
2042
16295
25205
25146
6477
17435
14863
464
18338
4378
19807
21048
19362
26801
21007
32516
31976
29989
30241
14272
24605
11912
32561
25128
24673
16011
28410
15512
14317
22163
20764
1219
19447
11279
5661
30376
32726
3848
8109
14274
17255
20217
25134
639
24751
25058
16243
9716
19650
408
32456
11727
32739
13151
1587
18061
6380
28090
14586
12781
20465
20610
8037
24484
31776
9014
15301
32338
12523
3474
12469
6325
13930
15971
7328
4892
24826
29849
20100
7455
3115
7838
14325
27534
15577
998
16484
20135
11928
11464
23969
30860
20566
31884
5535
2036
29755
12741
19832
11040
14036
16609
2480
28433
24945
15614
958
3832
19403
17151
14536
22510
234
6879
21935
29925
11078
838
9291
14046
3117
23386
24056
11613
612
7896
1873
8986
25617
26723
14651
21242
12248
28188
31526
26941
22853
11378
4751
9465
13418
13116
27593
11719
17609
18693
32766
29116
29556
22694
23665
8091
28786
23835
12037
4424
17253
16271
31747
14976
20330
23481
24856
28616
20033
7787
2461
6563
1710
29288
14363
10248
16926
28535
2319
23059
17806
32693
21226
11771
20905
28463
18268
3396
28208
6576
14802
2358
1183
10968
12094
15245
3598
9326
6934
8050
22613
7927
28063
30378
9843
30856
22379
3854
12337
26072
26144
31803
17666
6553
24188
6538
5678
30217
30614
26691
27695
31940
23399
7693
19291
28892
4232
30633
19396
24363
12605
9184
10333
232
5043
23226
18782
11385
18310
29937
19945
18568
3206
6053
22765
30041
9915
18513
9547
24667
13223
31998
9527
30205
25802
31927
12513
26050
17260
9276
2133
11416
24982
25339
11424
6502
7266
1083
21557
32740
21364
6299
32399
3503
14793
5051
27415
30109
9136
29241
30535
25933
30229
31711
10256
30979
6917
30234
25209
8627
8047
23214
6026
12636
24104
26281
26472
408
23602
5525
32705
26736
14910
23794
14698
28532
24431
15332
14663
268
16737
29480
6252
9
28010
31052
22401
32127
14112
32544
8555
215
12315
6248
8489
5664
19708
23763
28411
5798
23469
5425
22730
24518
12011
18656
2500
27648
8962
16263
21831
590
24536
19207
10496
28596
31789
28079
27220
32537
26145
12464
17150
9045
13559
16080
8442
1931
18456
5986
28066
31161
22363
28021
16408
25485
22659
1868
3811
17787
24074
12814
9437
26636
21277
7615
23884
14201
14567
13679
27471
32120
18706
18353
12412
27990
8587
4943
26311
13894
23942
3132
8613
4089
16323
27850
27250
30062
21007
26397
31760
524
7693
2784
25042
9454
25398
13110
32152
7806
28191
4340
14651
31813
29946
9485
26411
1793
7520
16206
5718
22264
3918
21835
23884
653
14701
17817
24737
6929
10902
23357
6291
27611
9365
9573
6637
12187
19501
30550
26156
12267
6749
9382
1759
807
29410
19883
30804
23679
1021
20531
10096
8778
21366
12405
1759
16029
7393
3656
32622
24093
25888
31379
16308
4369
26409
16645
12024
700
15882
31238
1871
15081
28714
30957
23301
7623
16337
27251
2366
7671
25834
14183
26077
21732
5128
32676
6309
30035
30376
16705
30622
19515
30902
7
24763
17366
3922
296
22201
7416
23763
28461
25930
21152
22028
31281
4211
23500
19663
18509
21299
16274
944
19027
29029
12141
12043
18623
8423
7125
1865
15594
19964
30482
20574
19073
32495
6737
31382
27958
6906
248
16530
11957
6245
20023
26253
30938
22002
20703
32485
22561
9081
31096
22486
16990
15824
30350
30344
13742
16877
27467
17228
17325
23375
29771
19234
23785
12698
28331
14976
28823
22913
13667
30030
13445
19688
18646
28725
10576
11850
5288
12057
11991
23385
18384
3300
15599
4837
29422
12422
5209
12799
24798
21306
31729
19550
23949
15370
24103
9218
24331
5269
23219
17430
17634
31504
8325
17179
8615
30091
9211
28739
17102
10869
1367
28699
27330
611
15216
3181
28982
5901
22184
15205
15797
5017
28701
8690
20609
27165
6436
5487
19866
607
24307
24707
15901
17887
13981
20294
31695
11543
25924
18085
31482
12801
14473
27399
26232
19418
9032
6705
16909
22566
4739
15462
1786
5364
3739
12499
28366
4195
31942
22827
24704
12645
5309
2191
13243
15811
24245
22960
15993
353
19857
12343
24787
31428
18774
26981
791
12497
15839
32758
14876
5591
466
10060
1490
7120
10706
8649
24093
24036
7158
22141
484
815
30586
27137
15461
16068
9397
24226
5323
4338
8523
32706
7170
11718
23716
7292
19658
11472
14493
21895
12810
26154
637
605
18279
8375
30762
29084
18454
30121
11677
2220
24558
3398
26259
1698
29378
6379
14469
28260
28141
11857
2267
23566
22574
26639
15197
18837
5047
28512
9450
1707
1664
21287
5740
26594
7393
20528
5131
28947
23136
28345
3233
32513
27848
6449
9582
13370
30075
4159
28174
11582
32008
24582
4263
16355
17664
15016
21095
18936
27654
23560
30766
21289
6182
23253
25479
1570
7016
2756
31709
17656
18084
21532
14316
23748
24215
9336
23413
7313
26423
23752
15670
21368
14660
24730
10521
31241
5664
10904
12972
2797
11744
2641
3025
20170
19363
28476
13239
8039
7202
25849
4616
26129
17033
9435
21092
22845
12166
24740
5135
15726
28319
10895
16870
11609
24008
7828
9880
11591
821
12519
4370
3516
30061
17858
7483
24918
2464
30308
29922
2551
15418
10074
7412
8487
1976
21501
8947
16307
7610
13116
16035
26778
13914
6555
15367
6954
27069
15484
16779
20583
18407
15005
18051
26540
8916
3555
19924
18069
16068
19030
14577
12315
23766
20076
18186
5889
21464
18570
5248
28528
11102
13768
11931
17374
27921
15861
3967
4404
8266
4315
5724
11823
9184
10435
20454
16902
23102
5692
8965
3662
23480
14617
13773
4123
8991
2745
7856
15465
26770
23947
13810
23482
7832
13776
7006
18688
17772
8099
17464
6076
2200
9783
9586
25960
23237
20577
20002
23059
978
18006
1588
7243
21795
1205
17756
15423
30780
16584
5711
23077
2958
25095
14899
3034
400
13533
8276
17864
30226
15023
1560
19213
28111
15131
21301
26842
13377
31357
1569
280
19385
14776
17611
10322
9134
25395
25992
23247
2389
2337
1104
3326
1651
6406
30762
6936
8816
26742
15589
23552
14764
32544
9481
23406
24342
16908
26637
32588
31738
25633
24778
7264
8730
16362
4144
15916
17409
32410
14392
9746
18324
12365
8985
17852
9962
14736
27327
14523
4957
14884
21625
366
20193
20735
5362
3366
12181
24980
4194
17287
408
15956
27397
9522
15134
23669
32205
15777
14019
29938
852
27729
26655
14035
4372
18727
16026
28334
12506
10253
10881
18286
11896
32732
30810
2131
28090
14462
30325
29754
23708
9300
6340
11807
21946
10453
3820
18144
1800
23160
156
22595
12483
4052
25630
20795
20648
12294
9004
22375
3427
16468
516
25052
30282
29968
31935
28964
27467
18878
3806
2182
16675
25721
6438
19592
30161
18578
22958
27315
2379
7291
10806
11926
20079
1763
30906
26638
18492
26403
11847
1732
26434
27865
30734
3830
15191
21202
9911
19323
28044
16686
6135
24833
5728
6846
24165
9882
17459
14769
7049
26487
17917
24432
16438
29170
3647
23494
10010
6098
16954
12100
15764
971
18784
11492
11973
2117
28936
24300
17642
19295
30821
13077
29929
29746
6329
12781
18473
15706
24006
17786
6311
4275
25221
21280
21319
4192
17947
11460
13416
12562
27913
7474
12986
18822
25251
5052
3156
15184
28355
13092
10753
6360
13246
18365
19675
27810
26775
26828
14876
1490
883
18740
22832
28143
26701
31571
30735
27623
28651
11303
10697
14419
23313
6581
29538
18173
1524
18603
15073
18847
28657
15684
11428
20462
27519
15212
2806
10455
2659
21029
7140
26889
6691
13865
10572
15027
17596
12240
18230
23183
10647
8245
21607
26143
698
24980
26932
24375
10812
1783
10389
2235
5115
16146
10106
170
3985
24171
24162
15195
26243
21694
22825
17415
10940
4511
6433
26248
18746
7265
23909
9824
13576
25399
17770
9981
15980
1433
471
26940
27233
7657
1943
555
24135
20055
31020
12051
13274
5378
14918
27318
18785
11103
24980
26581
25127
29919
31962
5365
11055
16588
23364
3427
30756
25460
20986
7030
19599
27274
12020
12308
1357
28873
19984
29559
13887
21722
1121
21297
4163
22392
21962
12654
25443
25810
10444
6522
4429
3377
27805
7555
1027
28890
25978
16799
31956
9014
4925
6161
20363
18736
26162
29384
24038
30431
13863
20008
26442
4197
12226
22797
180
12823
11288
15885
18675
25566
9850
4606
11541
7132
17554
3000
20767
21587
9392
26908
28929
14531
26206
9558
19912
11859
8506
25694
31510
15218
15877
14277
8399
4798
26103
8366
1302
17701
31829
29467
29304
24394
22086
32362
20070
30250
9443
7967
29673
26367
17805
7651
9873
20069
27779
32717
12719
31419
23987
11233
1987
24012
10193
2518
30264
16814
5543
32285
16719
17643
18860
26398
15450
25055
14295
32709
12842
1377
29109
19261
12746
30886
30906
28155
4974
8801
2773
6143
18854
25391
7494
25686
21207
4403
31156
20964
24300
22269
12666
14688
32073
31153
23363
25760
26368
19045
20182
11031
14664
18122
21299
14236
13355
11535
29406
23404
20862
1794
27259
4723
18454
28793
26011
7367
20281
7408
32214
20854
13907
24691
12314
3713
9450
16319
15426
27176
5844
19364
8938
2408
26792
19373
13698
16323
2162
31747
27810
23615
7851
25231
30877
18353
17256
32607
16473
22587
5073
23627
16990
32276
15317
16344
3116
11655
18460
1884
15314
10815
21565
27747
16316
6081
26930
14674
18637
29498
8201
12618
8878
23163
23771
12111
26213
17474
13826
16554
15145
3515
23431
16011
6516
326
4826
10995
17499
14971
6854
21713
27931
2923
2979
1900
13556
18217
1998
18688
314
5514
20566
27820
21929
13352
4600
31627
10489
18605
32334
14626
26546
10318
1347
18170
6466
14485
17098
11149
23372
19812
29904
16487
10052
10295
3438
19333
5689
31913
13668
18433
5873
7738
21187
8689
19003
15183
26601
27020
31105
18810
24242
16782
23453
1788
5101
3294
7149
13704
14093
8046
22442
29258
21025
30307
1397
20264
3591
15223
31539
4424
1756
6043
1563
14546
17590
6368
18701
13815
11414
12183
21798
28466
32152
1719
12433
31949
11885
15232
16288
15784
16139
14430
17435
10550
21155
14096
26328
712
9684
11785
32651
21006
13598
11543
3808
17626
10137
27970
7879
24104
20967
6135
32015
5724
25959
2406
1079
20682
8107
4648
26241
19067
3629
31781
12103
26158
14909
22197
28306
31134
20798
19973
17129
3
7442
4541
13671
21979
24787
3807
7185
25066
28100
242
30310
20352
1159
7777
30775
15866
22160
25630
14008
2443
15321
17546
11224
4413
28887
15769
974
7730
28846
6705
26868
20528
16289
25300
16857
13149
14796
16767
5521
25414
14869
23762
2640
24358
11616
28272
12856
29542
26114
6313
6766
23648
17272
16215
20595
1640
602
26629
20914
3853
18570
25943
6485
27548
16817
20902
16477
22758
24556
7402
25586
30787
5314
12765
17911
15831
5722
30301
23522
5140
1258
11026
16331
22656
1139
28242
14274
5561
7852
26177
18278
7862
315
22077
32692
28495
27691
9081
284
30208
25755
3303
25562
10986
32691
6748
31363
6170
23005
1775
8926
14094
3633
10914
6390
18293
16944
10052
109
823
6582
23701
6163
21429
10026
26540
19383
27730
11256
12694
6206
28210
15681
20800
30194
31042
8401
17558
15644
20088
30289
17645
14548
26460
189
15006
23576
9927
9241
5108
19740
1770
27488
841
15073
26771
10942
26731
12553
26540
4606
26949
24042
22788
17222
32187
32481
21843
16898
29397
26344
30072
19998
10528
21355
9220
32632
4689
856
10236
13717
12844
17526
19675
12179
9892
27383
19415
24670
31556
26448
23141
21287
19405
28232
511
13330
31265
26447
9509
20783
31583
5394
21922
10156
80
11340
24592
20809
32002
19679
12446
26123
21426
4387
29969
9781
9967
10110
8201
116
5885
10805
12678
18522
28280
10625
26794
12557
569
7142
17089
24641
18558
10432
27518
11619
27460
287
647
24855
23032
15060
23093
2277
7759
25036
5012
13103
30835
13213
15282
10087
1631
14687
19990
28287
31372
13245
16526
16288
9677
3403
31790
9502
22647
18203
26517
28076
24262
5003
26226
15820
7292
4960
29255
21898
3019
26905
12397
24170
9077
5757
10585
21919
26674
22647
1309
26237
11602
29987
28977
18737
18595
12329
4980
31152
15765
22858
11886
23277
9116
10552
23256
6735
19414
24747
31326
26466
27118
23985
18339
21453
17472
6981
10118
28548
12094
20260
8100
30014
22546
6620
5661
6954
8837
32038
16028
23517
7711
3189
22673
19343
22159
3023
8897
19848
846
28892
10241
15829
23168
31293
18750
25407
2843
20766
10433
15742
8778
26895
23217
937
24596
4623
32474
26353
16185
28906
10156
28047
13404
20934
12935
31227
26727
2296
30006
21087
29228
22044
25785
15435
21320
32100
6471
170
15437
2864
21395
27637
23584
30175
26447
7846
16031
4581
12014
16880
32391
3102
27823
29869
20117
24163
15575
1176
7660
29274
32061
18364
23479
26258
19980
10796
7695
10703
4037
17397
12319
24738
643
2897
19334
18749
27267
30493
252
4486
24035
9613
5177
21354
8106
23327
20243
11124
11273
28109
4070
7582
23009
28807
5944
15463
13700
13024
22685
17957
30912
26888
21209
11421
17434
4090
13125
15057
32087
25078
18548
19737
30529
28466
2069
20341
18087
11981
11291
30242
26790
7172
11036
25707
7719
13224
4087
13762
8361
26063
29882
7439
5185
20427
9411
3656
23262
21080
10789
9794
11474
22553
19021
17607
6798
24646
13797
3304
23469
8607
28664
16276
3893
22948
12375
9322
20761
7175
17724
29900
18690
13922
14382
32053
5710
31782
14884
26828
15705
3795
6893
27449
31228
30319
20431
15543
6996
7729
19823
7274
19653
2429
14576
19700
28734
21781
13407
16195
28094
22669
19023
24492
7191
31743
15552
14654
9970
5633
15174
25424
5651
26068
17511
27997
23006
32222
13892
15634
282
12890
21116
4772
31734
24655
14669
10087
4169
8382
8188
6813
25374
15392
18039
8331
15216
29200
28730
10195
25138
26948
25711
26877
17299
23489
14681
5207
13695
21327
28402
4607
1897
2603
7379
2110
16200
17405
14165
7191
10207
13065
12278
8224
5186
15785
29950
9617
31894
14331
5218
9115
22552
26071
1512
10491
22625
22788
24716
19406
27112
32683
32546
19367
7624
30475
22590
6623
24771
30319
3409
15404
9095
26205
29972
15733
22577
30737
9514
8421
26896
20778
16129
2879
3243
8098
1017
5745
6917
10755
29896
875
18463
12248
29
15921
26559
11874
1155
26671
7792
23949
10632
23758
9162
31010
21535
25668
31219
10814
14916
2224
15974
9475
23006
16742
30707
20109
22249
26759
1543
32552
1236
11990
5422
13504
7976
454
15574
18841
30059
6104
10838
832
3652
5923
32047
3521
1504
2612
14481
14106
11155
5913
28193
32496
8899
11449
1529
20097
2818
6759
18416
27866
29562
17846
2588
841
7566
29326
10390
17942
21182
20863
10877
5486
20939
18518
14398
10912
5916
10478
18194
9612
1121
19017
7624
3671
11126
14303
5828
8036
16522
27446
17224
27520
30592
17331
21490
13405
20629
12464
27270
1346
6212
16847
14574
26112
7783
4493
4479
14888
26782
15898
19582
8315
25588
25704
9955
26274
22976
20865
32348
25888
11210
24095
3733
22404
7087
10358
5047
1251
8583
8277
30255
19589
5572
6509
25520
27359
12893
22512
31099
2753
12077
19295
25566
30417
32150
27549
5882
32568
26473
27719
1226
26523
5386
14920
29793
29005
16079
30631
24179
21955
3498
27044
29463
17736
28424
3332
11467
15857
24568
17577
5305
20180
29584
22117
7225
7029
6284
10768
12182
13185
25145
32472
26133
4799
22674
2777
29491
23875
5032
14574
15663
11237
9799
30918
15560
31985
7126
21818
2632
7456
3455
17629
15297
7367
4752
26837
30871
9551
4129
11754
26174
17125
11256
989
21061
30322
26281
7931
15764
9166
8449
30705
11506
12337
4261
32226
25290
25834
26615
11959
26158
27219
13625
2487
31516
28420
15605
4183
28672
20295
21404
18771
25723
20684
31341
31229
28003
18078
17304
2517
14859
12630
16804
17499
7876
12175
1550
27937
10403
21145
29491
23076
7813
11122
25967
2140
4945
9201
30599
24210
28029
30789
26180
4722
2004
25758
22369
25569
20342
23338
1960
8849
800
22083
9303
12754
30637
6887
21448
32427
1501
32616
12625
7209
1366
2660
16490
31223
30952
32248
6925
26927
20501
9009
24419
25456
25041
27075
8348
18481
1158
12286
24350
1108
26459
18173
19427
22526
4278
1825
23324
11943
9727
2238
27163
15725
24744
21779
31855
23470
21610
9088
21585
18901
27345
30451
27199
23156
14330
12196
2022
12692
3228
25858
2629
3657
26949
7148
3856
21129
14054
11557
4434
15677
26770
28674
14679
2713
27267
32102
25545
28329
606
7920
9241
7725
1207
15987
17952
22951
984
27047
4871
11954
23486
15902
23908
25493
16229
20857
6309
16664
11078
27099
32690
11927
24861
6814
3790
21588
20719
6469
21694
14353
4940
24242
24366
2015
22738
26778
18000
1841
29426
12085
7110
21044
23031
9018
16578
27491
21571
18442
26476
18262
8924
15915
17284
19162
22312
20985
11848
28487
13813
25240
16792
270
19388
13613
11864
11410
5671
2126
21014
19769
26320
31671
20460
12994
25420
8254
12456
20697
18024
17417
20011
3304
18098
20222
3599
7729
17980
17275
12173
13338
12188
14151
12445
22215
9271
22729
3678
13806
24512
21624
25785
23015
29947
11923
12609
27395
18375
25874
15710
799
26715
28124
29611
15737
13264
25914
9372
30914
24032
140
32356
32628
18413
6459
15382
2661
18756
25582
20490
20893
19620
10241
3458
8036
26362
2867
5517
6560
19311
17822
2860
13662
16548
20973
21172
2223
31548
28105
24691
28341
412
32404
23190
12797
31982
11866
4682
12559
7020
21764
6178
12612
26587
463
28601
21464
14933
14589
9880
24896
9804
14795
21082
24254
2508
24738
14862
8754
8704
31121
11996
22579
18680
5883
22508
12382
16553
16525
30083
9198
12086
3699
24431
2702
12398
1228
17062
29035
8341
17243
25130
26764
1127
23935
24367
14950
12890
28261
19584
16811
8484
15740
4383
20836
32637
1833
24107
25407
31014
15805
15367
42
19754
22180
29369
5920
6500
30686
20880
13891
32577
6580
6666
23084
1479
28835
4596
18303
23766
13213
211
8898
26030
4721
7299
14959
9394
28807
10526
14151
108
14288
20512
9962
29136
22525
29384
5285
2501
17903
31681
9355
28641
3951
29697
25799
15988
22304
24306
18736
24521
19633
8655
1310
20648
30039
31313
14204
27679
22651
18572
7455
9347
25776
12307
15702
19889
8423
21603
17603
23705
32230
13439
617
16382
23542
27095
15109
13943
6364
20078
18082
17850
14859
20028
11368
14105
1816
26578
12469
15693
10350
8252
2415
10099
7747
28203
11416
17748
9163
24660
27938
24809
21163
787
23045
28959
6832
18772
5008
27095
25025
31923
2812
19761
24594
30946
24647
25098
3227
13899
21056
13251
11721
26615
29918
16196
25203
12463
8661
28993
14095
13153
22379
22972
6950
709
31112
14540
19205
13375
10509
18588
438
6664
9575
26806
1838
26761
27748
3714
28360
19207
3141
7945
6642
11141
23572
5631
21286
12774
3640
7681
5405
15955
20806
32283
21055
25308
29466
141
20573
8290
14887
14031
27810
27316
26891
16082
23495
14328
8294
28041
14983
8013
4845
680
595
19118
16314
18860
13894
16409
9958
19483
23643
17905
11354
30989
5854
26274
7394
26091
29216
22403
2436
3191
14959
18176
27919
10764
28229
22008
20470
9255
8384
16484
24159
5671
24658
31034
9336
27729
30138
15761
25866
12311
3891
25349
15952
27034
11243
25949
4361
14957
23478
30571
24012
5532
9988
6964
3228
14573
13073
1361
21180
19301
30299
20373
10948
17678
4441
16112
4853
1016
8042
8339
1482
12926
5132
597
24783
25290
30798
19030
11702
924
7304
29154
424
4678
4681
26520
26329
11772
657
23755
1119
28746
13376
552
30788
12006
22223
30617
6106
2728
25918
29546
2638
28631
13645
25771
29056
27558
1775
5333
5394
31486
10236
3248
17344
13950
38
16499
24303
32705
6446
18221
17544
5087
30552
8549
2822
10038
22044
21245
17358
28266
7454
21597
14271
14506
8544
7885
21003
32565
1718
22561
11589
3613
21883
24988
30395
10827
6275
19983
7173
22724
5968
833
30430
11051
137
2707
27443
13702
6311
21732
11130
4421
16626
30131
5957
4480
27308
6531
26647
3200
19084
15236
8310
24193
24686
24175
28993
2486
10056
19634
2372
6030
352
9165
778
7990
13500
12028
25842
5471
3034
21782
26501
18753
28322
7605
30215
13023
1945
4503
7500
30349
18775
31300
23758
16816
26683
17649
3580
25798
7261
3237
21972
20134
16324
3994
21683
19720
7386
5094
2156
13895
284
32602
5272
24678
26646
9899
25902
2386
21135
6095
24404
5222
7681
25514
5236
16692
28748
10986
11153
16259
2986
29232
29916
17556
7910
368
23426
1450
26057
21146
10697
15304
11734
21370
21339
5309
4919
32477
14817
13662
2550
4341
8148
12563
1904
23294
15760
6805
24583
31266
11435
4597
11544
30106
7556
29665
20269
2071
2847
3619
24691
6240
24880
32106
11118
9532
18549
6221
31211
10386
3401
2957
20534
13775
21623
2970
26766
22408
4684
16217
726
28769
30704
18469
23693
9005
19190
2836
25856
1622
23345
8059
446
9855
2761
1716
30541
7273
7311
4382
18971
14867
15502
5222
11191
4902
30434
22277
18497
25743
4302
21770
2080
8046
30728
16922
6642
6959
15447
27829
22729
13046
18272
26298
25236
21057
18109
5934
29403
13513
31824
6457
21936
23977
26839
3185
1762
2497
1216
14940
20851
8541
31550
13615
844
27922
7068
21468
2352
4585
29906
12108
1775
6336
20310
1257
16348
1260
31028
8800
25472
15907
6241
16037
4752
20890
30540
25655
12317
20074
32695
20645
21259
16696
22469
27985
27588
4885
21844
17780
29229
20387
15244
7522
12250
5753
30392
3856
31358
15305
19029
20435
29349
23616
9577
874
6821
26670
4375
16447
22993
27111
28015
10474
16369
2921
28811
16119
7407
7999
7127
21225
16595
12453
7088
13694
30705
24300
17713
3637
5985
2080
9801
31502
11696
1769
23569
23953
11221
1967
9053
30993
6759
14593
22418
17970
12045
23352
21431
8105
22069
29527
27086
11331
1289
9526
25700
10793
26526
30944
18023
32610
16239
3897
15672
13209
1547
2532
30977
14113
10250
10851
24393
6966
27717
27776
19397
8070
23367
8172
21361
14576
15102
17703
15840
30091
29366
12703
10448
25066
27465
16156
2562
21406
16271
2651
841
15613
20764
1273
15584
28194
5419
24212
14848
26421
11733
2348
23474
8173
9095
23759
1507
26706
21170
7797
6838
18120
25028
28201
16414
30537
21336
24681
9131
28658
2217
18128
12452
3777
18509
27634
27735
21661
7456
18056
27821
20886
8574
26573
7425
9839
2741
10535
17714
16217
2233
23818
1783
11266
19994
1817
17779
14542
21556
24463
11018
11620
12198
9694
16754
21613
2309
1686
20493
12440
3537
6279
29814
738
28071
13610
10586
1556
14265
12349
12169
909
11388
12974
3404
9537
22432
15546
6138
10498
1605
4950
15302
22783
28012
7374
30171
28042
5291
28844
13483
15390
22822
7899
4739
22432
7354
29196
7779
1509
30075
12633
9998
11893
29025
9512
15453
9870
16958
25427
23256
32364
26099
9862
30087
13256
7908
13544
20998
28063
20649
6653
27352
9524
5383
14283
19453
24664
7454
29499
7623
24809
13027
32707
20969
28057
28369
3650
9937
6128
30172
25387
30008
9109
21415
6118
31735
29385
17654
2931
7708
7220
1638
18001
18237
3556
31580
21918
27148
24979
16699
24959
19756
17960
730
706
6723
8833
8245
7106
25425
21872
32354
14475
4672
14083
5063
14911
30396
16137
1163
20921
26180
29905
25418
3439
8833
3125
27149
32413
31191
21463
16249
14752
22075
22699
7238
13727
11844
25270
25843
20337
3204
12053
3000
29627
8472
2880
20157
13401
4478
13712
9865
19712
31399
9983
30909
23329
22861
10800
25346
19728
19591
25519
12864
19557
26267
12153
23057
10147
19
30655
117
32535
16659
26855
29127
14595
21737
9940
4335
252
31718
26471
6106
22161
28524
5701
15399
28461
19529
26075
3107
28479
30531
29088
6136
16023
12276
21914
15137
31763
17881
24356
6689
21628
9125
15086
10357
16555
9435
17477
19143
28400
27035
22933
26980
23476
7356
23084
1776
23900
24604
12608
12121
10097
21300
4660
21257
2302
26608
18967
25184
27194
31165
19054
15713
19815
23267
20787
19371
22266
19477
21021
20651
8444
4678
1314
20497
23984
7871
15931
5760
3446
32111
29287
14986
19439
32130
3570
10715
30818
18485
32759
5812
15711
23016
7972
22940
15266
4468
19389
6994
23609
18880
29411
23301
3562
12687
22295
9415
29135
21916
16890
3136

