10000

4
14
18
27
31
37
37
38
38
44
46
49
55
57
62
63
66
66
69
77
84
85
86
88
90
93
96
104
105
106
109
119
120
122
124
124
127
128
131
133
142
152
154
155
156
166
167
168
168
172
182
187
192
203
212
214
216
223
226
228
229
241
246
255
258
261
265
267
272
275
276
276
276
279
279
289
290
291
291
297
303
303
307
315
317
317
328
344
345
349
352
353
357
357
360
360
365
366
367
370
377
381
382
382
384
387
389
389
392
393
395
397
399
401
410
417
420
427
431
436
439
440
441
454
457
459
462
465
467
469
474
478
487
492
492
496
501
501
504
506
506
512
512
514
520
525
526
528
535
535
539
539
540
541
545
550
555
558
562
563
566
572
572
574
575
575
578
582
588
590
590
592
592
598
601
602
603
604
605
608
609
617
619
621
623
627
633
637
640
641
653
659
660
660
661
680
681
685
692
697
700
700
703
712
716
718
718
721
725
737
739
740
746
746
749
754
756
757
761
763
767
772
775
782
782
795
797
798
801
803
803
805
808
809
809
813
819
827
833
841
845
849
856
861
865
869
869
872
873
875
875
881
882
885
887
890
892
892
896
900
901
902
905
908
923
927
932
938
940
941
941
941
941
945
947
950
951
954
954
955
964
965
965
969
972
978
980
982
983
987
989
991
1002
1008
1009
1010
1013
1014
1016
1016
1017
1021
1023
1024
1025
1028
1041
1042
1047
1056
1061
1062
1074
1076
1089
1090
1092
1097
1101
1101
1104
1106
1111
1113
1116
1117
1117
1119
1125
1128
1131
1132
1133
1134
1135
1138
1139
1145
1147
1148
1154
1157
1158
1158
1167
1172
1176
1178
1181
1182
1185
1190
1191
1193
1197
1198
1200
1202
1209
1215
1221
1223
1233
1234
1235
1236
1242
1243
1243
1245
1249
1252
1264
1267
1270
1271
1277
1286
1286
1286
1290
1291
1295
1296
1300
1301
1303
1308
1313
1313
1315
1315
1315
1318
1320
1332
1333
1334
1336
1340
1348
1349
1352
1353
1356
1362
1365
1369
1370
1372
1378
1387
1387
1389
1398
1400
1407
1411
1415
1421
1427
1427
1429
1432
1433
1439
1443
1445
1449
1455
1456
1456
1459
1462
1466
1472
1474
1479
1480
1487
1488
1491
1497
1502
1506
1508
1508
1509
1512
1519
1520
1521
1522
1523
1524
1531
1535
1537
1538
1544
1545
1545
1545
1546
1555
1557
1560
1574
1579
1594
1603
1605
1609
1610
1612
1612
1616
1616
1629
1629
1635
1636
1639
1640
1641
1649
1650
1654
1655
1655
1660
1662
1672
1673
1675
1677
1683
1684
1684
1686
1688
1689
1694
1695
1696
1701
1701
1705
1709
1710
1713
1714
1715
1725
1728
1732
1733
1736
1737
1737
1737
1737
1743
1754
1757
1760
1769
1770
1772
1773
1773
1780
1780
1784
1785
1796
1800
1800
1802
1804
1818
1827
1827
1827
1828
1837
1840
1841
1844
1846
1849
1852
1861
1864
1866
1868
1869
1871
1873
1874
1880
1880
1880
1887
1888
1889
1893
1894
1896
1899
1899
1902
1913
1923
1926
1931
1932
1937
1944
1957
1957
1963
1965
1966
1977
1979
1984
1993
1994
1998
2000
2006
2006
2019
2035
2037
2038
2039
2045
2048
2048
2052
2054
2055
2060
2063
2070
2072
2077
2078
2080
2084
2086
2091
2093
2099
2099
2101
2105
2106
2107
2120
2121
2121
2125
2125
2133
2140
2144
2157
2159
2162
2176
2178
2180
2184
2185
2186
2190
2191
2194
2197
2202
2211
2215
2215
2219
2221
2225
2228
2228
2229
2230
2230
2237
2242
2247
2256
2265
2266
2272
2274
2276
2276
2277
2284
2286
2290
2290
2291
2292
2293
2293
2294
2294
2303
2307
2316
2316
2317
2318
2321
2322
2328
2332
2333
2336
2337
2338
2345
2354
2354
2357
2357
2359
2360
2361
2362
2363
2365
2366
2374
2374
2382
2388
2393
2396
2404
2404
2407
2411
2416
2417
2425
2433
2436
2436
2437
2438
2440
2441
2446
2449
2451
2454
2455
2456
2457
2459
2466
2469
2471
2476
2481
2483
2485
2486
2490
2491
2496
2499
2502
2506
2509
2513
2515
2520
2529
2530
2534
2535
2536
2543
2544
2548
2558
2567
2571
2575
2575
2579
2579
2584
2594
2594
2596
2596
2599
2604
2604
2606
2608
2612
2613
2616
2622
2623
2628
2634
2636
2642
2647
2649
2654
2657
2667
2668
2675
2676
2682
2684
2686
2686
2698
2703
2705
2706
2706
2719
2721
2730
2731
2732
2733
2737
2740
2742
2752
2760
2763
2764
2767
2774
2774
2775
2781
2789
2789
2791
2797
2813
2814
2815
2826
2828
2829
2830
2841
2847
2848
2849
2850
2851
2851
2852
2861
2862
2862
2862
2863
2864
2870
2880
2881
2897
2901
2902
2909
2912
2915
2916
2929
2929
2930
2933
2934
2936
2938
2939
2939
2941
2942
2946
2949
2951
2955
2955
2960
2962
2962
2964
2967
2967
2968
2968
2969
2972
2972
2975
2975
2977
2985
2986
2991
2993
2995
2997
3001
3001
3003
3004
3011
3013
3016
3016
3017
3018
3020
3027
3027
3029
3029
3037
3040
3049
3050
3058
3063
3071
3071
3071
3072
3073
3075
3076
3086
3086
3089
3092
3093
3093
3096
3129
3130
3131
3132
3132
3139
3139
3146
3147
3148
3155
3158
3160
3165
3168
3171
3176
3178
3181
3185
3185
3186
3193
3203
3206
3207
3208
3210
3213
3218
3224
3224
3228
3229
3234
3234
3234
3239
3243
3244
3249
3252
3253
3254
3259
3261
3262
3264
3265
3268
3269
3270
3274
3275
3275
3276
3278
3282
3283
3284
3295
3295
3297
3303
3303
3306
3309
3316
3317
3319
3330
3333
3334
3337
3339
3347
3351
3353
3354
3359
3361
3365
3366
3366
3368
3371
3375
3376
3378
3379
3380
3382
3384
3385
3398
3399
3411
3411
3412
3413
3413
3414
3422
3423
3423
3428
3428
3430
3435
3439
3441
3442
3446
3458
3461
3462
3470
3473
3474
3475
3476
3476
3477
3479
3481
3482
3485
3488
3488
3488
3491
3494
3494
3495
3498
3501
3509
3510
3512
3515
3516
3517
3518
3520
3531
3533
3535
3536
3542
3546
3550
3551
3554
3556
3557
3557
3558
3560
3561
3562
3563
3564
3567
3570
3573
3573
3577
3578
3580
3580
3581
3585
3588
3589
3590
3597
3598
3605
3608
3610
3618
3618
3620
3627
3628
3633
3635
3637
3637
3638
3638
3638
3642
3642
3644
3652
3652
3660
3660
3660
3664
3669
3669
3671
3675
3677
3685
3686
3686
3689
3694
3696
3702
3703
3705
3706
3714
3714
3715
3716
3718
3722
3727
3729
3737
3745
3746
3751
3751
3752
3754
3761
3762
3763
3764
3766
3767
3771
3772
3775
3786
3794
3800
3801
3801
3802
3809
3812
3823
3823
3824
3824
3827
3829
3829
3833
3835
3837
3840
3844
3845
3846
3849
3854
3855
3855
3857
3860
3861
3863
3866
3868
3877
3879
3882
3882
3885
3896
3898
3902
3907
3909
3910
3910
3912
3919
3923
3923
3925
3925
3927
3928
3930
3943
3945
3946
3953
3956
3957
3958
3959
3961
3962
3966
3970
3971
3973
3977
3979
3981
3982
3985
3985
3985
3986
3988
3989
3990
3991
3994
3995
3999
4004
4017
4017
4020
4021
4022
4029
4031
4033
4034
4039
4041
4045
4051
4051
4051
4053
4056
4061
4065
4067
4071
4072
4089
4098
4103
4103
4104
4109
4113
4114
4114
4116
4121
4124
4126
4133
4135
4140
4141
4146
4159
4160
4161
4162
4162
4164
4165
4168
4169
4182
4188
4189
4190
4192
4195
4200
4205
4206
4221
4224
4226
4232
4238
4239
4241
4242
4243
4243
4243
4246
4254
4256
4257
4260
4263
4272
4272
4273
4284
4294
4296
4300
4301
4302
4305
4309
4310
4311
4311
4311
4314
4316
4319
4321
4324
4326
4330
4331
4332
4337
4347
4347
4350
4351
4353
4364
4366
4372
4383
4384
4391
4391
4392
4393
4394
4395
4396
4396
4400
4402
4404
4407
4410
4411
4416
4416
4424
4424
4425
4433
4435
4436
4436
4441
4447
4451
4453
4455
4460
4462
4463
4464
4467
4468
4470
4473
4479
4483
4484
4486
4486
4489
4489
4495
4503
4504
4512
4514
4526
4537
4541
4543
4543
4549
4557
4557
4557
4560
4563
4570
4579
4579
4580
4584
4588
4588
4594
4594
4602
4606
4611
4613
4617
4618
4622
4628
4633
4638
4638
4638
4647
4648
4650
4652
4656
4657
4660
4668
4669
4671
4674
4679
4685
4686
4686
4689
4695
4701
4703
4706
4712
4721
4726
4733
4743
4748
4758
4759
4760
4762
4764
4769
4770
4770
4771
4773
4776
4778
4781
4782
4789
4800
4802
4806
4809
4815
4816
4819
4823
4826
4827
4828
4832
4836
4841
4843
4850
4851
4855
4856
4864
4864
4871
4879
4880
4880
4886
4887
4895
4895
4899
4903
4905
4910
4913
4914
4917
4927
4932
4934
4935
4939
4939
4950
4955
4956
4958
4959
4977
4978
4981
4981
4987
4988
5004
5005
5005
5007
5008
5008
5009
5010
5011
5011
5015
5019
5024
5032
5036
5044
5046
5049
5052
5054
5056
5057
5060
5060
5066
5069
5070
5080
5081
5082
5083
5084
5088
5089
5090
5092
5097
5099
5112
5115
5119
5125
5128
5131
5135
5136
5138
5143
5144
5157
5157
5162
5169
5182
5185
5187
5188
5188
5190
5195
5197
5198
5200
5201
5202
5202
5203
5208
5212
5214
5214
5217
5223
5225
5228
5228
5230
5231
5236
5239
5250
5258
5272
5282
5284
5285
5287
5294
5298
5307
5315
5317
5318
5329
5332
5348
5350
5356
5364
5371
5378
5387
5393
5396
5401
5401
5404
5405
5407
5409
5421
5431
5438
5439
5445
5447
5451
5451
5463
5464
5465
5466
5466
5470
5472
5476
5477
5477
5480
5483
5488
5491
5491
5493
5494
5497
5498
5501
5502
5504
5510
5511
5512
5513
5514
5517
5526
5532
5532
5532
5542
5543
5544
5545
5547
5550
5560
5561
5562
5568
5570
5571
5571
5576
5577
5578
5578
5579
5579
5581
5583
5588
5591
5593
5594
5594
5595
5597
5597
5604
5604
5609
5609
5610
5620
5638
5641
5644
5651
5652
5652
5653
5654
5655
5658
5660
5662
5662
5665
5666
5666
5667
5670
5672
5675
5679
5684
5689
5691
5691
5694
5700
5701
5701
5702
5716
5717
5722
5724
5725
5728
5729
5729
5731
5739
5741
5741
5752
5755
5759
5761
5766
5768
5772
5775
5777
5787
5793
5794
5796
5800
5803
5811
5811
5817
5821
5832
5834
5836
5840
5842
5842
5843
5848
5852
5855
5857
5858
5863
5866
5866
5870
5876
5879
5883
5887
5890
5891
5893
5898
5901
5903
5908
5909
5914
5916
5920
5927
5936
5937
5937
5943
5946
5952
5955
5956
5956
5960
5960
5961
5978
5979
5980
5981
5984
5989
5993
5994
5995
5997
6001
6002
6004
6005
6007
6007
6010
6012
6013
6014
6018
6020
6021
6021
6022
6024
6024
6030
6032
6033
6043
6044
6045
6049
6050
6051
6053
6062
6067
6074
6076
6082
6083
6096
6102
6104
6104
6106
6113
6114
6116
6119
6126
6131
6131
6131
6131
6133
6136
6138
6141
6145
6145
6151
6155
6160
6161
6161
6165
6172
6178
6182
6185
6186
6190
6200
6205
6206
6208
6211
6212
6214
6216
6220
6225
6228
6241
6241
6244
6245
6245
6246
6248
6251
6254
6258
6260
6263
6264
6264
6265
6271
6273
6275
6275
6276
6283
6289
6294
6305
6305
6308
6312
6313
6314
6315
6317
6323
6328
6334
6336
6338
6345
6348
6355
6357
6370
6371
6372
6374
6375
6379
6380
6381
6381
6382
6383
6383
6384
6386
6386
6386
6386
6391
6393
6398
6400
6402
6406
6411
6413
6417
6423
6424
6437
6439
6439
6442
6443
6446
6450
6452
6456
6459
6459
6461
6469
6469
6470
6470
6472
6474
6476
6476
6480
6483
6487
6487
6487
6487
6488
6493
6508
6511
6514
6527
6527
6531
6533
6533
6541
6545
6551
6553
6554
6555
6555
6556
6563
6564
6570
6570
6571
6574
6578
6579
6582
6582
6584
6584
6585
6587
6587
6588
6589
6590
6590
6604
6609
6609
6609
6614
6615
6622
6625
6631
6631
6631
6632
6636
6648
6649
6651
6653
6666
6668
6671
6672
6677
6677
6680
6681
6684
6690
6696
6701
6701
6702
6702
6702
6707
6707
6711
6712
6715
6723
6723
6723
6724
6726
6728
6728
6729
6734
6735
6738
6755
6759
6759
6763
6768
6774
6777
6782
6787
6787
6789
6791
6793
6796
6796
6800
6805
6808
6814
6814
6815
6815
6817
6817
6824
6824
6827
6829
6834
6834
6836
6837
6843
6853
6857
6863
6865
6867
6871
6878
6880
6881
6883
6886
6894
6895
6895
6901
6902
6908
6912
6920
6920
6921
6921
6925
6925
6927
6927
6928
6933
6942
6942
6950
6951
6962
6964
6968
6973
6985
6986
6987
6987
6993
6994
6995
7004
7008
7019
7020
7020
7027
7031
7031
7031
7037
7043
7045
7053
7057
7067
7069
7081
7084
7095
7098
7099
7100
7100
7101
7105
7111
7117
7122
7123
7123
7128
7128
7129
7135
7135
7138
7143
7149
7154
7157
7158
7165
7169
7175
7179
7179
7183
7188
7190
7192
7192
7197
7199
7203
7209
7216
7220
7222
7226
7229
7231
7233
7240
7240
7241
7243
7245
7245
7248
7260
7264
7270
7272
7280
7281
7283
7285
7291
7294
7296
7300
7302
7307
7311
7315
7316
7316
7331
7335
7341
7344
7347
7351
7361
7363
7368
7370
7372
7372
7377
7378
7382
7385
7390
7390
7394
7399
7408
7427
7428
7440
7441
7450
7452
7455
7467
7481
7485
7486
7493
7494
7497
7499
7500
7502
7505
7509
7511
7517
7520
7520
7521
7521
7521
7531
7534
7537
7537
7539
7543
7546
7548
7549
7550
7550
7551
7556
7565
7567
7568
7573
7580
7584
7588
7588
7592
7593
7593
7595
7601
7603
7604
7613
7617
7618
7621
7626
7632
7640
7650
7653
7654
7658
7659
7664
7671
7671
7672
7679
7681
7685
7688
7688
7694
7696
7698
7701
7701
7702
7702
7707
7708
7710
7715
7722
7723
7725
7728
7738
7742
7743
7744
7751
7761
7762
7764
7771
7782
7784
7786
7787
7795
7797
7806
7811
7813
7813
7814
7815
7820
7820
7824
7826
7828
7829
7829
7835
7840
7842
7854
7874
7880
7880
7880
7881
7882
7883
7883
7887
7895
7898
7902
7907
7913
7916
7916
7916
7917
7918
7922
7927
7929
7930
7934
7940
7952
7953
7955
7956
7965
7965
7968
7970
7972
7976
7977
7989
7991
7992
7997
7998
7998
7999
7999
8003
8004
8005
8010
8011
8013
8013
8018
8019
8020
8022
8025
8026
8032
8032
8043
8046
8050
8052
8064
8064
8066
8066
8069
8079
8081
8083
8084
8085
8086
8089
8095
8102
8109
8111
8116
8118
8122
8126
8127
8128
8141
8149
8155
8160
8162
8163
8166
8167
8171
8171
8172
8174
8179
8180
8180
8190
8198
8198
8199
8200
8202
8203
8204
8207
8211
8212
8213
8214
8217
8219
8222
8229
8230
8230
8237
8242
8242
8243
8253
8254
8257
8259
8265
8267
8268
8271
8276
8277
8279
8286
8290
8291
8294
8300
8306
8316
8318
8328
8330
8336
8337
8339
8342
8344
8351
8355
8356
8361
8362
8362
8366
8370
8371
8376
8386
8387
8389
8389
8394
8397
8397
8397
8399
8400
8403
8404
8410
8410
8416
8419
8423
8424
8428
8431
8439
8443
8445
8447
8452
8459
8462
8465
8470
8474
8480
8482
8482
8485
8491
8495
8496
8500
8502
8502
8504
8506
8507
8527
8528
8539
8540
8543
8544
8552
8555
8562
8566
8568
8570
8572
8572
8575
8581
8587
8587
8588
8588
8595
8598
8599
8600
8602
8604
8610
8615
8618
8619
8619
8630
8634
8635
8636
8643
8643
8643
8643
8646
8654
8658
8663
8666
8671
8673
8675
8675
8676
8677
8680
8681
8681
8683
8690
8693
8694
8695
8701
8701
8702
8704
8705
8705
8707
8709
8714
8715
8717
8722
8726
8736
8747
8749
8749
8750
8752
8752
8757
8759
8760
8772
8773
8773
8778
8783
8783
8787
8793
8804
8816
8819
8838
8846
8850
8855
8857
8860
8866
8869
8869
8870
8870
8878
8879
8883
8892
8892
8893
8895
8900
8903
8905
8913
8918
8921
8923
8924
8928
8933
8938
8938
8941
8942
8945
8951
8953
8956
8959
8972
8975
8976
8981
8987
8988
8989
8992
8996
8999
8999
9007
9007
9008
9012
9016
9018
9020
9022
9023
9025
9028
9031
9039
9041
9043
9044
9050
9051
9052
9053
9054
9055
9061
9062
9065
9065
9075
9078
9079
9079
9085
9088
9090
9091
9097
9098
9099
9100
9108
9117
9117
9119
9120
9123
9124
9129
9130
9130
9131
9132
9133
9135
9140
9145
9151
9156
9158
9166
9168
9169
9169
9170
9172
9183
9184
9188
9190
9192
9201
9208
9210
9213
9215
9216
9227
9229
9231
9234
9235
9240
9240
9244
9252
9253
9260
9263
9264
9270
9272
9274
9277
9278
9286
9286
9290
9291
9295
9300
9305
9318
9335
9337
9340
9341
9345
9356
9357
9358
9358
9363
9370
9372
9376
9377
9378
9380
9382
9384
9388
9389
9391
9393
9395
9398
9399
9411
9411
9422
9433
9433
9433
9441
9443
9449
9449
9450
9453
9456
9460
9460
9463
9475
9475
9475
9476
9476
9489
9490
9492
9493
9495
9499
9500
9506
9509
9512
9514
9521
9524
9528
9530
9531
9535
9536
9538
9541
9543
9543
9550
9555
9556
9563
9565
9571
9574
9576
9576
9580
9582
9584
9585
9586
9586
9594
9606
9609
9616
9630
9631
9631
9641
9642
9645
9645
9645
9648
9653
9658
9660
9662
9667
9679
9683
9684
9685
9690
9691
9695
9698
9701
9701
9705
9705
9708
9708
9709
9715
9726
9729
9736
9737
9739
9751
9756
9757
9758
9760
9764
9766
9768
9775
9776
9780
9780
9797
9799
9799
9800
9801
9801
9805
9806
9814
9820
9825
9828
9830
9831
9838
9838
9838
9839
9839
9840
9842
9843
9844
9855
9860
9860
9870
9881
9882
9884
9890
9891
9894
9895
9906
9912
9914
9918
9924
9928
9932
9941
9941
9941
9941
9942
9944
9955
9958
9963
9971
9975
9975
9975
9979
9986
9992
10000
10000
10002
10003
10021
10026
10027
10043
10045
10055
10059
10062
10063
10065
10070
10070
10074
10075
10079
10081
10085
10088
10092
10095
10102
10105
10113
10118
10122
10127
10129
10131
10136
10138
10138
10140
10143
10143
10144
10148
10149
10152
10158
10159
10168
10169
10171
10172
10173
10174
10175
10182
10185
10186
10186
10189
10190
10195
10202
10205
10217
10224
10234
10241
10244
10247
10265
10268
10273
10273
10276
10280
10283
10284
10286
10288
10296
10299
10302
10306
10311
10318
10325
10327
10333
10335
10336
10336
10337
10340
10342
10347
10351
10352
10353
10355
10366
10366
10367
10369
10370
10377
10378
10379
10386
10386
10395
10397
10407
10411
10415
10418
10420
10423
10424
10427
10430
10435
10444
10447
10452
10458
10460
10463
10464
10471
10471
10472
10476
10481
10488
10489
10494
10497
10500
10501
10510
10511
10513
10518
10521
10522
10526
10527
10532
10542
10546
10549
10550
10552
10555
10556
10557
10561
10569
10574
10576
10583
10587
10587
10595
10595
10598
10600
10610
10613
10627
10633
10634
10636
10640
10641
10643
10644
10648
10649
10652
10653
10656
10657
10665
10666
10670
10670
10672
10677
10678
10695
10720
10726
10737
10739
10752
10753
10756
10757
10758
10759
10761
10763
10766
10767
10773
10774
10776
10779
10779
10783
10786
10787
10788
10792
10800
10801
10807
10813
10819
10821
10822
10823
10828
10829
10831
10833
10837
10844
10847
10848
10850
10852
10853
10855
10862
10864
10865
10873
10885
10888
10889
10889
10890
10891
10895
10897
10905
10909
10915
10917
10920
10928
10930
10931
10933
10934
10941
10943
10945
10947
10948
10948
10951
10954
10955
10963
10963
10964
10966
10971
10982
10991
10991
10992
10996
10998
11006
11019
11020
11021
11023
11024
11031
11032
11034
11035
11045
11046
11047
11048
11049
11053
11058
11062
11063
11067
11068
11072
11073
11075
11076
11077
11081
11082
11085
11090
11093
11096
11097
11102
11102
11103
11105
11107
11116
11122
11125
11128
11131
11134
11134
11136
11140
11140
11145
11152
11152
11154
11163
11165
11175
11176
11180
11180
11182
11191
11193
11195
11198
11200
11201
11212
11216
11218
11224
11226
11226
11228
11228
11228
11229
11237
11241
11244
11250
11253
11259
11269
11273
11275
11275
11276
11277
11286
11288
11288
11289
11296
11296
11298
11298
11304
11310
11311
11317
11317
11318
11318
11319
11336
11336
11336
11337
11342
11349
11350
11352
11355
11357
11359
11363
11364
11367
11367
11370
11370
11375
11376
11377
11383
11387
11388
11391
11399
11400
11403
11406
11410
11415
11417
11420
11422
11423
11424
11425
11435
11444
11445
11446
11453
11455
11457
11465
11468
11474
11474
11476
11482
11485
11485
11491
11494
11497
11502
11503
11503
11519
11526
11528
11530
11532
11538
11541
11542
11554
11555
11556
11559
11563
11566
11568
11568
11573
11580
11581
11582
11584
11584
11588
11589
11590
11595
11598
11606
11608
11610
11618
11620
11620
11623
11625
11636
11639
11650
11658
11658
11659
11662
11664
11666
11667
11667
11668
11673
11675
11683
11693
11695
11698
11700
11708
11713
11714
11720
11721
11726
11732
11732
11736
11738
11740
11752
11752
11754
11756
11759
11770
11771
11773
11777
11784
11785
11786
11789
11800
11803
11804
11809
11811
11813
11817
11820
11823
11827
11828
11828
11833
11836
11841
11850
11853
11854
11855
11862
11867
11869
11870
11872
11874
11876
11879
11886
11887
11889
11891
11894
11894
11900
11902
11903
11910
11919
11928
11928
11930
11931
11934
11939
11945
11946
11957
11958
11968
11969
11974
11976
11979
11980
11981
11983
11988
11993
11993
12001
12002
12003
12004
12006
12009
12009
12016
12019
12019
12028
12032
12040
12041
12043
12046
12048
12049
12052
12057
12058
12068
12072
12073
12079
12081
12087
12094
12097
12099
12103
12107
12108
12109
12115
12120
12120
12130
12131
12131
12135
12141
12142
12142
12144
12146
12147
12153
12159
12159
12160
12162
12170
12171
12173
12178
12181
12182
12183
12184
12187
12188
12192
12193
12195
12207
12207
12214
12218
12220
12227
12232
12232
12235
12239
12255
12260
12263
12265
12266
12266
12270
12272
12280
12280
12284
12294
12297
12303
12307
12309
12312
12313
12326
12330
12330
12330
12331
12335
12336
12338
12344
12349
12356
12362
12367
12369
12369
12372
12374
12374
12383
12386
12389
12391
12394
12395
12402
12409
12410
12412
12414
12414
12415
12422
12426
12427
12427
12428
12431
12448
12455
12455
12459
12463
12463
12465
12468
12470
12474
12475
12477
12478
12483
12486
12488
12490
12493
12496
12496
12497
12504
12515
12515
12518
12523
12524
12536
12538
12539
12539
12541
12548
12554
12555
12556
12560
12583
12584
12588
12591
12592
12594
12594
12594
12607
12610
12612
12615
12621
12625
12627
12636
12637
12638
12639
12646
12657
12660
12665
12668
12668
12671
12674
12674
12678
12679
12686
12687
12691
12694
12696
12696
12697
12697
12697
12701
12702
12703
12703
12705
12714
12719
12731
12739
12739
12740
12741
12742
12742
12754
12755
12765
12769
12778
12779
12784
12786
12793
12795
12795
12797
12799
12800
12810
12816
12821
12823
12827
12827
12827
12831
12834
12835
12841
12844
12848
12848
12849
12852
12855
12858
12858
12859
12861
12863
12864
12867
12868
12868
12872
12873
12880
12882
12882
12885
12886
12889
12889
12891
12900
12903
12904
12905
12908
12912
12914
12917
12918
12926
12934
12936
12939
12941
12944
12946
12948
12949
12951
12961
12963
12963
12963
12968
12970
12970
12973
12979
12981
12987
12997
13000
13000
13013
13013
13014
13016
13026
13027
13029
13030
13031
13033
13034
13035
13036
13038
13039
13040
13052
13054
13056
13057
13062
13064
13072
13077
13080
13080
13083
13084
13085
13085
13088
13096
13099
13100
13102
13103
13106
13107
13111
13114
13115
13116
13130
13135
13137
13138
13138
13140
13143
13154
13158
13161
13163
13165
13168
13172
13174
13177
13178
13184
13189
13194
13202
13204
13205
13205
13215
13217
13218
13219
13219
13227
13232
13234
13236
13237
13240
13243
13246
13252
13261
13261
13268
13270
13270
13270
13273
13275
13276
13278
13279
13282
13297
13297
13303
13305
13310
13311
13312
13312
13315
13319
13320
13326
13326
13330
13331
13332
13335
13341
13342
13342
13344
13344
13349
13354
13355
13356
13358
13359
13359
13363
13369
13373
13373
13374
13378
13378
13380
13380
13386
13387
13404
13405
13410
13413
13424
13425
13426
13429
13430
13431
13436
13436
13439
13446
13447
13451
13452
13454
13459
13460
13462
13468
13472
13478
13479
13480
13482
13488
13489
13490
13492
13495
13495
13499
13521
13522
13525
13526
13527
13530
13531
13531
13531
13536
13537
13538
13542
13545
13547
13547
13550
13552
13555
13556
13558
13560
13563
13566
13566
13568
13570
13571
13577
13579
13586
13587
13596
13599
13602
13607
13611
13615
13616
13617
13617
13620
13620
13622
13624
13629
13630
13631
13643
13645
13645
13651
13655
13657
13659
13661
13670
13677
13679
13689
13693
13696
13703
13704
13704
13705
13708
13710
13715
13717
13719
13723
13727
13731
13736
13737
13740
13742
13742
13744
13748
13756
13764
13765
13778
13783
13787
13788
13794
13795
13797
13800
13802
13812
13812
13813
13813
13819
13832
13834
13838
13843
13843
13846
13855
13856
13859
13860
13866
13870
13876
13877
13881
13884
13886
13892
13903
13904
13906
13911
13911
13916
13919
13920
13922
13923
13923
13925
13929
13933
13935
13938
13945
13946
13949
13950
13959
13960
13961
13962
13965
13968
13974
13975
13978
13979
13983
13993
13993
13994
14000
14001
14008
14011
14011
14024
14024
14028
14032
14032
14035
14047
14048
14051
14052
14054
14057
14072
14075
14075
14075
14078
14080
14084
14094
14097
14097
14097
14099
14100
14107
14110
14112
14115
14119
14119
14126
14127
14131
14133
14134
14138
14140
14141
14148
14149
14153
14154
14160
14162
14163
14166
14167
14173
14180
14180
14184
14185
14187
14189
14189
14197
14198
14202
14203
14205
14210
14210
14212
14214
14220
14220
14220
14229
14230
14232
14232
14233
14234
14234
14242
14244
14246
14247
14253
14259
14261
14271
14271
14275
14277
14278
14279
14285
14289
14293
14294
14299
14302
14303
14304
14305
14310
14311
14315
14316
14319
14323
14324
14325
14333
14333
14336
14341
14342
14344
14345
14346
14347
14353
14356
14367
14371
14386
14393
14399
14405
14408
14408
14415
14416
14421
14425
14428
14429
14431
14431
14437
14445
14455
14457
14462
14469
14478
14480
14480
14482
14485
14490
14492
14507
14509
14516
14518
14521
14525
14527
14529
14533
14533
14537
14538
14541
14541
14542
14545
14547
14549
14549
14555
14559
14559
14559
14562
14565
14566
14566
14567
14567
14570
14571
14587
14595
14596
14599
14601
14604
14607
14610
14615
14622
14623
14632
14634
14637
14637
14638
14641
14645
14647
14650
14650
14653
14663
14669
14670
14675
14676
14679
14682
14687
14687
14689
14697
14699
14701
14701
14704
14705
14707
14708
14712
14715
14717
14721
14725
14736
14741
14742
14743
14745
14760
14762
14767
14768
14768
14770
14771
14773
14776
14776
14777
14783
14783
14785
14790
14790
14797
14800
14802
14806
14809
14821
14823
14823
14823
14823
14824
14828
14828
14831
14834
14839
14848
14851
14852
14855
14858
14874
14877
14880
14881
14887
14892
14896
14896
14899
14902
14904
14910
14913
14920
14921
14925
14927
14930
14930
14932
14932
14933
14934
14936
14937
14940
14941
14942
14945
14950
14962
14979
14983
14985
14985
14986
14988
14988
14989
14990
14991
14992
14995
15000
15009
15009
15009
15010
15014
15018
15024
15035
15040
15047
15051
15062
15065
15070
15072
15073
15083
15084
15085
15087
15092
15097
15098
15102
15113
15117
15120
15124
15125
15131
15131
15132
15138
15144
15147
15148
15157
15159
15161
15167
15169
15172
15173
15185
15188
15189
15196
15205
15205
15207
15208
15210
15212
15213
15223
15231
15231
15240
15240
15241
15245
15245
15246
15247
15249
15253
15264
15265
15266
15267
15268
15269
15273
15275
15280
15280
15282
15288
15294
15294
15295
15296
15313
15319
15320
15322
15332
15336
15342
15346
15351
15356
15358
15366
15367
15368
15372
15372
15373
15377
15379
15395
15402
15403
15404
15404
15409
15414
15422
15428
15428
15429
15432
15432
15435
15443
15445
15449
15451
15451
15452
15465
15471
15481
15486
15488
15496
15498
15501
15505
15514
15515
15516
15516
15518
15525
15527
15530
15536
15536
15545
15546
15547
15561
15567
15569
15570
15571
15578
15583
15586
15587
15587
15588
15589
15589
15590
15594
15597
15597
15598
15598
15604
15609
15615
15626
15627
15631
15638
15641
15643
15651
15652
15653
15654
15657
15660
15662
15663
15673
15676
15676
15685
15685
15690
15693
15696
15701
15705
15708
15709
15710
15712
15713
15717
15723
15726
15729
15741
15743
15743
15744
15747
15747
15748
15761
15769
15773
15774
15774
15774
15776
15776
15777
15778
15781
15782
15788
15791
15792
15795
15807
15810
15810
15819
15820
15825
15833
15834
15835
15836
15840
15840
15841
15846
15850
15855
15857
15862
15874
15874
15876
15878
15882
15883
15884
15887
15890
15891
15899
15901
15907
15911
15914
15914
15914
15916
15919
15923
15924
15932
15933
15935
15937
15943
15943
15948
15949
15951
15955
15960
15962
15965
15965
15965
15970
15973
15974
15974
15978
15978
15983
15984
15998
16000
16000
16002
16002
16002
16005
16008
16008
16008
16012
16013
16014
16026
16028
16029
16031
16031
16034
16037
16038
16043
16046
16056
16062
16066
16067
16068
16069
16071
16075
16078
16095
16099
16101
16111
16111
16112
16115
16116
16116
16117
16117
16126
16128
16133
16141
16146
16146
16146
16148
16149
16154
16158
16159
16162
16164
16167
16168
16171
16173
16174
16175
16175
16178
16180
16185
16196
16199
16224
16227
16230
16238
16239
16242
16243
16243
16250
16254
16254
16262
16262
16264
16265
16278
16281
16288
16290
16291
16291
16292
16293
16294
16304
16305
16306
16307
16307
16317
16317
16323
16326
16326
16337
16344
16345
16347
16348
16350
16358
16362
16363
16364
16365
16369
16370
16372
16374
16381
16382
16398
16400
16402
16402
16402
16407
16408
16421
16422
16431
16437
16438
16440
16441
16445
16448
16451
16452
16453
16456
16462
16466
16469
16476
16476
16483
16484
16486
16488
16492
16493
16496
16498
16501
16506
16507
16508
16510
16513
16518
16520
16527
16532
16539
16541
16553
16554
16560
16564
16567
16571
16571
16590
16592
16592
16597
16598
16602
16603
16603
16610
16614
16617
16619
16624
16630
16631
16632
16637
16638
16645
16652
16654
16673
16676
16683
16695
16696
16696
16701
16706
16706
16707
16710
16713
16719
16720
16729
16730
16732
16736
16737
16737
16738
16740
16744
16745
16746
16748
16749
16752
16752
16755
16756
16761
16763
16763
16767
16774
16777
16778
16783
16789
16790
16797
16803
16804
16808
16814
16822
16829
16830
16831
16836
16838
16840
16842
16848
16849
16855
16858
16859
16861
16867
16867
16868
16870
16873
16876
16877
16880
16881
16889
16890
16892
16893
16900
16904
16906
16911
16913
16920
16930
16931
16937
16937
16938
16949
16950
16969
16970
16977
16980
16980
16983
16984
16984
16992
16997
16998
17000
17002
17006
17014
17016
17017
17024
17028
17031
17031
17031
17036
17041
17042
17042
17044
17045
17048
17051
17055
17060
17065
17070
17072
17080
17081
17083
17084
17088
17088
17091
17093
17095
17096
17096
17096
17099
17100
17101
17106
17110
17118
17124
17128
17130
17133
17137
17142
17143
17145
17145
17146
17147
17148
17150
17153
17158
17159
17161
17162
17166
17170
17175
17178
17178
17195
17196
17198
17208
17209
17212
17213
17216
17217
17223
17224
17229
17235
17237
17239
17240
17244
17248
17250
17252
17253
17254
17260
17260
17264
17265
17265
17279
17280
17283
17286
17287
17289
17289
17292
17292
17293
17293
17296
17302
17304
17307
17323
17326
17329
17330
17331
17339
17340
17349
17363
17364
17370
17376
17378
17379
17383
17399
17401
17411
17413
17417
17419
17422
17425
17426
17427
17436
17436
17437
17444
17445
17447
17457
17457
17465
17465
17467
17469
17472
17475
17476
17483
17485
17493
17495
17505
17506
17508
17509
17513
17513
17515
17526
17528
17528
17529
17536
17538
17539
17540
17542
17555
17556
17566
17571
17579
17579
17580
17582
17583
17585
17586
17587
17588
17591
17591
17599
17608
17608
17617
17625
17625
17636
17646
17647
17647
17648
17649
17651
17659
17663
17663
17665
17671
17673
17675
17678
17680
17690
17706
17707
17709
17713
17717
17721
17729
17731
17732
17736
17740
17741
17745
17748
17752
17756
17764
17765
17775
17786
17788
17795
17802
17803
17806
17807
17812
17815
17819
17819
17841
17848
17850
17853
17855
17857
17860
17860
17861
17862
17868
17869
17870
17872
17878
17879
17880
17888
17897
17897
17899
17900
17911
17921
17924
17929
17933
17934
17934
17935
17938
17939
17940
17940
17951
17951
17960
17961
17964
17966
17968
17982
17988
17997
18000
18001
18003
18012
18012
18021
18021
18023
18026
18026
18026
18027
18027
18032
18034
18034
18036
18036
18037
18037
18045
18046
18047
18049
18049
18050
18052
18054
18057
18058
18060
18062
18065
18067
18072
18077
18078
18080
18084
18085
18086
18088
18098
18100
18101
18101
18103
18105
18109
18110
18120
18133
18137
18141
18146
18149
18152
18153
18157
18166
18166
18166
18172
18175
18182
18182
18184
18184
18187
18189
18189
18191
18194
18197
18201
18204
18210
18214
18218
18218
18223
18224
18231
18233
18243
18248
18258
18266
18275
18276
18282
18286
18301
18304
18305
18305
18307
18307
18307
18308
18311
18312
18313
18316
18317
18318
18323
18329
18333
18335
18339
18342
18343
18346
18350
18358
18359
18360
18361
18364
18368
18377
18377
18382
18388
18401
18403
18405
18411
18411
18417
18417
18418
18421
18431
18432
18433
18433
18440
18441
18442
18443
18444
18447
18450
18452
18452
18452
18453
18453
18457
18461
18462
18463
18463
18469
18470
18472
18472
18473
18474
18474
18479
18481
18481
18483
18484
18484
18486
18490
18493
18500
18506
18510
18513
18523
18526
18528
18538
18546
18550
18553
18557
18559
18560
18561
18563
18567
18569
18572
18572
18573
18581
18582
18588
18589
18593
18597
18600
18602
18604
18606
18607
18611
18616
18624
18626
18627
18630
18636
18641
18642
18648
18650
18650
18653
18668
18669
18669
18672
18674
18679
18683
18685
18686
18692
18702
18705
18705
18719
18721
18730
18732
18733
18737
18738
18738
18741
18742
18742
18747
18751
18753
18764
18766
18774
18779
18780
18781
18785
18788
18792
18795
18795
18795
18796
18799
18800
18806
18811
18815
18822
18825
18826
18830
18832
18833
18834
18840
18843
18855
18856
18858
18858
18859
18873
18873
18874
18896
18898
18901
18921
18922
18925
18930
18932
18941
18945
18951
18952
18954
18958
18958
18958
18965
18969
18970
18975
18981
18984
18990
18997
19004
19005
19006
19010
19013
19014
19017
19018
19021
19033
19034
19035
19042
19043
19043
19049
19051
19051
19052
19060
19061
19065
19065
19067
19070
19072
19075
19079
19083
19083
19083
19085
19088
19091
19093
19094
19100
19100
19104
19106
19109
19110
19130
19134
19134
19137
19139
19141
19146
19149
19151
19153
19157
19158
19160
19162
19163
19168
19168
19168
19175
19175
19178
19178
19179
19184
19188
19188
19189
19190
19190
19191
19192
19194
19196
19198
19207
19209
19211
19212
19214
19217
19218
19222
19224
19229
19235
19236
19242
19243
19258
19262
19268
19270
19271
19271
19272
19272
19274
19277
19292
19294
19295
19297
19305
19306
19307
19315
19318
19321
19324
19324
19325
19325
19327
19332
19333
19337
19339
19340
19342
19346
19346
19354
19356
19362
19369
19369
19370
19374
19382
19384
19389
19390
19390
19399
19405
19407
19412
19415
19415
19416
19417
19419
19420
19422
19427
19430
19434
19442
19442
19442
19443
19444
19448
19453
19456
19456
19461
19464
19467
19469
19471
19473
19475
19476
19480
19483
19484
19484
19490
19497
19504
19505
19513
19515
19518
19519
19520
19526
19526
19530
19537
19537
19545
19549
19551
19552
19552
19553
19554
19563
19567
19570
19571
19574
19577
19577
19577
19579
19580
19581
19581
19583
19586
19598
19599
19599
19612
19612
19617
19617
19617
19626
19627
19628
19631
19636
19639
19650
19655
19655
19656
19662
19669
19673
19675
19698
19706
19706
19707
19708
19709
19710
19712
19718
19719
19725
19729
19734
19735
19737
19743
19745
19748
19749
19750
19755
19757
19758
19759
19763
19765
19769
19769
19771
19771
19776
19777
19777
19785
19789
19790
19793
19797
19799
19803
19805
19806
19809
19817
19818
19819
19821
19824
19826
19828
19830
19831
19850
19856
19858
19860
19866
19870
19875
19876
19877
19877
19881
19882
19886
19888
19891
19893
19898
19899
19904
19906
19914
19915
19917
19918
19923
19928
19929
19930
19939
19940
19940
19946
19950
19950
19951
19954
19960
19960
19965
19966
19972
19972
19972
19975
19980
19980
19981
19981
19991
19992
19993
19994
19994
20003
20007
20007
20010
20010
20018
20019
20021
20021
20024
20025
20026
20028
20031
20034
20043
20057
20063
20064
20072
20077
20080
20085
20095
20098
20099
20100
20102
20106
20117
20122
20123
20124
20124
20130
20132
20133
20141
20143
20148
20154
20160
20164
20165
20167
20169
20170
20172
20175
20177
20178
20180
20183
20194
20195
20195
20199
20200
20201
20204
20204
20206
20210
20211
20217
20221
20221
20222
20223
20225
20227
20228
20228
20231
20232
20234
20236
20238
20240
20241
20244
20244
20253
20255
20255
20255
20256
20257
20259
20261
20270
20274
20280
20284
20284
20285
20292
20294
20300
20300
20302
20303
20304
20306
20308
20316
20318
20319
20336
20339
20342
20348
20348
20353
20354
20354
20355
20356
20357
20358
20358
20362
20362
20366
20368
20369
20382
20385
20386
20387
20391
20391
20393
20394
20395
20405
20409
20419
20419
20420
20420
20423
20423
20425
20432
20439
20439
20442
20449
20451
20457
20463
20467
20468
20468
20476
20477
20482
20489
20494
20495
20496
20502
20508
20509
20510
20516
20518
20518
20520
20520
20522
20523
20524
20525
20532
20534
20536
20541
20543
20548
20554
20556
20556
20559
20561
20563
20564
20569
20570
20570
20570
20572
20579
20582
20587
20587
20590
20592
20595
20599
20603
20605
20610
20613
20613
20614
20614
20617
20618
20626
20637
20640
20644
20647
20651
20652
20652
20653
20654
20655
20657
20660
20664
20668
20673
20674
20677
20677
20682
20690
20693
20694
20698
20704
20708
20708
20712
20716
20721
20722
20724
20725
20725
20728
20735
20739
20751
20752
20753
20754
20758
20760
20763
20764
20765
20767
20773
20777
20777
20782
20794
20796
20796
20800
20800
20802
20804
20811
20814
20815
20816
20816
20818
20821
20824
20827
20829
20832
20836
20837
20838
20844
20845
20847
20849
20854
20854
20856
20860
20860
20861
20866
20876
20878
20884
20884
20890
20890
20898
20899
20899
20912
20923
20924
20931
20935
20938
20942
20947
20953
20956
20959
20961
20976
20979
20979
20980
20981
20982
20985
20985
20991
20993
20999
20999
21019
21020
21021
21022
21029
21030
21031
21043
21048
21049
21072
21089
21099
21100
21110
21117
21126
21127
21129
21130
21131
21131
21133
21137
21139
21144
21146
21146
21148
21150
21154
21158
21161
21168
21168
21169
21175
21177
21181
21188
21188
21196
21197
21201
21207
21211
21218
21224
21227
21227
21232
21237
21241
21241
21242
21243
21245
21246
21251
21253
21255
21258
21265
21266
21267
21269
21271
21278
21280
21281
21287
21287
21291
21294
21299
21301
21309
21310
21313
21316
21317
21327
21327
21328
21328
21332
21342
21349
21352
21355
21357
21357
21360
21363
21377
21382
21386
21389
21392
21392
21393
21401
21409
21409
21410
21411
21417
21422
21430
21438
21438
21444
21446
21449
21451
21451
21451
21453
21455
21455
21460
21464
21469
21473
21482
21483
21485
21493
21495
21499
21501
21501
21510
21511
21515
21516
21522
21526
21527
21528
21528
21531
21534
21538
21540
21540
21546
21549
21551
21551
21557
21558
21559
21561
21561
21572
21576
21576
21576
21579
21585
21589
21590
21597
21600
21602
21603
21605
21606
21608
21618
21618
21620
21622
21623
21625
21626
21627
21629
21631
21633
21634
21639
21640
21643
21646
21649
21656
21657
21657
21660
21662
21664
21666
21667
21669
21672
21678
21680
21682
21683
21695
21696
21697
21699
21702
21703
21703
21706
21709
21711
21712
21720
21724
21725
21726
21727
21729
21729
21738
21747
21753
21754
21756
21757
21766
21768
21768
21772
21773
21776
21781
21788
21788
21789
21790
21790
21791
21795
21796
21798
21800
21803
21807
21818
21821
21823
21837
21838
21843
21850
21861
21866
21867
21871
21872
21874
21875
21885
21890
21892
21894
21897
21898
21903
21903
21903
21904
21911
21912
21928
21930
21932
21938
21949
21949
21952
21957
21967
21967
21967
21970
21972
21973
21977
21978
21979
21980
21981
21991
21994
21996
21997
22009
22010
22011
22013
22014
22019
22020
22021
22023
22024
22030
22031
22033
22047
22048
22051
22052
22055
22058
22063
22065
22072
22074
22075
22075
22084
22088
22091
22092
22094
22097
22099
22106
22107
22118
22132
22133
22137
22139
22144
22154
22156
22157
22158
22166
22177
22179
22179
22184
22187
22190
22192
22194
22197
22204
22206
22207
22208
22212
22216
22222
22222
22224
22231
22231
22233
22238
22244
22247
22248
22252
22252
22254
22258
22262
22264
22265
22265
22265
22265
22268
22269
22270
22273
22274
22276
22280
22281
22281
22284
22287
22288
22294
22297
22299
22308
22314
22314
22315
22319
22324
22327
22336
22343
22344
22347
22351
22357
22357
22360
22361
22361
22364
22365
22367
22370
22371
22372
22377
22381
22382
22386
22388
22388
22390
22393
22394
22397
22399
22399
22403
22408
22411
22414
22416
22417
22417
22420
22421
22426
22427
22428
22428
22428
22435
22440
22443
22444
22454
22454
22457
22461
22461
22462
22462
22463
22463
22465
22468
22476
22477
22484
22486
22488
22491
22493
22493
22497
22502
22504
22512
22515
22516
22519
22522
22526
22536
22538
22539
22541
22542
22543
22543
22546
22551
22551
22553
22554
22554
22555
22557
22567
22568
22568
22571
22589
22594
22596
22598
22603
22605
22605
22605
22613
22622
22624
22624
22630
22631
22641
22641
22644
22653
22658
22659
22660
22662
22663
22663
22670
22672
22678
22681
22683
22684
22696
22697
22701
22723
22727
22730
22734
22742
22743
22744
22749
22753
22755
22757
22758
22762
22767
22770
22771
22777
22784
22784
22786
22790
22797
22798
22810
22811
22816
22825
22833
22834
22835
22837
22840
22841
22844
22847
22850
22861
22862
22863
22864
22865
22867
22869
22873
22874
22883
22886
22891
22892
22896
22898
22902
22903
22903
22908
22913
22914
22918
22920
22921
22923
22925
22927
22927
22935
22940
22944
22949
22955
22960
22964
22964
22970
22974
22974
22988
22989
22996
22996
22998
23000
23002
23007
23012
23013
23016
23018
23019
23021
23021
23023
23025
23030
23032
23036
23039
23045
23048
23049
23050
23053
23055
23057
23061
23065
23065
23066
23068
23069
23074
23081
23086
23092
23094
23095
23095
23097
23105
23109
23111
23112
23114
23121
23123
23133
23139
23144
23146
23149
23150
23150
23153
23154
23156
23161
23165
23165
23166
23167
23168
23169
23172
23173
23179
23184
23188
23194
23195
23198
23199
23209
23210
23213
23218
23219
23219
23221
23222
23223
23223
23227
23227
23230
23232
23235
23237
23239
23239
23239
23241
23247
23254
23258
23260
23261
23274
23279
23280
23284
23285
23289
23289
23295
23298
23299
23304
23306
23307
23307
23308
23311
23313
23315
23318
23319
23320
23328
23334
23341
23346
23346
23349
23352
23357
23358
23363
23370
23372
23373
23375
23375
23376
23379
23382
23388
23391
23393
23394
23395
23405
23406
23407
23416
23418
23421
23424
23425
23431
23433
23444
23444
23445
23448
23458
23461
23469
23471
23471
23482
23483
23493
23494
23494
23495
23496
23501
23502
23503
23505
23506
23506
23507
23508
23510
23510
23518
23520
23521
23523
23524
23525
23536
23537
23541
23542
23543
23547
23556
23557
23565
23568
23580
23585
23595
23596
23601
23601
23614
23614
23615
23616
23621
23621
23623
23630
23631
23636
23652
23656
23658
23659
23661
23664
23667
23669
23669
23677
23682
23687
23688
23691
23691
23694
23694
23695
23697
23707
23711
23717
23723
23724
23724
23730
23736
23743
23744
23748
23750
23751
23752
23754
23756
23760
23763
23766
23768
23772
23777
23777
23780
23785
23786
23789
23792
23798
23801
23804
23804
23809
23813
23817
23827
23836
23838
23838
23841
23849
23854
23859
23873
23877
23879
23884
23886
23886
23894
23899
23899
23900
23901
23902
23906
23908
23908
23912
23920
23929
23935
23938
23938
23938
23940
23941
23947
23950
23955
23959
23959
23962
23965
23985
23989
23991
23991
23995
23995
23996
24001
24005
24017
24030
24033
24040
24044
24044
24055
24068
24071
24075
24077
24079
24083
24083
24087
24100
24102
24104
24115
24115
24116
24124
24126
24127
24129
24131
24136
24139
24142
24144
24144
24146
24146
24150
24154
24155
24158
24160
24165
24167
24170
24173
24173
24174
24174
24177
24185
24192
24193
24193
24195
24199
24203
24207
24208
24210
24219
24230
24231
24235
24240
24244
24247
24247
24255
24257
24257
24257
24260
24260
24265
24266
24267
24268
24274
24275
24279
24279
24282
24283
24284
24290
24293
24294
24295
24296
24306
24307
24307
24314
24316
24317
24318
24321
24327
24330
24334
24335
24342
24353
24358
24359
24360
24362
24362
24363
24363
24367
24371
24373
24382
24382
24383
24383
24384
24396
24396
24398
24399
24401
24402
24403
24404
24408
24412
24418
24420
24424
24429
24433
24435
24435
24436
24437
24438
24440
24448
24450
24450
24459
24459
24465
24468
24477
24479
24485
24485
24486
24489
24490
24490
24492
24493
24494
24498
24501
24507
24510
24516
24519
24520
24527
24542
24546
24546
24549
24549
24556
24562
24563
24566
24567
24568
24572
24574
24577
24578
24580
24583
24592
24602
24607
24615
24618
24622
24626
24628
24628
24629
24632
24642
24665
24666
24666
24679
24685
24702
24704
24710
24725
24731
24754
24763
24763
24786
24787
24795
24797
24800
24803
24804
24806
24807
24811
24811
24812
24814
24816
24816
24818
24821
24828
24829
24832
24838
24839
24841
24845
24849
24850
24850
24853
24854
24854
24860
24862
24866
24869
24871
24872
24875
24877
24878
24884
24891
24892
24894
24909
24910
24914
24921
24922
24922
24924
24932
24936
24949
24950
24951
24954
24957
24963
24963
24966
24967
24973
24975
24978
24979
24979
24991
24992
24993
24994
24994
24995
24997
25006
25007
25011
25014
25016
25017
25043
25043
25044
25044
25048
25048
25061
25062
25062
25068
25069
25070
25073
25074
25079
25084
25092
25094
25097
25098
25100
25101
25106
25108
25108
25111
25117
25126
25127
25127
25131
25134
25134
25135
25148
25150
25150
25150
25158
25161
25165
25167
25174
25177
25177
25180
25184
25186
25189
25190
25191
25193
25200
25201
25206
25208
25208
25209
25211
25212
25224
25226
25232
25235
25240
25244
25255
25260
25263
25264
25265
25266
25271
25273
25276
25286
25289
25293
25300
25301
25314
25324
25327
25333
25337
25339
25341
25344
25353
25360
25361
25362
25364
25365
25371
25372
25375
25376
25378
25383
25383
25385
25389
25400
25401
25401
25404
25405
25411
25420
25421
25425
25425
25427
25430
25432
25437
25439
25446
25449
25451
25451
25452
25456
25458
25461
25468
25475
25475
25475
25475
25479
25489
25490
25492
25492
25495
25496
25498
25508
25508
25518
25521
25521
25522
25526
25526
25526
25529
25531
25533
25539
25544
25551
25556
25561
25567
25567
25569
25584
25586
25602
25607
25607
25611
25612
25615
25640
25641
25646
25648
25654
25656
25659
25662
25665
25670
25670
25672
25673
25674
25678
25679
25683
25687
25693
25694
25696
25699
25700
25701
25705
25706
25707
25709
25711
25711
25714
25715
25719
25728
25729
25729
25731
25734
25735
25735
25738
25738
25745
25755
25757
25760
25769
25778
25790
25797
25799
25800
25801
25802
25804
25806
25807
25809
25809
25811
25813
25816
25816
25818
25821
25823
25826
25828
25828
25834
25837
25847
25847
25854
25857
25865
25868
25869
25877
25885
25892
25895
25904
25905
25912
25914
25915
25915
25922
25925
25941
25944
25945
25946
25947
25952
25952
25953
25963
25963
25966
25967
25967
25971
25974
25977
25979
25989
25998
26000
26001
26007
26010
26019
26021
26024
26025
26030
26032
26039
26047
26048
26054
26056
26056
26057
26060
26061
26067
26075
26076
26077
26078
26083
26088
26088
26090
26101
26109
26110
26111
26122
26131
26132
26143
26145
26146
26148
26152
26152
26172
26173
26186
26187
26187
26187
26190
26192
26193
26196
26199
26201
26201
26202
26216
26235
26237
26237
26238
26238
26244
26245
26246
26248
26253
26256
26265
26278
26279
26282
26282
26288
26289
26292
26295
26296
26297
26298
26299
26301
26302
26306
26306
26309
26313
26318
26323
26325
26330
26332
26336
26339
26343
26348
26348
26349
26349
26356
26358
26358
26360
26362
26365
26365
26366
26378
26380
26397
26400
26402
26405
26406
26407
26407
26410
26411
26413
26418
26420
26422
26424
26425
26426
26432
26437
26442
26446
26448
26451
26452
26454
26455
26455
26462
26463
26477
26480
26480
26485
26486
26488
26489
26495
26499
26500
26503
26503
26508
26509
26513
26515
26517
26524
26525
26526
26527
26528
26532
26540
26541
26541
26545
26551
26552
26554
26559
26563
26564
26573
26581
26589
26599
26602
26604
26610
26610
26611
26614
26619
26623
26625
26625
26632
26634
26637
26651
26655
26656
26661
26668
26669
26676
26679
26680
26681
26686
26703
26707
26707
26709
26709
26711
26714
26715
26715
26718
26718
26727
26734
26738
26740
26743
26744
26746
26746
26748
26750
26756
26758
26777
26779
26779
26780
26781
26782
26785
26789
26792
26793
26799
26799
26801
26802
26810
26812
26814
26814
26815
26822
26825
26825
26831
26835
26838
26838
26839
26843
26850
26851
26859
26860
26864
26864
26866
26878
26880
26882
26886
26887
26887
26890
26899
26908
26914
26917
26928
26930
26931
26934
26934
26938
26943
26950
26965
26965
26966
26968
26969
26970
26972
26983
26984
26984
26989
26990
26993
26994
27005
27007
27010
27021
27025
27027
27031
27043
27044
27048
27048
27050
27051
27055
27062
27064
27068
27071
27073
27074
27078
27080
27084
27088
27090
27090
27092
27093
27096
27106
27106
27116
27117
27118
27120
27122
27122
27123
27123
27125
27131
27136
27137
27141
27142
27142
27143
27148
27149
27149
27155
27157
27158
27159
27162
27168
27175
27176
27179
27180
27182
27186
27189
27191
27191
27200
27202
27203
27207
27209
27215
27226
27232
27232
27233
27234
27235
27242
27244
27254
27256
27262
27269
27269
27271
27283
27285
27287
27290
27290
27298
27302
27303
27312
27315
27319
27322
27330
27333
27336
27343
27344
27345
27350
27352
27355
27356
27361
27365
27369
27372
27373
27374
27379
27384
27384
27386
27387
27398
27407
27413
27413
27416
27416
27417
27418
27423
27426
27429
27431
27434
27438
27440
27441
27441
27442
27443
27447
27448
27448
27449
27452
27453
27457
27459
27460
27462
27462
27463
27464
27467
27469
27471
27471
27471
27473
27475
27478
27481
27487
27490
27499
27503
27504
27511
27515
27515
27519
27521
27527
27528
27531
27533
27533
27538
27539
27540
27542
27544
27544
27550
27550
27551
27554
27556
27559
27559
27561
27566
27568
27569
27570
27570
27571
27572
27580
27581
27583
27586
27586
27591
27593
27596
27597
27598
27601
27612
27622
27622
27627
27628
27631
27632
27633
27633
27638
27643
27645
27646
27647
27654
27657
27681
27682
27685
27687
27694
27700
27700
27701
27702
27704
27728
27729
27731
27738
27742
27744
27747
27748
27748
27758
27762
27762
27763
27771
27774
27775
27777
27781
27781
27782
27785
27793
27797
27799
27802
27803
27807
27808
27809
27815
27816
27816
27821
27825
27835
27835
27840
27840
27840
27843
27844
27851
27852
27854
27859
27865
27866
27867
27870
27874
27874
27875
27878
27880
27881
27883
27885
27898
27900
27905
27910
27911
27917
27918
27923
27926
27945
27945
27950
27951
27955
27956
27959
27961
27961
27962
27969
27970
27974
27977
27980
27980
27987
27994
27994
27995
27995
27997
27998
28002
28007
28013
28013
28014
28019
28023
28024
28025
28026
28028
28031
28033
28040
28040
28043
28045
28046
28053
28057
28059
28060
28062
28070
28072
28073
28074
28077
28077
28085
28087
28088
28091
28091
28100
28104
28105
28107
28109
28113
28114
28116
28118
28125
28128
28130
28131
28131
28132
28132
28137
28140
28141
28143
28144
28150
28154
28155
28162
28162
28162
28165
28170
28170
28171
28173
28174
28176
28185
28190
28190
28198
28205
28208
28210
28213
28215
28216
28218
28235
28236
28237
28240
28243
28246
28247
28248
28251
28259
28266
28268
28269
28269
28276
28277
28279
28281
28281
28287
28301
28303
28328
28335
28337
28341
28345
28345
28346
28352
28354
28359
28370
28371
28372
28376
28376
28382
28390
28393
28395
28400
28402
28405
28406
28410
28412
28414
28414
28414
28420
28423
28428
28429
28429
28430
28439
28444
28456
28459
28461
28465
28470
28474
28476
28477
28478
28480
28481
28482
28487
28488
28491
28492
28492
28495
28497
28497
28504
28505
28506
28508
28523
28526
28527
28530
28532
28532
28534
28536
28542
28546
28546
28551
28553
28556
28558
28559
28560
28561
28573
28573
28575
28577
28582
28583
28585
28588
28593
28593
28595
28596
28597
28599
28601
28605
28615
28616
28617
28617
28622
28623
28628
28629
28633
28639
28642
28643
28643
28648
28661
28668
28670
28681
28682
28687
28696
28696
28707
28714
28714
28716
28720
28729
28733
28736
28736
28741
28744
28744
28745
28748
28749
28749
28751
28752
28758
28762
28762
28771
28774
28775
28776
28778
28785
28787
28787
28788
28798
28798
28798
28799
28800
28802
28804
28807
28808
28810
28811
28815
28818
28819
28825
28827
28832
28834
28834
28836
28838
28839
28840
28842
28847
28852
28853
28854
28861
28863
28865
28865
28866
28868
28869
28870
28872
28874
28881
28884
28885
28889
28892
28894
28895
28896
28902
28903
28906
28908
28909
28910
28911
28912
28915
28919
28922
28926
28932
28934
28935
28935
28937
28938
28938
28940
28951
28951
28952
28953
28955
28956
28957
28958
28960
28961
28980
28981
28983
28983
28985
28989
28990
28993
28998
29000
29002
29007
29008
29011
29011
29011
29013
29014
29014
29018
29020
29021
29025
29035
29035
29036
29039
29041
29043
29045
29048
29049
29061
29062
29068
29071
29084
29089
29093
29095
29098
29100
29100
29100
29101
29107
29108
29109
29111
29112
29115
29118
29119
29121
29121
29121
29122
29130
29140
29141
29144
29149
29161
29163
29168
29173
29174
29176
29181
29184
29187
29187
29196
29198
29201
29208
29209
29209
29210
29210
29211
29211
29212
29213
29221
29225
29226
29226
29238
29242
29244
29246
29246
29251
29253
29260
29261
29261
29264
29266
29266
29278
29281
29281
29287
29291
29292
29294
29299
29300
29300
29305
29309
29319
29319
29319
29320
29321
29327
29330
29332
29333
29347
29348
29349
29353
29355
29356
29360
29363
29367
29368
29368
29375
29376
29378
29379
29386
29388
29390
29396
29399
29400
29406
29414
29416
29418
29419
29419
29423
29437
29438
29439
29441
29442
29443
29443
29445
29445
29451
29452
29460
29461
29464
29464
29469
29480
29484
29486
29488
29488
29488
29488
29490
29495
29495
29503
29504
29505
29510
29511
29512
29515
29519
29522
29526
29527
29530
29530
29532
29533
29534
29535
29538
29540
29545
29551
29553
29563
29564
29566
29569
29570
29574
29576
29576
29588
29589
29591
29596
29600
29612
29614
29626
29628
29629
29630
29633
29635
29646
29646
29647
29665
29668
29668
29670
29670
29670
29672
29676
29677
29677
29686
29687
29698
29700
29700
29705
29706
29709
29714
29714
29715
29724
29725
29730
29734
29735
29737
29738
29739
29740
29741
29751
29751
29754
29764
29764
29773
29773
29778
29783
29784
29788
29791
29798
29800
29802
29802
29808
29813
29813
29813
29813
29817
29818
29821
29827
29833
29834
29836
29839
29844
29846
29848
29856
29863
29864
29866
29876
29877
29878
29878
29881
29881
29882
29885
29886
29890
29893
29896
29899
29901
29903
29903
29906
29908
29910
29920
29920
29922
29925
29926
29929
29931
29932
29940
29944
29947
29950
29951
29955
29958
29958
29962
29963
29966
29970
29971
29974
29974
29974
29974
29977
29980
29985
29985
29988
29989
29989
29990
30004
30008
30012
30014
30015
30015
30017
30029
30030
30032
30042
30042
30042
30043
30046
30048
30050
30050
30051
30052
30052
30056
30056
30057
30061
30066
30070
30072
30077
30079
30083
30086
30088
30091
30096
30096
30099
30100
30101
30101
30108
30112
30116
30121
30122
30127
30131
30132
30132
30133
30135
30141
30141
30145
30153
30158
30162
30162
30171
30171
30171
30172
30177
30183
30187
30187
30192
30199
30202
30205
30217
30221
30233
30233
30237
30240
30241
30249
30249
30249
30250
30250
30253
30253
30254
30270
30278
30279
30279
30288
30289
30290
30291
30292
30295
30299
30301
30306
30308
30310
30313
30320
30329
30329
30336
30341
30342
30353
30357
30367
30369
30371
30373
30380
30381
30384
30397
30397
30399
30406
30411
30412
30413
30417
30419
30422
30422
30422
30422
30425
30431
30439
30444
30446
30446
30456
30459
30461
30464
30470
30472
30474
30482
30482
30494
30494
30497
30502
30503
30504
30505
30509
30517
30517
30526
30529
30530
30532
30533
30533
30534
30535
30535
30539
30540
30543
30544
30548
30549
30551
30553
30555
30557
30558
30559
30567
30569
30570
30572
30573
30573
30581
30582
30583
30583
30586
30588
30591
30591
30595
30605
30605
30606
30608
30608
30615
30617
30620
30620
30621
30626
30627
30627
30628
30628
30630
30632
30635
30637
30640
30643
30646
30649
30654
30662
30666
30668
30669
30669
30672
30673
30674
30679
30684
30687
30689
30694
30695
30697
30701
30705
30709
30709
30712
30714
30715
30718
30720
30723
30729
30736
30736
30738
30747
30749
30751
30766
30772
30773
30777
30780
30782
30785
30785
30793
30798
30801
30801
30801
30808
30809
30814
30819
30820
30823
30828
30839
30840
30842
30843
30843
30844
30850
30850
30851
30852
30858
30859
30861
30866
30868
30868
30869
30869
30871
30883
30890
30891
30892
30892
30898
30898
30898
30900
30903
30904
30904
30905
30918
30920
30920
30926
30929
30936
30936
30937
30943
30945
30948
30948
30948
30953
30953
30959
30971
30971
30975
30978
30981
30989
30992
30996
30996
30996
30997
30998
31001
31003
31003
31004
31004
31009
31009
31012
31014
31018
31022
31023
31033
31035
31038
31038
31042
31042
31045
31048
31048
31061
31063
31066
31067
31068
31076
31076
31079
31084
31085
31085
31085
31086
31089
31090
31095
31096
31097
31106
31108
31114
31114
31118
31122
31126
31132
31133
31144
31150
31154
31158
31159
31160
31160
31161
31161
31162
31162
31170
31177
31177
31182
31190
31190
31191
31195
31197
31199
31199
31200
31200
31202
31203
31206
31209
31222
31227
31227
31229
31230
31233
31234
31239
31239
31240
31245
31247
31249
31253
31255
31256
31258
31259
31260
31271
31273
31278
31285
31293
31294
31294
31301
31302
31308
31310
31320
31323
31335
31335
31336
31336
31342
31347
31347
31348
31350
31356
31356
31358
31359
31360
31368
31368
31369
31370
31373
31377
31384
31387
31392
31394
31394
31396
31401
31401
31403
31403
31408
31409
31411
31416
31417
31419
31420
31422
31423
31433
31438
31439
31439
31441
31446
31447
31449
31452
31453
31453
31456
31459
31459
31460
31461
31462
31465
31468
31469
31481
31483
31483
31487
31487
31489
31497
31502
31504
31511
31515
31516
31518
31525
31527
31527
31527
31536
31537
31538
31538
31538
31538
31542
31543
31544
31547
31549
31552
31556
31558
31559
31561
31563
31567
31571
31574
31576
31578
31579
31580
31582
31583
31583
31584
31584
31584
31585
31588
31593
31594
31594
31613
31629
31632
31635
31636
31638
31641
31643
31647
31648
31649
31651
31652
31652
31659
31660
31665
31666
31666
31667
31671
31677
31679
31681
31682
31683
31684
31685
31694
31694
31697
31698
31708
31710
31710
31712
31716
31717
31727
31733
31738
31744
31747
31747
31748
31749
31750
31754
31756
31756
31768
31769
31769
31773
31776
31778
31778
31778
31779
31781
31782
31789
31790
31793
31795
31796
31801
31804
31810
31812
31813
31814
31819
31825
31825
31825
31830
31832
31832
31835
31841
31843
31843
31848
31848
31849
31854
31857
31857
31866
31870
31870
31874
31876
31883
31889
31892
31900
31900
31902
31904
31906
31908
31910
31911
31914
31915
31917
31919
31921
31939
31941
31950
31953
31956
31962
31965
31965
31970
31970
31970
31972
31972
31973
31974
31979
31985
31993
31993
31997
32011
32011
32011
32013
32014
32015
32017
32018
32031
32042
32042
32043
32045
32049
32051
32051
32060
32060
32064
32071
32081
32089
32091
32092
32096
32097
32102
32102
32107
32109
32113
32120
32125
32137
32142
32145
32147
32151
32155
32159
32159
32163
32166
32168
32174
32175
32185
32189
32196
32198
32201
32203
32203
32206
32207
32210
32211
32214
32216
32217
32220
32220
32221
32224
32227
32228
32234
32236
32237
32239
32244
32246
32247
32249
32249
32250
32252
32253
32258
32260
32261
32263
32264
32266
32267
32267
32268
32269
32276
32278
32278
32279
32280
32286
32287
32291
32296
32297
32298
32300
32301
32314
32315
32317
32319
32320
32326
32328
32331
32335
32337
32338
32342
32352
32354
32359
32361
32366
32367
32377
32381
32384
32398
32405
32410
32413
32415
32416
32416
32419
32424
32427
32430
32432
32434
32434
32435
32435
32438
32438
32441
32444
32446
32450
32455
32461
32461
32464
32467
32471
32473
32475
32475
32479
32480
32487
32492
32496
32499
32502
32503
32505
32509
32512
32513
32517
32517
32520
32527
32529
32529
32529
32529
32535
32537
32543
32544
32545
32550
32553
32557
32560
32560
32565
32568
32569
32570
32573
32578
32583
32595
32607
32608
32614
32618
32619
32621
32623
32628
32628
32629
32634
32637
32638
32640
32641
32649
32651
32656
32660
32669
32670
32680
32686
32687
32688
32696
32704
32707
32708
32709
32710
32715
32718
32719
32719
32720
32722
32727
32730
32733
32734
32737
32743
32743
32745
32747
32749
32750
32753
32754
32757
32761
32762
32762

