1000

1
8
12
13
14
15
34
84
87
92
94
107
109
120
129
132
133
140
143
153
171
174
178
191
192
207
215
238
253
258
266
270
279
286
303
317
343
360
366
370
373
393
418
455
455
466
468
479
480
482
488
500
501
501
510
520
525
532
534
547
586
586
587
587
590
593
599
605
610
614
615
619
635
649
650
653
668
675
685
685
689
689
693
695
696
708
711
714
718
739
741
762
765
768
771
779
782
783
787
802
802
820
830
832
839
850
861
867
902
905
910
914
915
916
916
917
923
938
942
948
952
955
961
977
983
985
988
994
995
1004
1020
1025
1027
1035
1035
1037
1039
1043
1059
1066
1067
1080
1082
1093
1103
1107
1139
1144
1144
1145
1171
1191
1201
1210
1227
1233
1234
1242
1282
1286
1301
1308
1311
1312
1319
1331
1333
1344
1348
1350
1367
1376
1387
1435
1460
1473
1482
1489
1494
1497
1498
1517
1520
1526
1526
1538
1544
1547
1547
1550
1551
1558
1578
1582
1584
1638
1650
1650
1660
1662
1680
1684
1689
1701
1720
1734
1741
1774
1794
1795
1802
1808
1821
1842
1866
1867
1874
1887
1907
1913
1921
1923
1958
1974
1979
1996
2002
2004
2005
2011
2012
2036
2036
2042
2043
2044
2048
2066
2071
2096
2111
2119
2122
2131
2155
2157
2164
2177
2180
2187
2187
2188
2241
2250
2269
2286
2287
2301
2304
2304
2314
2330
2337
2344
2361
2366
2372
2375
2386
2387
2396
2406
2421
2422
2435
2478
2482
2510
2512
2518
2519
2524
2527
2528
2529
2530
2541
2543
2552
2554
2555
2557
2571
2577
2578
2583
2588
2598
2599
2600
2610
2611
2611
2622
2652
2660
2670
2683
2698
2698
2699
2700
2707
2711
2713
2720
2739
2741
2743
2766
2774
2801
2814
2832
2837
2840
2843
2848
2864
2865
2875
2879
2882
2882
2884
2887
2895
2923
2929
2929
2936
2954
2955
2957
2962
2963
2963
2979
3006
3037
3050
3052
3057
3080
3088
3097
3111
3126
3135
3142
3145
3150
3160
3212
3219
3222
3227
3242
3290
3290
3307
3318
3320
3322
3329
3339
3344
3361
3407
3439
3472
3481
3482
3494
3495
3514
3515
3556
3562
3570
3589
3594
3596
3605
3645
3651
3652
3668
3674
3676
3698
3727
3729
3740
3762
3772
3781
3787
3828
3841
3846
3849
3852
3853
3863
3882
3891
3904
3909
3910
3934
3938
3943
3959
3964
3971
3993
3994
4011
4013
4035
4046
4054
4054
4056
4061
4067
4105
4107
4108
4112
4117
4124
4127
4131
4134
4138
4158
4158
4165
4177
4179
4181
4183
4198
4205
4206
4206
4218
4229
4240
4246
4260
4262
4262
4270
4282
4282
4331
4379
4395
4397
4407
4439
4456
4474
4474
4479
4485
4488
4489
4503
4514
4515
4549
4551
4558
4562
4580
4589
4593
4620
4631
4634
4643
4650
4660
4661
4675
4689
4693
4696
4698
4705
4727
4739
4764
4782
4805
4810
4833
4845
4861
4882
4896
4921
4928
4937
4987
4988
4994
5036
5040
5052
5054
5065
5070
5074
5090
5099
5100
5130
5131
5154
5162
5163
5169
5174
5176
5181
5193
5229
5232
5233
5234
5235
5238
5249
5254
5263
5264
5278
5280
5284
5304
5307
5316
5317
5325
5342
5371
5378
5381
5399
5404
5409
5412
5427
5429
5432
5439
5450
5476
5505
5512
5514
5526
5537
5544
5549
5561
5575
5580
5601
5607
5608
5612
5628
5636
5654
5668
5669
5677
5686
5703
5711
5730
5733
5743
5763
5773
5786
5800
5804
5806
5807
5819
5829
5843
5848
5866
5876
5882
5903
5907
5929
5968
5974
5976
5977
5986
5999
6017
6022
6026
6028
6031
6045
6058
6068
6073
6077
6082
6101
6104
6108
6132
6134
6167
6169
6170
6171
6177
6179
6184
6191
6216
6226
6232
6239
6245
6258
6273
6288
6317
6325
6325
6330
6334
6336
6376
6407
6407
6415
6431
6444
6454
6458
6496
6527
6528
6535
6542
6551
6583
6586
6593
6601
6621
6633
6634
6660
6668
6670
6700
6719
6726
6731
6739
6762
6779
6782
6793
6822
6886
6895
6899
6902
6935
6968
6969
6970
6974
6977
6996
6999
7012
7016
7016
7049
7062
7063
7063
7071
7080
7093
7097
7103
7106
7111
7126
7141
7147
7155
7155
7170
7172
7173
7182
7191
7200
7205
7218
7237
7243
7250
7286
7298
7308
7312
7324
7328
7338
7363
7375
7379
7385
7386
7394
7398
7400
7402
7402
7405
7449
7450
7451
7466
7484
7487
7488
7489
7493
7497
7518
7526
7532
7552
7553
7555
7578
7582
7598
7626
7628
7639
7658
7676
7703
7736
7746
7761
7768
7831
7842
7853
7859
7862
7876
7878
7891
7903
7913
7936
7948
7953
7955
7965
7971
7972
7973
7997
7998
8002
8007
8007
8007
8019
8024
8035
8040
8042
8048
8054
8056
8056
8087
8115
8119
8132
8132
8146
8147
8168
8169
8169
8196
8218
8232
8239
8246
8253
8273
8273
8281
8289
8291
8310
8318
8323
8329
8358
8369
8371
8389
8396
8405
8424
8425
8437
8451
8453
8454
8485
8492
8504
8525
8526
8528
8528
8535
8536
8548
8556
8569
8583
8591
8606
8636
8636
8647
8648
8654
8654
8695
8698
8708
8724
8733
8738
8744
8746
8770
8785
8793
8809
8817
8835
8838
8846
8860
8884
8891
8895
8907
8931
8939
8946
8948
8980
8988
9002
9013
9032
9034
9049
9060
9075
9079
9095
9098
9103
9127
9133
9137
9148
9149
9155
9158
9164
9165
9166
9185
9186
9188
9199
9200
9214
9219
9232
9256
9280
9285
9303
9306
9314
9322
9324
9339
9356
9361
9372
9375
9386
9387
9409
9410
9410
9410
9434
9453
9458
9471
9476
9499
9511
9520
9530
9540
9548
9549
9550
9562
9587
9603
9605
9633
9636
9636
9636
9642
9642
9645
9654
9670
9693
9706
9709
9751
9756
9768
9779
9786
9796
9812
9851
9863
9887
9898
9919
9924
9928
9929
9932
9937
9938
9976
9976
9984
9997

