1000

29
41
44
50
66
72
91
92
125
126
128
155
156
162
174
175
184
186
190
197
223
226
229
230
236
241
255
273
274
274
287
293
299
313
314
314
322
323
323
328
348
354
378
378
379
386
393
403
405
414
416
417
424
424
440
441
445
446
458
467
471
482
484
516
517
555
557
586
589
613
619
626
628
652
662
664
668
669
680
684
686
690
700
704
710
718
723
735
735
742
757
763
779
781
785
786
787
788
792
805
807
846
850
851
857
870
872
876
880
880
910
927
932
935
947
957
959
989
993
996
1011
1014
1024
1028
1031
1038
1053
1053
1057
1059
1065
1070
1079
1080
1086
1093
1099
1102
1107
1116
1161
1173
1173
1174
1177
1184
1194
1206
1210
1237
1241
1254
1264
1266
1268
1268
1281
1281
1292
1319
1323
1326
1342
1353
1355
1377
1380
1394
1398
1411
1422
1424
1426
1428
1438
1446
1449
1453
1468
1470
1475
1477
1478
1499
1514
1519
1524
1549
1556
1569
1579
1579
1580
1595
1596
1604
1604
1612
1614
1614
1618
1625
1648
1652
1660
1662
1677
1688
1692
1700
1712
1722
1735
1739
1777
1792
1792
1794
1812
1824
1840
1851
1857
1858
1859
1866
1869
1871
1871
1889
1894
1896
1901
1912
1917
1926
1941
1951
1952
1957
1958
1991
1997
2019
2031
2034
2038
2038
2038
2043
2045
2047
2051
2051
2057
2064
2074
2076
2076
2079
2080
2082
2085
2093
2095
2096
2102
2108
2113
2118
2123
2127
2130
2133
2134
2136
2145
2147
2152
2153
2157
2157
2158
2167
2200
2217
2229
2234
2244
2244
2248
2252
2253
2258
2261
2266
2284
2292
2293
2300
2305
2307
2328
2360
2364
2378
2393
2402
2403
2407
2410
2411
2414
2439
2443
2448
2449
2451
2452
2453
2468
2473
2475
2475
2485
2497
2510
2510
2514
2516
2522
2524
2540
2545
2548
2551
2553
2582
2617
2627
2635
2677
2689
2712
2728
2728
2737
2737
2741
2742
2749
2754
2760
2760
2761
2785
2797
2803
2811
2819
2846
2854
2868
2874
2884
2895
2903
2904
2914
2934
2937
2940
2945
2952
2958
2970
2985
2999
3009
3032
3059
3089
3136
3141
3159
3171
3175
3184
3185
3197
3200
3209
3218
3241
3249
3265
3281
3289
3290
3298
3323
3332
3335
3346
3357
3385
3388
3388
3410
3417
3419
3425
3437
3462
3473
3493
3510
3517
3518
3533
3548
3552
3562
3566
3577
3601
3605
3607
3622
3622
3623
3629
3640
3646
3660
3661
3687
3701
3701
3714
3753
3755
3755
3769
3788
3789
3810
3818
3821
3844
3847
3848
3851
3853
3886
3890
3909
3925
3925
3934
3936
3945
3950
3962
3983
3995
3995
4001
4002
4006
4010
4016
4053
4053
4060
4065
4072
4075
4088
4104
4106
4151
4161
4186
4190
4192
4224
4225
4243
4258
4259
4264
4270
4295
4307
4321
4352
4361
4380
4382
4387
4423
4448
4448
4451
4465
4492
4498
4516
4517
4528
4534
4566
4597
4614
4626
4644
4645
4650
4672
4675
4691
4705
4720
4723
4726
4735
4746
4791
4794
4816
4829
4834
4842
4847
4851
4852
4871
4889
4920
4920
4924
4941
4949
4964
4980
4996
4996
5011
5014
5031
5047
5069
5078
5095
5097
5102
5104
5134
5145
5151
5170
5172
5175
5179
5194
5201
5207
5217
5219
5224
5228
5234
5265
5272
5278
5281
5287
5299
5316
5330
5331
5331
5338
5343
5369
5373
5382
5406
5408
5414
5470
5473
5475
5475
5506
5507
5510
5513
5527
5535
5561
5563
5578
5606
5624
5629
5644
5658
5673
5695
5696
5726
5739
5739
5744
5748
5751
5752
5761
5767
5773
5774
5792
5794
5799
5812
5842
5855
5874
5881
5921
5955
5973
5979
5983
5987
6004
6017
6025
6041
6044
6046
6057
6059
6072
6076
6083
6090
6120
6129
6129
6142
6144
6153
6165
6185
6190
6200
6219
6237
6267
6275
6284
6286
6291
6300
6317
6326
6332
6349
6373
6381
6387
6394
6397
6415
6420
6420
6445
6462
6472
6490
6495
6499
6512
6517
6536
6564
6574
6579
6606
6607
6609
6612
6624
6630
6640
6643
6658
6661
6663
6668
6672
6683
6695
6704
6730
6738
6767
6768
6774
6792
6799
6822
6828
6849
6860
6881
6882
6887
6892
6896
6910
6928
6947
6952
6997
6997
7005
7008
7016
7025
7030
7040
7046
7082
7092
7097
7113
7126
7134
7141
7159
7165
7184
7188
7239
7255
7275
7285
7289
7301
7307
7330
7331
7347
7358
7362
7363
7365
7388
7392
7419
7425
7452
7486
7488
7488
7494
7496
7542
7555
7564
7566
7567
7567
7570
7574
7576
7591
7608
7612
7615
7617
7622
7622
7645
7658
7659
7677
7685
7695
7696
7698
7702
7713
7722
7728
7730
7730
7735
7735
7753
7753
7755
7772
7789
7820
7889
7889
7891
7898
7904
7919
7934
7948
7956
7959
7964
7976
7977
7987
7993
7995
8010
8034
8056
8071
8094
8099
8104
8125
8157
8159
8191
8206
8208
8212
8214
8218
8238
8260
8261
8272
8294
8302
8307
8317
8331
8344
8345
8347
8347
8350
8359
8385
8398
8405
8436
8449
8455
8455
8462
8494
8498
8515
8540
8555
8575
8581
8589
8607
8619
8629
8646
8648
8697
8699
8742
8749
8759
8763
8777
8796
8810
8833
8835
8837
8840
8850
8901
8903
8907
8932
8946
8951
8965
8970
8971
8980
8981
8988
8991
8992
8996
9001
9014
9016
9028
9042
9042
9049
9051
9067
9081
9085
9094
9097
9109
9112
9155
9197
9199
9208
9215
9248
9297
9299
9309
9366
9367
9379
9389
9398
9403
9414
9419
9430
9432
9446
9450
9455
9467
9476
9477
9491
9493
9494
9500
9526
9546
9572
9602
9615
9619
9620
9622
9627
9633
9654
9656
9685
9686
9696
9701
9713
9716
9722
9722
9723
9733
9736
9737
9758
9762
9764
9764
9764
9765
9787
9817
9835
9843
9855
9862
9868
9875
9883
9893
9896
9908
9918
9926
9933
9955
9957
9980
9986
9996

