10000

2
5
10
10
11
13
13
21
22
30
32
32
38
41
41
42
43
43
47
48
51
55
56
60
61
63
73
80
82
83
86
86
89
90
91
93
94
99
104
104
110
114
117
117
119
120
122
123
125
126
130
132
138
140
141
142
142
142
145
147
160
163
171
178
180
183
184
185
185
188
195
198
201
202
202
203
205
206
208
209
212
213
217
224
225
232
243
248
252
253
264
270
272
278
285
289
289
296
297
300
301
304
311
313
314
315
315
320
322
323
326
331
332
333
342
359
366
367
368
370
370
370
378
380
390
391
404
407
412
418
419
420
424
428
430
438
438
447
449
452
456
458
467
469
471
489
494
495
495
496
502
505
510
511
511
516
522
523
523
523
525
527
534
538
545
547
551
552
553
554
555
558
567
568
572
574
576
577
578
580
581
584
591
594
594
595
595
606
612
612
613
626
628
631
631
641
645
645
645
646
647
650
654
655
660
667
668
681
683
685
688
690
691
693
699
705
718
721
723
723
725
726
728
734
736
737
740
743
743
744
750
751
752
756
759
762
762
762
764
772
774
775
782
784
788
799
802
802
806
814
817
820
821
822
827
828
831
834
837
837
838
857
861
861
864
865
870
874
881
881
886
886
891
894
895
910
912
916
918
918
924
927
935
939
944
945
945
952
953
957
958
962
963
971
980
983
983
983
987
989
994
994
996
998
1001
1004
1006
1009
1011
1016
1018
1027
1030
1032
1042
1065
1073
1079
1079
1088
1090
1091
1103
1110
1111
1114
1114
1127
1129
1146
1150
1151
1153
1156
1164
1165
1168
1170
1171
1172
1173
1180
1181
1182
1187
1190
1193
1211
1211
1212
1214
1218
1220
1222
1223
1224
1227
1229
1234
1238
1243
1254
1255
1258
1259
1260
1261
1263
1266
1267
1274
1278
1282
1285
1285
1289
1299
1299
1301
1302
1303
1308
1309
1309
1314
1318
1324
1329
1331
1332
1336
1340
1344
1344
1344
1345
1347
1350
1353
1354
1356
1360
1363
1363
1363
1364
1365
1367
1373
1374
1376
1379
1382
1383
1388
1390
1391
1394
1394
1396
1397
1398
1398
1401
1402
1404
1405
1408
1413
1419
1420
1421
1427
1430
1431
1432
1445
1449
1454
1454
1460
1461
1466
1471
1472
1473
1474
1477
1478
1479
1483
1483
1489
1497
1500
1509
1510
1516
1522
1536
1537
1539
1540
1540
1541
1542
1546
1547
1547
1549
1550
1553
1559
1560
1563
1564
1569
1581
1587
1587
1588
1588
1589
1592
1595
1602
1602
1603
1608
1609
1609
1615
1618
1620
1623
1627
1629
1637
1642
1648
1650
1654
1655
1667
1667
1668
1668
1675
1677
1678
1679
1682
1684
1687
1688
1691
1692
1693
1696
1698
1701
1703
1707
1707
1715
1717
1719
1722
1723
1724
1725
1728
1729
1731
1738
1752
1753
1754
1758
1758
1758
1761
1762
1762
1765
1766
1768
1769
1770
1770
1775
1783
1784
1786
1790
1791
1792
1793
1794
1795
1797
1804
1807
1809
1809
1814
1814
1814
1826
1827
1828
1833
1834
1834
1844
1847
1848
1852
1853
1854
1855
1861
1865
1867
1867
1868
1870
1873
1873
1877
1879
1883
1884
1887
1890
1894
1897
1899
1900
1904
1904
1907
1907
1907
1908
1927
1929
1937
1952
1952
1956
1958
1962
1964
1965
1968
1972
1972
1977
1993
1995
1995
1998
1998
1999
2001
2021
2021
2026
2028
2045
2046
2049
2053
2055
2059
2060
2065
2065
2067
2068
2069
2070
2074
2074
2082
2083
2084
2088
2095
2099
2106
2114
2119
2131
2134
2135
2140
2144
2144
2145
2154
2154
2154
2155
2155
2160
2168
2170
2171
2173
2176
2183
2183
2186
2186
2187
2187
2189
2189
2196
2205
2205
2206
2207
2210
2211
2213
2220
2226
2227
2227
2228
2228
2230
2230
2230
2238
2241
2243
2245
2249
2250
2260
2264
2268
2269
2276
2277
2282
2288
2296
2297
2298
2300
2303
2304
2310
2313
2314
2324
2324
2329
2339
2346
2348
2351
2353
2357
2363
2372
2372
2382
2384
2389
2394
2405
2405
2407
2409
2413
2422
2424
2426
2427
2431
2439
2445
2445
2446
2459
2459
2461
2463
2464
2465
2466
2470
2475
2480
2480
2490
2501
2504
2504
2505
2510
2513
2514
2518
2519
2524
2527
2527
2528
2533
2534
2543
2553
2560
2563
2566
2573
2573
2576
2579
2580
2581
2582
2590
2592
2601
2616
2622
2630
2631
2632
2633
2634
2635
2643
2646
2647
2650
2656
2658
2658
2658
2662
2663
2673
2674
2678
2679
2684
2687
2689
2699
2709
2714
2716
2720
2722
2723
2731
2734
2734
2735
2743
2743
2744
2744
2750
2751
2754
2757
2761
2762
2763
2767
2773
2774
2808
2810
2816
2816
2819
2819
2825
2829
2835
2836
2836
2839
2845
2848
2850
2850
2851
2852
2853
2858
2859
2860
2860
2867
2868
2868
2871
2877
2878
2882
2884
2886
2889
2895
2897
2909
2912
2914
2914
2918
2919
2923
2925
2925
2930
2931
2932
2933
2936
2938
2942
2943
2945
2947
2951
2955
2957
2958
2960
2965
2969
2971
2974
2976
2979
2984
2988
2989
2991
3002
3003
3004
3011
3015
3018
3021
3022
3026
3029
3031
3032
3033
3034
3035
3040
3041
3041
3048
3067
3069
3073
3074
3075
3075
3077
3082
3096
3097
3100
3100
3101
3101
3103
3109
3111
3114
3115
3118
3125
3127
3134
3147
3149
3151
3157
3159
3161
3164
3170
3176
3183
3195
3198
3198
3199
3203
3207
3211
3213
3214
3215
3216
3216
3217
3218
3220
3222
3227
3233
3233
3238
3241
3242
3243
3244
3247
3253
3256
3265
3268
3269
3271
3271
3274
3282
3283
3284
3285
3289
3293
3294
3297
3299
3302
3306
3307
3310
3312
3314
3315
3318
3320
3321
3327
3330
3332
3332
3343
3348
3355
3364
3365
3366
3366
3368
3374
3375
3378
3379
3379
3385
3387
3387
3392
3392
3402
3404
3405
3406
3410
3410
3422
3425
3441
3441
3448
3452
3454
3456
3458
3459
3459
3465
3478
3480
3481
3481
3485
3490
3495
3499
3501
3503
3507
3509
3509
3517
3519
3519
3522
3523
3525
3538
3541
3543
3549
3550
3552
3554
3554
3558
3561
3563
3563
3564
3566
3567
3570
3570
3575
3576
3582
3583
3583
3585
3597
3598
3599
3604
3609
3610
3611
3614
3614
3614
3619
3622
3632
3632
3633
3634
3634
3640
3641
3644
3652
3655
3656
3659
3662
3667
3667
3668
3674
3674
3681
3682
3685
3685
3686
3688
3693
3693
3694
3697
3697
3698
3700
3702
3706
3707
3709
3713
3715
3715
3721
3723
3728
3731
3733
3734
3735
3747
3748
3753
3759
3760
3762
3763
3771
3774
3776
3783
3788
3791
3792
3798
3799
3800
3803
3805
3808
3808
3812
3812
3813
3813
3816
3823
3823
3825
3827
3829
3833
3833
3838
3838
3845
3845
3847
3848
3853
3856
3859
3861
3862
3864
3866
3873
3877
3893
3893
3898
3898
3901
3902
3904
3922
3924
3926
3928
3932
3936
3937
3940
3941
3945
3946
3948
3957
3969
3971
3974
3977
3982
3983
3984
3993
4010
4018
4023
4023
4024
4028
4032
4037
4046
4047
4049
4054
4056
4056
4058
4058
4062
4067
4077
4082
4084
4084
4087
4093
4094
4095
4095
4097
4099
4100
4108
4112
4118
4125
4127
4131
4134
4134
4134
4135
4136
4137
4140
4141
4146
4147
4147
4150
4154
4157
4158
4160
4168
4171
4173
4175
4175
4187
4189
4193
4196
4197
4199
4200
4201
4205
4205
4223
4233
4236
4237
4238
4238
4241
4245
4246
4247
4247
4250
4251
4252
4254
4255
4256
4260
4262
4268
4269
4272
4273
4274
4279
4281
4281
4286
4286
4289
4299
4300
4306
4307
4307
4315
4316
4316
4322
4323
4335
4335
4338
4342
4342
4346
4347
4359
4359
4360
4364
4368
4368
4368
4369
4373
4373
4374
4376
4380
4380
4387
4391
4394
4395
4395
4405
4409
4410
4412
4416
4424
4428
4430
4441
4442
4446
4447
4449
4452
4454
4456
4456
4457
4458
4460
4465
4465
4467
4473
4474
4475
4481
4481
4486
4487
4488
4496
4498
4498
4500
4505
4508
4511
4519
4521
4521
4522
4523
4524
4536
4540
4541
4541
4543
4544
4549
4554
4556
4559
4560
4561
4562
4563
4567
4567
4567
4570
4573
4577
4588
4608
4608
4611
4611
4614
4615
4615
4616
4618
4619
4621
4624
4624
4625
4625
4626
4630
4632
4634
4636
4637
4637
4646
4648
4653
4658
4660
4670
4672
4673
4675
4683
4688
4690
4690
4691
4694
4697
4700
4703
4705
4707
4710
4715
4723
4729
4734
4740
4746
4760
4761
4768
4771
4772
4774
4776
4779
4780
4784
4787
4788
4789
4790
4792
4794
4796
4799
4800
4803
4823
4831
4839
4840
4841
4842
4846
4854
4855
4859
4861
4865
4868
4879
4879
4885
4886
4892
4904
4905
4908
4909
4914
4919
4920
4920
4920
4920
4927
4931
4939
4941
4951
4960
4962
4965
4967
4968
4972
4973
4974
4977
4981
4982
4984
4986
4987
4989
4993
4993
4994
4994
5000
5004
5005
5009
5014
5018
5019
5024
5026
5029
5035
5037
5038
5039
5039
5042
5048
5049
5065
5066
5067
5068
5081
5086
5087
5089
5091
5097
5105
5106
5108
5110
5114
5124
5124
5131
5132
5136
5138
5139
5140
5141
5141
5143
5144
5150
5152
5156
5162
5163
5170
5175
5179
5181
5183
5188
5189
5191
5195
5199
5208
5211
5217
5218
5219
5220
5224
5231
5233
5238
5241
5247
5247
5252
5254
5254
5261
5261
5262
5263
5264
5267
5268
5268
5269
5269
5271
5273
5276
5278
5282
5283
5287
5287
5287
5290
5291
5296
5304
5308
5319
5322
5322
5323
5327
5330
5331
5331
5336
5339
5339
5340
5341
5345
5345
5348
5349
5351
5352
5355
5357
5362
5369
5370
5370
5371
5375
5376
5383
5384
5386
5387
5390
5395
5395
5399
5405
5409
5417
5425
5428
5434
5434
5437
5442
5444
5444
5446
5446
5449
5454
5455
5466
5469
5473
5478
5482
5484
5489
5494
5494
5495
5495
5503
5508
5510
5514
5520
5520
5521
5525
5529
5544
5546
5553
5556
5557
5563
5564
5570
5571
5573
5579
5580
5582
5589
5590
5591
5599
5600
5600
5600
5601
5601
5603
5605
5608
5610
5612
5614
5614
5614
5617
5618
5628
5629
5629
5632
5633
5635
5637
5640
5641
5642
5643
5646
5650
5652
5655
5656
5657
5661
5661
5664
5667
5667
5676
5678
5679
5680
5680
5684
5686
5688
5688
5695
5699
5707
5712
5715
5715
5715
5724
5738
5742
5748
5754
5760
5762
5765
5766
5771
5773
5777
5778
5778
5779
5783
5784
5794
5800
5801
5805
5806
5806
5808
5810
5812
5815
5816
5817
5827
5829
5829
5830
5840
5841
5841
5841
5843
5844
5851
5852
5852
5876
5878
5879
5879
5880
5888
5893
5895
5901
5903
5906
5907
5912
5914
5918
5919
5920
5921
5921
5927
5929
5930
5933
5934
5935
5935
5937
5942
5947
5947
5954
5964
5965
5968
5971
5974
5981
5990
5997
6002
6005
6007
6008
6008
6011
6011
6024
6024
6024
6025
6025
6034
6034
6042
6047
6048
6057
6057
6058
6058
6061
6063
6065
6075
6076
6079
6082
6085
6086
6087
6092
6096
6104
6116
6122
6124
6125
6126
6129
6132
6135
6140
6146
6147
6148
6149
6150
6154
6161
6164
6168
6169
6175
6176
6178
6184
6185
6187
6191
6195
6203
6208
6216
6216
6218
6222
6228
6229
6232
6237
6238
6240
6241
6251
6252
6262
6264
6264
6268
6271
6276
6277
6287
6292
6292
6296
6300
6301
6311
6313
6319
6323
6341
6341
6342
6345
6346
6350
6350
6354
6356
6361
6361
6368
6371
6373
6373
6383
6384
6386
6387
6389
6390
6393
6396
6396
6397
6399
6402
6406
6406
6408
6409
6411
6413
6414
6415
6416
6421
6422
6424
6426
6427
6429
6434
6447
6450
6451
6459
6469
6477
6478
6481
6485
6486
6489
6494
6497
6499
6501
6502
6513
6513
6522
6522
6524
6526
6527
6536
6537
6539
6539
6546
6548
6553
6557
6560
6560
6561
6565
6567
6574
6576
6585
6585
6589
6595
6599
6601
6604
6607
6610
6611
6620
6627
6635
6636
6647
6649
6652
6653
6657
6660
6661
6664
6668
6672
6673
6673
6687
6691
6702
6711
6714
6716
6719
6734
6739
6739
6740
6741
6743
6749
6751
6769
6771
6771
6774
6775
6779
6781
6785
6792
6795
6797
6801
6805
6809
6810
6810
6814
6817
6822
6825
6829
6838
6847
6855
6856
6858
6860
6865
6870
6871
6873
6876
6882
6888
6894
6897
6899
6902
6902
6904
6911
6919
6921
6922
6940
6942
6944
6945
6952
6955
6957
6957
6960
6962
6963
6965
6971
6975
6976
6981
6981
6984
6984
6985
6985
6986
6990
6999
7005
7006
7033
7034
7035
7036
7038
7040
7042
7051
7060
7064
7067
7073
7075
7078
7084
7084
7086
7087
7099
7105
7108
7110
7111
7113
7116
7118
7124
7124
7131
7132
7134
7136
7141
7141
7146
7150
7151
7163
7163
7166
7169
7179
7183
7186
7188
7188
7188
7190
7193
7205
7205
7207
7209
7209
7217
7219
7224
7224
7224
7228
7229
7229
7231
7234
7241
7259
7262
7262
7265
7271
7272
7273
7274
7275
7282
7286
7288
7292
7292
7295
7295
7296
7297
7305
7307
7311
7316
7323
7324
7331
7333
7354
7358
7358
7360
7360
7363
7373
7381
7383
7383
7384
7385
7387
7393
7394
7395
7398
7400
7405
7411
7415
7416
7422
7423
7424
7427
7430
7431
7433
7440
7444
7446
7449
7450
7453
7457
7459
7462
7467
7467
7479
7484
7484
7484
7484
7485
7487
7488
7488
7490
7492
7497
7499
7500
7503
7504
7507
7513
7515
7515
7517
7518
7520
7520
7523
7531
7533
7535
7537
7538
7538
7538
7543
7551
7555
7558
7560
7563
7567
7568
7572
7573
7575
7576
7581
7584
7592
7593
7598
7605
7608
7609
7609
7616
7624
7628
7636
7646
7656
7662
7663
7671
7684
7687
7689
7690
7690
7703
7709
7709
7710
7713
7718
7729
7733
7735
7736
7737
7743
7750
7751
7752
7756
7756
7757
7760
7762
7762
7763
7766
7767
7768
7769
7780
7783
7783
7787
7793
7794
7797
7799
7801
7812
7815
7815
7823
7833
7834
7845
7846
7846
7848
7850
7855
7856
7858
7858
7862
7863
7864
7867
7871
7876
7879
7879
7882
7883
7883
7883
7890
7894
7898
7898
7900
7901
7903
7905
7909
7918
7925
7933
7933
7936
7940
7941
7941
7941
7942
7944
7948
7953
7956
7956
7965
7967
7970
7971
7974
7980
7986
7989
7989
7989
7999
8001
8001
8002
8015
8015
8016
8016
8019
8022
8023
8024
8032
8035
8035
8039
8042
8043
8043
8044
8046
8049
8060
8074
8075
8077
8079
8080
8082
8084
8088
8088
8090
8097
8103
8110
8113
8117
8118
8126
8126
8136
8141
8146
8150
8156
8159
8168
8171
8172
8176
8178
8179
8185
8185
8191
8195
8197
8200
8201
8202
8202
8205
8207
8207
8214
8214
8218
8221
8227
8228
8228
8228
8230
8233
8234
8242
8242
8246
8247
8247
8249
8256
8260
8262
8274
8279
8285
8286
8291
8292
8293
8302
8307
8311
8312
8318
8329
8333
8336
8342
8345
8350
8350
8354
8365
8366
8373
8381
8382
8387
8387
8389
8391
8394
8396
8398
8400
8400
8402
8409
8412
8420
8422
8426
8427
8428
8435
8436
8439
8440
8442
8443
8445
8451
8460
8465
8466
8469
8469
8471
8471
8474
8474
8478
8478
8481
8486
8491
8495
8497
8504
8515
8516
8516
8519
8520
8522
8539
8544
8553
8554
8556
8557
8557
8559
8564
8568
8569
8574
8578
8580
8581
8588
8592
8595
8598
8602
8603
8603
8606
8610
8613
8614
8617
8623
8625
8629
8641
8646
8648
8650
8654
8657
8657
8658
8666
8669
8672
8674
8674
8675
8677
8690
8691
8692
8704
8709
8714
8730
8730
8731
8733
8738
8740
8745
8749
8752
8754
8757
8757
8762
8762
8766
8774
8775
8776
8777
8779
8782
8788
8801
8803
8804
8808
8810
8816
8817
8818
8820
8822
8825
8825
8830
8834
8836
8838
8841
8841
8847
8850
8853
8856
8857
8859
8862
8870
8872
8876
8878
8879
8879
8888
8895
8901
8902
8915
8918
8925
8925
8927
8928
8929
8937
8938
8941
8944
8945
8947
8952
8959
8959
8960
8966
8976
8977
8979
8982
8984
8985
8988
8993
9004
9004
9007
9015
9017
9019
9020
9023
9024
9025
9027
9032
9047
9048
9049
9055
9057
9061
9066
9072
9073
9075
9079
9087
9088
9089
9089
9093
9095
9095
9100
9105
9107
9110
9112
9115
9116
9116
9120
9123
9126
9128
9130
9134
9136
9137
9142
9146
9146
9152
9153
9158
9158
9158
9158
9163
9165
9166
9168
9169
9171
9173
9176
9177
9178
9184
9187
9188
9191
9192
9194
9202
9210
9212
9215
9223
9225
9229
9232
9234
9235
9237
9239
9241
9246
9247
9249
9251
9251
9252
9254
9254
9256
9261
9264
9267
9268
9269
9275
9278
9285
9288
9292
9292
9292
9293
9294
9294
9296
9305
9308
9318
9320
9321
9327
9330
9331
9335
9337
9338
9339
9341
9343
9355
9356
9357
9358
9359
9362
9364
9373
9375
9377
9377
9382
9383
9383
9386
9402
9403
9406
9407
9413
9418
9419
9423
9424
9424
9426
9428
9429
9430
9430
9433
9433
9434
9436
9439
9443
9443
9444
9459
9470
9471
9473
9473
9479
9479
9480
9484
9485
9495
9502
9506
9510
9511
9516
9518
9526
9528
9528
9531
9534
9537
9539
9544
9545
9546
9548
9553
9555
9557
9560
9563
9565
9565
9569
9586
9589
9591
9591
9596
9598
9599
9600
9601
9602
9602
9604
9608
9608
9617
9617
9617
9621
9625
9638
9641
9645
9649
9650
9650
9650
9655
9656
9656
9656
9660
9660
9661
9667
9671
9673
9673
9674
9674
9674
9676
9688
9690
9692
9698
9700
9708
9714
9714
9715
9718
9719
9724
9734
9734
9735
9737
9738
9740
9754
9758
9758
9763
9765
9768
9769
9771
9777
9786
9793
9795
9797
9797
9799
9802
9803
9806
9811
9813
9816
9817
9818
9823
9824
9825
9831
9831
9833
9834
9838
9839
9839
9841
9849
9858
9860
9860
9864
9865
9866
9866
9868
9868
9871
9874
9875
9875
9875
9876
9881
9885
9887
9887
9891
9896
9897
9899
9900
9903
9903
9904
9908
9911
9912
9919
9927
9927
9928
9930
9930
9932
9938
9939
9940
9941
9947
9949
9951
9956
9962
9968
9974
9980
9982
9984
9984
9987
9992
9993
9998
9999
10011
10015
10016
10017
10028
10031
10035
10036
10039
10042
10047
10047
10055
10061
10064
10065
10069
10074
10074
10080
10080
10081
10081
10081
10083
10093
10093
10098
10098
10101
10102
10107
10113
10117
10125
10128
10132
10136
10139
10140
10140
10144
10144
10148
10154
10157
10158
10166
10179
10186
10191
10195
10199
10201
10204
10205
10205
10209
10213
10214
10215
10223
10223
10224
10226
10230
10244
10247
10251
10254
10260
10261
10263
10269
10274
10275
10279
10282
10282
10282
10284
10288
10291
10309
10313
10319
10320
10323
10331
10338
10338
10338
10340
10340
10341
10344
10346
10348
10352
10360
10362
10365
10365
10366
10369
10377
10382
10388
10393
10394
10397
10401
10404
10410
10412
10434
10446
10447
10452
10462
10462
10463
10464
10466
10471
10474
10479
10481
10484
10484
10486
10488
10488
10490
10496
10498
10502
10503
10505
10514
10521
10525
10530
10530
10531
10532
10535
10541
10543
10544
10546
10550
10553
10554
10555
10563
10563
10563
10564
10565
10567
10568
10569
10578
10578
10580
10582
10582
10592
10592
10609
10617
10619
10630
10631
10633
10633
10634
10636
10638
10640
10643
10645
10661
10668
10669
10669
10670
10673
10680
10686
10687
10691
10692
10693
10693
10697
10713
10714
10715
10717
10719
10721
10723
10725
10725
10732
10736
10738
10739
10741
10747
10748
10749
10754
10757
10758
10761
10761
10765
10772
10777
10777
10782
10785
10787
10789
10795
10796
10797
10804
10804
10805
10807
10809
10811
10814
10815
10819
10819
10820
10821
10826
10826
10830
10834
10835
10838
10844
10847
10857
10862
10873
10875
10876
10881
10882
10884
10890
10892
10893
10903
10903
10907
10907
10912
10913
10914
10917
10922
10923
10923
10924
10927
10929
10931
10936
10937
10942
10943
10945
10959
10960
10965
10965
10967
10973
10976
10977
10979
10985
10986
10988
10993
10995
10996
10998
10999
10999
11004
11005
11005
11013
11015
11026
11028
11030
11032
11038
11041
11044
11044
11046
11049
11051
11055
11063
11066
11068
11076
11079
11085
11087
11090
11091
11092
11095
11102
11103
11103
11107
11112
11112
11114
11114
11124
11130
11131
11133
11137
11138
11141
11147
11154
11158
11161
11162
11164
11175
11175
11190
11195
11196
11202
11204
11204
11204
11213
11215
11223
11227
11244
11246
11248
11248
11249
11256
11259
11266
11269
11269
11269
11272
11273
11277
11278
11282
11285
11286
11287
11293
11298
11299
11299
11300
11302
11305
11306
11310
11315
11324
11324
11328
11331
11331
11335
11335
11336
11344
11355
11361
11362
11364
11369
11374
11375
11377
11379
11381
11385
11389
11392
11392
11394
11402
11405
11405
11411
11413
11417
11424
11427
11430
11432
11435
11438
11447
11448
11450
11453
11455
11457
11458
11466
11471
11475
11475
11482
11483
11487
11497
11498
11500
11501
11506
11511
11514
11517
11519
11520
11520
11524
11528
11529
11533
11537
11538
11538
11546
11547
11552
11564
11576
11585
11594
11598
11604
11605
11609
11620
11620
11624
11624
11626
11627
11632
11635
11652
11653
11655
11662
11664
11667
11667
11671
11674
11675
11675
11677
11677
11687
11687
11694
11696
11702
11706
11706
11707
11710
11718
11719
11721
11721
11722
11725
11727
11727
11728
11728
11729
11730
11738
11741
11742
11748
11749
11757
11761
11769
11771
11772
11774
11778
11786
11787
11789
11800
11806
11817
11820
11821
11824
11829
11835
11841
11843
11848
11848
11860
11864
11866
11867
11873
11882
11882
11885
11892
11893
11908
11913
11917
11925
11930
11936
11937
11949
11949
11951
11956
11956
11965
11966
11968
11970
11971
11972
11974
11975
11977
11978
11979
11979
11982
11983
11984
11986
11987
11990
11994
11998
11998
11999
12008
12009
12014
12015
12018
12020
12021
12025
12032
12034
12036
12037
12041
12041
12046
12047
12053
12055
12056
12064
12066
12072
12075
12083
12085
12087
12088
12094
12097
12097
12101
12101
12102
12107
12109
12110
12111
12112
12113
12118
12118
12120
12127
12129
12129
12139
12140
12145
12149
12168
12169
12183
12190
12191
12194
12195
12199
12209
12212
12215
12219
12220
12222
12222
12224
12226
12228
12229
12229
12232
12233
12234
12235
12236
12239
12241
12241
12245
12249
12255
12255
12259
12260
12261
12265
12269
12270
12272
12274
12279
12281
12284
12296
12299
12304
12304
12305
12305
12306
12321
12326
12327
12329
12329
12330
12335
12336
12336
12337
12339
12346
12347
12358
12358
12365
12366
12370
12384
12384
12388
12390
12393
12394
12396
12399
12399
12404
12406
12411
12416
12421
12423
12424
12429
12439
12446
12447
12449
12451
12454
12455
12468
12469
12471
12475
12475
12476
12479
12481
12482
12484
12485
12486
12492
12499
12507
12507
12509
12522
12525
12527
12529
12531
12536
12541
12543
12544
12544
12549
12553
12557
12564
12565
12567
12569
12569
12574
12594
12595
12595
12597
12605
12606
12610
12619
12626
12627
12633
12637
12640
12641
12644
12649
12650
12652
12654
12654
12658
12658
12660
12662
12665
12667
12675
12679
12680
12684
12686
12691
12692
12693
12694
12698
12699
12703
12706
12707
12708
12709
12711
12712
12712
12713
12715
12730
12731
12733
12739
12741
12745
12745
12747
12747
12748
12748
12753
12757
12763
12771
12773
12776
12778
12790
12791
12795
12801
12802
12806
12808
12813
12813
12822
12822
12823
12827
12831
12832
12833
12841
12851
12851
12854
12858
12861
12864
12865
12873
12877
12880
12889
12890
12891
12891
12892
12899
12902
12910
12912
12913
12915
12915
12926
12929
12930
12930
12936
12937
12938
12939
12940
12941
12944
12945
12949
12951
12952
12956
12960
12961
12964
12967
12968
12968
12969
12972
12972
12975
12978
12980
12980
12982
12982
12993
13007
13009
13013
13016
13016
13030
13032
13033
13036
13037
13041
13044
13050
13053
13062
13062
13068
13068
13070
13072
13079
13088
13088
13101
13121
13130
13138
13140
13141
13145
13147
13149
13151
13151
13153
13155
13155
13157
13157
13158
13168
13168
13174
13177
13183
13186
13188
13189
13189
13189
13191
13192
13194
13196
13200
13208
13208
13208
13210
13212
13212
13216
13223
13223
13224
13224
13225
13225
13226
13233
13235
13236
13251
13253
13253
13257
13268
13269
13271
13271
13273
13279
13283
13291
13293
13294
13303
13305
13313
13316
13325
13326
13328
13336
13338
13338
13339
13341
13345
13345
13350
13353
13355
13357
13362
13363
13364
13369
13370
13370
13374
13378
13382
13390
13391
13392
13394
13397
13412
13413
13415
13419
13420
13421
13431
13432
13439
13440
13441
13443
13448
13450
13453
13459
13459
13460
13463
13466
13481
13482
13492
13494
13496
13499
13500
13500
13501
13508
13509
13514
13520
13522
13524
13527
13527
13530
13535
13536
13536
13538
13544
13548
13552
13553
13556
13562
13569
13571
13578
13579
13585
13590
13590
13591
13593
13598
13600
13606
13608
13610
13612
13618
13619
13620
13625
13625
13631
13632
13633
13640
13640
13641
13645
13646
13651
13654
13656
13667
13668
13670
13679
13687
13688
13693
13701
13702
13705
13707
13711
13714
13718
13724
13725
13726
13731
13740
13744
13746
13747
13747
13748
13752
13753
13761
13772
13776
13783
13784
13791
13791
13793
13801
13806
13807
13814
13814
13815
13815
13821
13821
13825
13827
13830
13832
13836
13838
13840
13840
13842
13848
13852
13855
13857
13865
13874
13875
13882
13887
13892
13894
13894
13896
13900
13912
13914
13917
13919
13920
13920
13925
13926
13926
13927
13928
13930
13931
13932
13936
13936
13956
13960
13963
13964
13967
13968
13969
13971
13975
13982
13988
13988
13989
13990
13992
13994
14008
14009
14011
14013
14016
14018
14019
14020
14021
14021
14029
14030
14033
14033
14033
14034
14041
14041
14049
14049
14051
14052
14054
14058
14061
14061
14067
14068
14070
14086
14087
14089
14091
14095
14096
14099
14102
14104
14114
14116
14116
14118
14123
14126
14127
14132
14139
14147
14150
14150
14152
14152
14154
14167
14167
14167
14171
14171
14177
14181
14182
14193
14194
14197
14200
14201
14204
14205
14206
14212
14216
14216
14218
14219
14219
14224
14224
14224
14227
14230
14236
14238
14239
14243
14245
14246
14249
14258
14260
14261
14278
14284
14298
14300
14309
14310
14313
14333
14335
14338
14339
14341
14352
14354
14358
14359
14362
14367
14369
14378
14378
14380
14381
14386
14386
14388
14390
14390
14391
14392
14392
14395
14397
14398
14412
14414
14415
14418
14419
14421
14421
14425
14426
14428
14436
14442
14442
14444
14444
14444
14445
14454
14455
14455
14460
14463
14465
14468
14468
14470
14471
14472
14473
14474
14474
14479
14479
14483
14483
14488
14490
14490
14495
14499
14505
14506
14507
14508
14518
14522
14523
14525
14526
14527
14529
14549
14552
14559
14562
14563
14565
14571
14576
14579
14580
14580
14581
14585
14596
14598
14600
14606
14610
14614
14615
14615
14617
14623
14626
14629
14633
14635
14635
14638
14640
14643
14653
14655
14661
14661
14662
14662
14663
14665
14672
14674
14675
14684
14691
14692
14693
14695
14702
14704
14709
14711
14713
14716
14719
14722
14723
14724
14725
14731
14732
14736
14740
14747
14748
14756
14767
14773
14775
14777
14779
14782
14792
14793
14794
14797
14798
14799
14799
14799
14804
14806
14808
14809
14812
14816
14817
14819
14821
14829
14830
14834
14836
14838
14838
14850
14852
14854
14858
14858
14862
14870
14874
14875
14877
14884
14885
14889
14900
14908
14909
14909
14910
14914
14915
14916
14920
14921
14929
14931
14935
14940
14942
14946
14952
14953
14954
14955
14956
14957
14959
14966
14975
14978
14982
14987
14988
14996
14996
14997
14997
15000
15004
15005
15006
15007
15009
15015
15018
15028
15028
15030
15030
15032
15047
15049
15049
15050
15051
15055
15056
15061
15068
15069
15074
15079
15082
15086
15088
15089
15101
15105
15108
15109
15109
15134
15138
15139
15141
15144
15149
15149
15153
15154
15159
15165
15173
15176
15177
15179
15182
15189
15189
15190
15193
15196
15199
15201
15204
15207
15209
15210
15213
15213
15217
15220
15220
15223
15226
15228
15232
15235
15243
15244
15255
15257
15262
15265
15266
15275
15284
15289
15290
15290
15298
15300
15301
15302
15303
15305
15316
15318
15318
15322
15323
15325
15331
15339
15339
15342
15347
15349
15353
15354
15362
15365
15368
15369
15375
15377
15388
15391
15393
15393
15397
15403
15404
15405
15412
15414
15415
15421
15434
15441
15441
15451
15452
15454
15455
15456
15456
15457
15460
15462
15463
15466
15467
15467
15470
15470
15470
15473
15478
15481
15489
15493
15502
15502
15511
15514
15515
15516
15516
15525
15525
15527
15528
15529
15537
15537
15543
15543
15545
15549
15552
15556
15559
15563
15564
15570
15572
15574
15576
15577
15577
15581
15582
15583
15583
15584
15587
15588
15594
15596
15596
15596
15597
15615
15628
15630
15631
15638
15654
15654
15656
15658
15665
15665
15670
15676
15680
15683
15688
15691
15691
15694
15696
15698
15717
15717
15722
15722
15731
15737
15739
15748
15754
15755
15757
15765
15773
15773
15776
15776
15784
15785
15786
15790
15808
15810
15813
15818
15821
15822
15824
15826
15828
15828
15829
15832
15837
15843
15844
15845
15845
15848
15848
15852
15853
15855
15856
15856
15857
15865
15869
15869
15877
15890
15892
15896
15896
15897
15899
15900
15903
15906
15907
15907
15909
15910
15912
15925
15936
15936
15941
15943
15944
15946
15946
15947
15948
15949
15952
15952
15960
15961
15963
15967
15976
15978
15979
15980
15982
15988
15989
15999
16002
16004
16015
16015
16019
16021
16031
16039
16045
16051
16053
16054
16056
16058
16063
16068
16071
16074
16080
16102
16105
16116
16117
16120
16123
16123
16125
16134
16137
16139
16142
16148
16151
16155
16168
16169
16173
16175
16176
16182
16188
16195
16198
16199
16206
16207
16210
16212
16215
16218
16219
16228
16235
16253
16255
16255
16259
16262
16273
16274
16275
16279
16279
16287
16297
16302
16303
16307
16308
16309
16312
16313
16322
16324
16325
16326
16328
16330
16333
16339
16345
16349
16352
16355
16356
16357
16358
16363
16364
16365
16369
16369
16371
16371
16372
16373
16375
16378
16380
16380
16384
16386
16387
16398
16400
16401
16404
16411
16411
16412
16415
16418
16418
16421
16422
16422
16431
16438
16438
16439
16443
16445
16448
16449
16449
16453
16454
16467
16470
16474
16474
16475
16478
16483
16483
16486
16487
16493
16494
16496
16497
16498
16501
16502
16514
16517
16522
16529
16531
16540
16543
16548
16550
16556
16560
16561
16564
16567
16567
16572
16572
16577
16582
16583
16589
16589
16590
16600
16603
16604
16616
16618
16618
16619
16623
16632
16634
16636
16639
16641
16642
16655
16658
16661
16662
16666
16668
16669
16673
16674
16679
16682
16683
16684
16688
16690
16691
16694
16699
16704
16710
16712
16712
16721
16721
16721
16726
16728
16728
16728
16749
16754
16755
16759
16766
16769
16775
16775
16777
16782
16782
16784
16788
16788
16789
16789
16790
16806
16806
16807
16810
16830
16834
16839
16842
16843
16846
16847
16854
16858
16862
16868
16868
16871
16877
16879
16880
16886
16896
16900
16901
16904
16905
16914
16916
16918
16918
16920
16920
16921
16923
16924
16931
16938
16941
16942
16951
16952
16956
16956
16957
16959
16963
16966
16974
16974
16977
16980
16981
16985
16990
16990
16998
17000
17006
17007
17009
17010
17012
17014
17014
17015
17017
17020
17021
17022
17026
17027
17028
17033
17036
17037
17039
17039
17042
17046
17047
17048
17049
17051
17055
17058
17059
17060
17063
17064
17066
17077
17078
17081
17090
17091
17093
17093
17096
17098
17102
17106
17110
17112
17122
17124
17124
17125
17125
17136
17136
17141
17142
17154
17157
17160
17167
17177
17177
17183
17184
17188
17189
17194
17199
17200
17204
17213
17215
17217
17219
17228
17230
17237
17241
17241
17242
17246
17249
17264
17267
17276
17279
17280
17281
17282
17283
17286
17288
17288
17289
17292
17293
17303
17305
17314
17318
17324
17326
17328
17331
17335
17337
17343
17353
17354
17359
17361
17362
17366
17373
17373
17374
17379
17382
17385
17386
17386
17392
17393
17397
17404
17409
17413
17420
17421
17431
17433
17437
17439
17440
17442
17443
17450
17452
17457
17458
17459
17463
17467
17467
17467
17481
17488
17492
17493
17497
17498
17500
17503
17504
17505
17507
17509
17515
17520
17522
17522
17526
17530
17532
17540
17540
17549
17558
17559
17560
17561
17563
17568
17574
17579
17581
17585
17586
17587
17589
17594
17596
17598
17598
17599
17601
17603
17606
17609
17610
17614
17617
17626
17635
17638
17644
17645
17646
17653
17654
17659
17663
17668
17672
17672
17673
17679
17684
17687
17694
17697
17700
17704
17707
17708
17719
17722
17725
17727
17727
17728
17729
17733
17734
17742
17742
17744
17745
17747
17750
17753
17754
17756
17761
17768
17769
17771
17780
17783
17788
17789
17793
17794
17799
17800
17806
17807
17811
17815
17817
17817
17822
17841
17845
17849
17850
17855
17857
17861
17862
17866
17869
17874
17874
17876
17876
17876
17879
17886
17887
17895
17896
17897
17899
17905
17906
17909
17909
17913
17914
17917
17921
17922
17923
17937
17939
17939
17945
17947
17953
17953
17953
17954
17957
17960
17961
17968
17969
17969
17971
17978
17980
17986
17986
17991
17992
17992
17996
17998
17998
18001
18016
18016
18018
18021
18022
18038
18039
18042
18043
18044
18044
18048
18055
18058
18061
18066
18075
18075
18075
18078
18080
18086
18089
18090
18092
18095
18095
18096
18100
18101
18105
18107
18109
18110
18114
18120
18124
18132
18133
18137
18139
18140
18149
18150
18158
18160
18166
18175
18184
18185
18187
18189
18190
18198
18201
18202
18209
18219
18220
18222
18224
18227
18228
18229
18236
18239
18242
18249
18251
18251
18253
18254
18259
18265
18266
18268
18268
18285
18293
18295
18298
18301
18302
18302
18309
18311
18315
18326
18327
18341
18348
18352
18352
18353
18353
18354
18354
18357
18364
18370
18374
18374
18376
18385
18388
18389
18391
18395
18399
18399
18401
18402
18403
18407
18410
18412
18412
18416
18417
18417
18422
18442
18445
18458
18459
18459
18459
18463
18470
18471
18478
18486
18488
18497
18498
18502
18502
18505
18511
18516
18527
18531
18534
18546
18546
18548
18551
18553
18556
18567
18569
18572
18577
18579
18584
18590
18591
18592
18594
18594
18594
18599
18609
18611
18616
18618
18618
18621
18621
18623
18627
18628
18628
18630
18633
18637
18638
18641
18642
18648
18649
18652
18653
18658
18659
18661
18663
18668
18669
18672
18673
18674
18676
18676
18676
18678
18678
18687
18691
18693
18697
18720
18730
18730
18733
18743
18744
18746
18748
18751
18751
18752
18754
18755
18759
18762
18767
18771
18773
18776
18794
18802
18803
18813
18817
18818
18822
18834
18838
18842
18848
18849
18853
18854
18858
18859
18865
18866
18868
18868
18870
18872
18875
18877
18885
18887
18890
18890
18912
18914
18918
18918
18922
18925
18929
18931
18933
18935
18941
18942
18943
18949
18952
18959
18961
18970
18972
18978
18984
18985
18986
18987
18988
18995
19001
19007
19010
19010
19015
19015
19016
19017
19018
19020
19027
19034
19038
19040
19046
19051
19054
19058
19062
19068
19073
19074
19081
19084
19084
19086
19090
19104
19105
19106
19107
19109
19111
19113
19123
19128
19129
19129
19130
19140
19142
19147
19164
19166
19169
19171
19172
19180
19184
19186
19186
19193
19194
19200
19203
19206
19208
19208
19214
19214
19216
19217
19218
19219
19221
19228
19234
19236
19237
19240
19242
19255
19260
19261
19264
19270
19273
19276
19278
19281
19292
19292
19295
19296
19299
19302
19308
19313
19317
19320
19321
19323
19331
19331
19337
19342
19346
19348
19351
19352
19353
19353
19362
19368
19368
19369
19370
19370
19371
19379
19380
19383
19384
19386
19386
19387
19391
19391
19398
19401
19409
19412
19413
19418
19421
19429
19430
19436
19437
19439
19444
19446
19451
19451
19452
19455
19466
19467
19474
19477
19480
19485
19485
19488
19491
19495
19496
19496
19498
19507
19515
19515
19517
19517
19518
19519
19526
19526
19527
19530
19530
19534
19535
19538
19538
19542
19548
19550
19557
19559
19565
19567
19570
19571
19575
19575
19576
19577
19578
19579
19579
19596
19598
19598
19599
19600
19603
19604
19605
19618
19619
19620
19620
19623
19625
19634
19636
19640
19642
19648
19648
19650
19652
19658
19658
19661
19662
19664
19664
19666
19666
19669
19670
19674
19678
19682
19684
19687
19691
19693
19693
19694
19694
19695
19699
19699
19702
19708
19712
19726
19726
19729
19732
19734
19735
19736
19738
19743
19743
19744
19748
19748
19749
19749
19751
19763
19766
19769
19781
19783
19785
19787
19790
19800
19819
19821
19825
19826
19827
19829
19832
19837
19837
19842
19849
19860
19863
19865
19865
19866
19868
19871
19871
19877
19882
19886
19903
19905
19906
19908
19920
19920
19923
19926
19929
19929
19933
19933
19934
19944
19946
19947
19950
19956
19963
19968
19970
19971
19971
19974
19978
19978
19980
19981
19986
19988
19990
19993
19994
20000
20002
20004
20009
20020
20025
20028
20029
20030
20031
20034
20035
20037
20043
20043
20053
20053
20057
20057
20059
20060
20061
20062
20062
20068
20070
20074
20078
20083
20087
20088
20091
20094
20095
20096
20097
20099
20099
20103
20109
20115
20115
20119
20119
20120
20123
20124
20135
20136
20139
20152
20152
20154
20161
20172
20177
20181
20182
20182
20185
20189
20189
20191
20193
20197
20198
20201
20201
20209
20210
20212
20214
20215
20215
20218
20220
20220
20221
20223
20223
20224
20228
20229
20230
20230
20232
20236
20238
20242
20244
20244
20247
20249
20251
20259
20259
20259
20260
20260
20264
20271
20275
20276
20282
20282
20288
20289
20298
20302
20304
20316
20319
20324
20327
20328
20333
20334
20335
20339
20342
20347
20349
20351
20351
20352
20353
20358
20359
20367
20371
20376
20382
20383
20384
20384
20385
20388
20392
20394
20411
20420
20421
20422
20431
20444
20447
20451
20452
20454
20456
20457
20461
20462
20462
20467
20470
20472
20474
20477
20486
20495
20496
20496
20499
20500
20509
20513
20515
20518
20526
20529
20529
20530
20537
20539
20546
20552
20552
20558
20568
20576
20577
20579
20582
20588
20589
20593
20595
20603
20605
20607
20609
20609
20615
20624
20627
20627
20631
20631
20632
20639
20639
20642
20645
20645
20645
20648
20652
20666
20667
20668
20672
20673
20676
20684
20684
20691
20694
20695
20696
20699
20701
20701
20702
20702
20702
20703
20705
20709
20709
20713
20714
20715
20717
20719
20720
20723
20728
20731
20733
20734
20735
20736
20737
20740
20743
20747
20747
20749
20751
20752
20754
20760
20761
20762
20763
20764
20764
20767
20769
20769
20770
20775
20775
20775
20776
20779
20782
20782
20783
20784
20787
20788
20795
20797
20797
20799
20804
20805
20808
20809
20814
20816
20816
20821
20823
20832
20832
20833
20833
20837
20839
20856
20864
20864
20868
20869
20870
20875
20880
20882
20883
20885
20895
20895
20897
20898
20900
20915
20915
20916
20927
20929
20933
20934
20938
20940
20943
20944
20948
20948
20951
20952
20954
20955
20965
20967
20972
20973
20982
20982
20988
20991
20994
20995
20997
21004
21006
21010
21011
21012
21018
21018
21025
21036
21038
21038
21053
21054
21057
21058
21063
21065
21065
21065
21066
21067
21068
21069
21070
21084
21084
21088
21092
21097
21102
21106
21110
21113
21115
21127
21128
21132
21135
21136
21137
21139
21142
21149
21150
21155
21157
21159
21165
21166
21175
21177
21178
21179
21179
21181
21182
21186
21187
21189
21190
21198
21201
21203
21206
21206
21207
21207
21214
21220
21221
21228
21236
21241
21242
21243
21246
21249
21252
21254
21258
21258
21269
21280
21281
21285
21288
21289
21294
21297
21304
21307
21307
21308
21317
21319
21320
21328
21338
21338
21343
21348
21349
21353
21357
21365
21365
21369
21372
21372
21374
21377
21377
21378
21378
21381
21382
21383
21384
21384
21385
21386
21388
21394
21395
21397
21402
21406
21407
21407
21412
21412
21413
21414
21416
21417
21422
21423
21423
21452
21452
21453
21463
21463
21464
21466
21468
21469
21474
21478
21481
21485
21487
21489
21490
21490
21495
21500
21507
21510
21514
21517
21521
21522
21525
21531
21532
21546
21547
21553
21557
21559
21559
21561
21564
21565
21565
21565
21568
21569
21575
21575
21588
21588
21589
21590
21593
21593
21598
21606
21610
21610
21616
21621
21623
21624
21624
21628
21632
21632
21633
21635
21644
21647
21652
21653
21653
21655
21655
21656
21657
21671
21673
21682
21683
21683
21690
21693
21694
21698
21699
21704
21709
21710
21711
21717
21718
21723
21726
21726
21727
21731
21732
21733
21733
21734
21740
21743
21744
21748
21748
21750
21754
21763
21764
21765
21767
21767
21767
21772
21778
21786
21788
21792
21797
21797
21798
21799
21805
21805
21813
21814
21815
21821
21831
21831
21833
21837
21846
21846
21848
21857
21857
21865
21867
21868
21868
21870
21874
21876
21880
21887
21893
21893
21894
21896
21898
21899
21906
21907
21910
21912
21916
21927
21938
21942
21942
21949
21950
21955
21969
21969
21973
21975
21980
21981
21982
21992
21995
21996
21999
22010
22014
22017
22021
22021
22023
22026
22027
22030
22035
22039
22047
22055
22055
22057
22060
22067
22069
22074
22076
22080
22084
22089
22089
22089
22089
22091
22100
22104
22105
22107
22113
22113
22120
22122
22131
22136
22140
22141
22142
22143
22144
22145
22149
22152
22155
22157
22165
22167
22169
22169
22171
22172
22173
22174
22175
22178
22182
22185
22194
22194
22195
22197
22201
22206
22209
22209
22214
22216
22218
22223
22224
22227
22228
22230
22231
22236
22236
22237
22240
22243
22245
22251
22260
22269
22277
22277
22282
22283
22284
22284
22288
22289
22295
22296
22296
22297
22299
22299
22308
22308
22309
22312
22313
22313
22317
22317
22323
22324
22325
22327
22331
22332
22332
22337
22338
22339
22341
22343
22343
22349
22350
22352
22353
22353
22361
22361
22363
22369
22369
22373
22373
22374
22375
22376
22377
22380
22383
22389
22390
22391
22393
22401
22408
22412
22412
22415
22417
22421
22425
22431
22433
22443
22447
22449
22450
22457
22463
22464
22468
22468
22471
22473
22477
22478
22483
22486
22487
22489
22491
22491
22496
22498
22501
22512
22514
22517
22524
22524
22532
22534
22536
22538
22545
22545
22551
22552
22553
22553
22554
22556
22557
22562
22562
22565
22565
22576
22578
22581
22587
22587
22590
22591
22594
22596
22603
22604
22605
22609
22613
22615
22618
22623
22627
22628
22628
22633
22636
22639
22641
22643
22647
22649
22651
22652
22659
22660
22662
22664
22667
22667
22668
22669
22674
22675
22678
22681
22684
22685
22688
22689
22690
22699
22699
22700
22701
22712
22713
22717
22721
22726
22729
22732
22732
22736
22742
22749
22750
22758
22758
22766
22767
22775
22776
22779
22785
22785
22791
22792
22792
22795
22802
22802
22809
22810
22811
22813
22815
22819
22819
22823
22825
22832
22843
22844
22844
22845
22848
22852
22854
22856
22857
22858
22858
22859
22862
22862
22864
22864
22865
22873
22876
22879
22884
22889
22890
22890
22892
22893
22896
22898
22904
22907
22911
22912
22913
22923
22928
22929
22929
22943
22944
22945
22949
22955
22956
22959
22960
22961
22962
22963
22968
22969
22970
22971
22973
22975
22980
22990
22993
22993
22999
23003
23008
23011
23013
23014
23014
23023
23024
23025
23026
23030
23033
23033
23034
23035
23038
23040
23041
23044
23052
23056
23058
23059
23061
23061
23067
23068
23068
23069
23071
23076
23079
23080
23082
23083
23084
23093
23094
23095
23100
23109
23114
23114
23118
23120
23131
23136
23138
23142
23145
23151
23165
23166
23168
23168
23169
23172
23177
23182
23182
23183
23184
23189
23196
23199
23202
23207
23208
23210
23216
23216
23231
23235
23243
23244
23247
23247
23250
23261
23269
23273
23276
23276
23277
23278
23285
23290
23291
23292
23293
23294
23295
23295
23296
23300
23301
23302
23306
23307
23312
23312
23315
23320
23326
23326
23330
23330
23331
23333
23339
23346
23347
23349
23354
23356
23362
23367
23369
23371
23371
23374
23377
23379
23386
23386
23387
23388
23389
23394
23395
23396
23397
23401
23403
23405
23405
23408
23409
23412
23413
23414
23420
23420
23425
23428
23429
23429
23435
23435
23437
23439
23451
23455
23456
23457
23457
23460
23465
23470
23472
23473
23477
23480
23486
23493
23493
23497
23500
23501
23508
23511
23511
23517
23520
23531
23534
23548
23550
23552
23553
23557
23558
23569
23570
23580
23589
23591
23592
23594
23597
23600
23603
23603
23606
23609
23622
23632
23640
23643
23644
23645
23647
23647
23648
23648
23671
23672
23681
23686
23686
23687
23687
23689
23691
23693
23695
23695
23695
23697
23698
23699
23699
23701
23706
23706
23708
23708
23710
23712
23713
23717
23718
23718
23723
23728
23728
23730
23740
23741
23744
23746
23747
23748
23758
23764
23767
23767
23770
23773
23774
23781
23782
23787
23789
23796
23804
23805
23813
23813
23819
23823
23824
23829
23833
23835
23836
23838
23839
23843
23844
23846
23847
23850
23857
23860
23861
23866
23868
23868
23869
23869
23872
23874
23877
23878
23882
23883
23884
23886
23888
23909
23909
23918
23922
23930
23932
23937
23948
23952
23958
23961
23962
23966
23972
23978
23979
23991
23994
23998
24001
24002
24008
24016
24022
24023
24023
24026
24028
24035
24036
24037
24043
24052
24052
24055
24058
24060
24061
24063
24070
24072
24079
24082
24086
24092
24100
24101
24107
24111
24113
24118
24122
24125
24128
24132
24132
24132
24133
24142
24143
24144
24146
24151
24151
24153
24154
24154
24154
24155
24157
24158
24165
24165
24166
24168
24172
24174
24175
24175
24177
24191
24195
24195
24197
24199
24199
24200
24207
24212
24218
24218
24224
24226
24229
24229
24235
24236
24236
24238
24247
24250
24253
24254
24261
24261
24265
24273
24276
24276
24276
24291
24298
24298
24300
24300
24314
24318
24319
24327
24331
24332
24336
24347
24351
24352
24355
24355
24357
24357
24357
24359
24361
24364
24366
24368
24375
24383
24385
24387
24387
24387
24392
24393
24393
24397
24399
24400
24403
24405
24407
24420
24423
24427
24429
24438
24439
24449
24458
24459
24459
24464
24465
24483
24484
24486
24498
24498
24506
24509
24512
24515
24516
24516
24518
24520
24525
24532
24533
24534
24538
24538
24541
24545
24546
24547
24549
24554
24555
24555
24559
24561
24567
24570
24570
24570
24579
24581
24583
24584
24590
24591
24594
24595
24599
24601
24601
24606
24613
24629
24633
24636
24637
24637
24648
24649
24650
24650
24657
24657
24657
24659
24662
24667
24668
24669
24671
24679
24685
24685
24686
24687
24692
24693
24694
24696
24698
24698
24699
24699
24701
24703
24704
24707
24716
24723
24730
24734
24739
24740
24752
24755
24755
24762
24763
24769
24774
24784
24786
24787
24787
24789
24800
24810
24812
24812
24817
24819
24819
24826
24827
24827
24833
24834
24843
24845
24849
24849
24850
24850
24851
24851
24852
24855
24859
24861
24864
24865
24875
24876
24878
24880
24885
24886
24889
24895
24896
24903
24907
24911
24912
24913
24913
24920
24932
24935
24936
24937
24938
24939
24939
24947
24949
24950
24950
24958
24963
24966
24973
24978
24978
24980
24988
24988
24990
24992
24993
24995
25001
25004
25004
25005
25006
25007
25011
25014
25020
25031
25037
25044
25049
25059
25064
25070
25071
25072
25072
25073
25073
25076
25083
25084
25087
25090
25093
25095
25106
25107
25108
25110
25112
25119
25126
25127
25129
25129
25130
25133
25139
25139
25142
25142
25143
25144
25144
25145
25156
25157
25157
25159
25161
25164
25170
25175
25178
25183
25194
25195
25198
25200
25201
25205
25208
25213
25216
25218
25220
25225
25226
25229
25230
25237
25239
25239
25241
25241
25243
25243
25253
25255
25258
25258
25261
25262
25266
25272
25275
25279
25281
25285
25288
25289
25292
25298
25301
25304
25318
25321
25327
25332
25334
25336
25347
25350
25354
25355
25358
25360
25361
25363
25370
25370
25374
25379
25381
25385
25386
25389
25390
25390
25393
25394
25398
25400
25407
25410
25415
25418
25419
25419
25422
25425
25432
25432
25434
25436
25452
25452
25453
25455
25457
25458
25459
25461
25461
25461
25461
25472
25473
25475
25477
25482
25482
25485
25485
25488
25488
25488
25488
25489
25489
25491
25493
25496
25501
25505
25506
25513
25515
25522
25525
25529
25532
25533
25537
25537
25539
25544
25546
25550
25550
25557
25562
25563
25563
25565
25570
25570
25571
25574
25574
25578
25582
25590
25591
25591
25591
25595
25602
25603
25605
25611
25612
25612
25614
25614
25619
25619
25627
25634
25634
25634
25642
25652
25654
25657
25659
25661
25663
25668
25674
25678
25682
25683
25685
25685
25686
25686
25695
25700
25701
25704
25708
25708
25708
25711
25718
25720
25720
25720
25723
25727
25728
25742
25748
25750
25755
25767
25771
25774
25778
25780
25782
25784
25787
25793
25797
25799
25799
25804
25805
25808
25810
25811
25812
25813
25813
25816
25829
25831
25833
25834
25836
25837
25842
25843
25848
25859
25860
25862
25862
25865
25866
25871
25873
25875
25879
25880
25881
25885
25890
25894
25902
25902
25904
25909
25911
25912
25912
25922
25936
25938
25941
25943
25944
25946
25954
25954
25955
25957
25957
25961
25965
25966
25966
25975
25982
25983
25983
25989
25991
25992
25995
25997
25998
25998
25999
26001
26003
26003
26006
26009
26011
26013
26018
26019
26019
26023
26028
26032
26038
26039
26040
26045
26048
26052
26058
26063
26063
26067
26070
26073
26074
26074
26076
26077
26078
26079
26081
26088
26096
26112
26112
26116
26121
26130
26131
26132
26136
26136
26140
26141
26150
26151
26165
26168
26170
26172
26175
26176
26176
26179
26183
26184
26185
26192
26193
26195
26203
26211
26212
26216
26220
26222
26226
26226
26227
26235
26236
26243
26246
26251
26253
26253
26254
26255
26256
26257
26258
26265
26266
26272
26275
26278
26281
26281
26282
26292
26292
26293
26296
26302
26306
26313
26320
26321
26322
26323
26325
26332
26339
26340
26346
26347
26353
26358
26358
26362
26378
26384
26386
26390
26390
26394
26396
26400
26409
26410
26412
26417
26418
26421
26421
26435
26435
26436
26443
26445
26453
26455
26456
26456
26458
26459
26459
26459
26459
26464
26466
26469
26471
26479
26489
26489
26497
26498
26503
26515
26516
26516
26522
26524
26526
26528
26528
26529
26530
26531
26531
26535
26536
26543
26545
26549
26549
26559
26562
26564
26565
26572
26572
26579
26579
26580
26581
26583
26583
26584
26586
26589
26592
26593
26593
26598
26602
26609
26612
26618
26620
26621
26630
26638
26655
26657
26657
26669
26677
26679
26681
26681
26682
26690
26690
26690
26695
26695
26696
26698
26703
26703
26708
26722
26723
26727
26732
26737
26738
26739
26739
26743
26745
26748
26752
26753
26759
26765
26765
26767
26770
26772
26782
26785
26788
26796
26815
26819
26820
26821
26824
26826
26828
26830
26844
26847
26847
26849
26850
26852
26856
26857
26861
26868
26879
26882
26884
26884
26885
26891
26895
26896
26897
26902
26902
26907
26909
26909
26914
26921
26922
26923
26927
26934
26935
26938
26942
26954
26955
26961
26962
26969
26972
26973
26974
26975
26978
26978
26990
26993
27003
27005
27010
27012
27016
27017
27019
27036
27040
27040
27061
27069
27070
27071
27074
27075
27082
27084
27088
27089
27090
27093
27099
27099
27102
27108
27112
27117
27120
27128
27129
27133
27133
27136
27137
27140
27141
27146
27147
27147
27153
27159
27166
27168
27170
27173
27175
27177
27178
27178
27178
27187
27190
27191
27193
27195
27197
27204
27207
27210
27211
27214
27215
27217
27222
27224
27226
27233
27234
27238
27242
27245
27253
27253
27255
27262
27264
27266
27268
27270
27273
27275
27279
27279
27280
27282
27285
27286
27298
27305
27308
27312
27312
27320
27324
27328
27330
27331
27334
27336
27342
27342
27348
27355
27359
27362
27369
27373
27380
27383
27389
27389
27393
27393
27394
27410
27415
27416
27416
27418
27421
27431
27433
27439
27440
27444
27446
27450
27453
27458
27462
27463
27465
27475
27475
27475
27480
27480
27481
27483
27487
27489
27490
27490
27505
27507
27516
27518
27522
27528
27530
27532
27537
27542
27544
27546
27550
27553
27554
27564
27565
27575
27575
27576
27577
27578
27579
27597
27597
27601
27602
27602
27603
27603
27606
27613
27623
27629
27631
27641
27642
27642
27645
27647
27648
27649
27651
27652
27655
27655
27656
27662
27666
27671
27672
27674
27675
27676
27679
27683
27684
27692
27694
27694
27695
27696
27697
27700
27707
27714
27714
27716
27719
27721
27723
27729
27730
27730
27731
27733
27737
27751
27751
27762
27763
27765
27772
27773
27776
27783
27785
27790
27791
27802
27802
27804
27807
27808
27812
27816
27824
27827
27829
27830
27844
27845
27848
27849
27850
27850
27855
27860
27866
27868
27868
27869
27870
27871
27873
27873
27875
27876
27880
27882
27882
27883
27885
27890
27892
27904
27913
27913
27915
27916
27919
27921
27922
27925
27925
27926
27929
27933
27936
27938
27939
27942
27943
27947
27950
27953
27955
27958
27960
27962
27963
27972
27973
27973
27977
27977
27979
27984
27987
27989
27995
27998
27999
28003
28004
28017
28020
28021
28024
28029
28029
28037
28038
28039
28039
28040
28040
28040
28041
28047
28048
28053
28061
28066
28066
28067
28070
28072
28074
28075
28078
28082
28082
28082
28085
28086
28088
28092
28098
28098
28101
28104
28104
28111
28123
28126
28127
28130
28136
28140
28141
28142
28143
28147
28170
28170
28172
28178
28180
28183
28184
28185
28189
28191
28198
28199
28205
28208
28210
28212
28221
28228
28229
28234
28237
28239
28241
28242
28247
28247
28248
28253
28270
28270
28273
28274
28275
28278
28280
28283
28284
28289
28289
28290
28290
28293
28294
28297
28301
28302
28305
28306
28309
28315
28319
28319
28326
28330
28333
28338
28339
28339
28343
28353
28353
28357
28357
28371
28373
28383
28386
28386
28387
28387
28389
28390
28393
28396
28399
28399
28404
28405
28409
28409
28410
28410
28412
28412
28422
28422
28423
28423
28424
28429
28435
28436
28437
28442
28444
28446
28449
28453
28454
28462
28463
28465
28467
28467
28468
28471
28471
28475
28475
28477
28477
28479
28479
28481
28481
28482
28483
28491
28491
28495
28496
28497
28501
28502
28503
28503
28508
28511
28519
28523
28523
28539
28542
28542
28552
28557
28567
28572
28575
28578
28579
28579
28583
28583
28584
28594
28603
28606
28609
28612
28625
28644
28656
28657
28658
28662
28663
28666
28666
28667
28669
28670
28671
28674
28678
28678
28679
28681
28682
28685
28686
28690
28693
28702
28704
28705
28705
28706
28707
28715
28717
28725
28733
28734
28738
28740
28747
28752
28759
28760
28761
28764
28765
28775
28779
28783
28787
28790
28801
28803
28803
28807
28808
28817
28818
28822
28824
28827
28833
28833
28834
28841
28847
28848
28863
28863
28865
28872
28874
28877
28878
28885
28887
28892
28907
28908
28916
28920
28921
28926
28930
28934
28939
28951
28960
28961
28967
28969
28978
28983
28985
28988
28995
28996
28998
29026
29026
29032
29033
29034
29040
29043
29047
29056
29056
29057
29061
29064
29072
29074
29083
29087
29087
29096
29098
29099
29102
29108
29111
29115
29116
29126
29129
29129
29131
29133
29138
29140
29140
29141
29156
29157
29158
29163
29169
29169
29172
29173
29173
29174
29175
29179
29185
29186
29189
29195
29196
29196
29201
29202
29204
29207
29207
29221
29222
29225
29229
29235
29241
29244
29256
29260
29262
29263
29266
29269
29276
29276
29280
29291
29292
29296
29299
29303
29308
29310
29313
29314
29316
29317
29317
29320
29327
29331
29334
29338
29338
29347
29350
29351
29351
29351
29353
29358
29365
29366
29372
29381
29384
29385
29386
29388
29391
29394
29396
29400
29401
29403
29409
29411
29411
29413
29415
29416
29417
29418
29419
29423
29425
29426
29432
29434
29437
29444
29445
29449
29457
29459
29460
29460
29460
29466
29469
29476
29476
29480
29481
29482
29483
29486
29487
29493
29493
29494
29495
29497
29498
29503
29509
29512
29514
29515
29515
29522
29523
29525
29526
29527
29530
29539
29541
29542
29545
29550
29551
29552
29555
29556
29557
29561
29563
29564
29573
29573
29574
29574
29577
29581
29585
29592
29594
29598
29598
29600
29602
29604
29609
29610
29612
29614
29614
29621
29624
29630
29631
29633
29640
29643
29644
29644
29647
29651
29656
29656
29657
29658
29662
29664
29669
29670
29672
29674
29678
29681
29681
29683
29684
29691
29691
29697
29702
29705
29706
29713
29714
29719
29721
29730
29732
29745
29746
29752
29760
29764
29766
29772
29778
29779
29780
29781
29781
29787
29788
29789
29794
29796
29803
29803
29808
29810
29811
29819
29821
29821
29822
29823
29826
29826
29831
29833
29835
29836
29838
29838
29839
29841
29842
29842
29843
29847
29848
29851
29857
29861
29863
29863
29865
29874
29881
29882
29883
29894
29903
29909
29909
29912
29915
29915
29916
29930
29931
29949
29950
29951
29955
29956
29957
29962
29964
29964
29971
29972
29979
29982
29986
29990
29998
30002
30007
30011
30014
30016
30021
30026
30028
30029
30030
30032
30038
30045
30047
30050
30052
30058
30059
30060
30061
30064
30064
30068
30070
30074
30076
30076
30079
30082
30084
30099
30106
30112
30128
30130
30136
30146
30151
30152
30153
30157
30163
30169
30171
30172
30177
30177
30181
30182
30187
30188
30190
30191
30194
30198
30202
30205
30207
30208
30218
30224
30229
30231
30231
30232
30232
30234
30236
30246
30250
30252
30258
30259
30260
30261
30269
30272
30273
30275
30282
30282
30283
30284
30285
30285
30289
30290
30302
30306
30307
30308
30309
30314
30315
30319
30325
30327
30331
30335
30342
30343
30344
30351
30354
30360
30363
30364
30364
30365
30369
30371
30371
30374
30376
30378
30380
30387
30395
30397
30398
30400
30400
30402
30407
30407
30407
30409
30415
30416
30418
30421
30423
30424
30425
30429
30433
30435
30439
30440
30440
30450
30451
30457
30458
30459
30460
30468
30469
30469
30481
30481
30483
30484
30486
30486
30487
30489
30491
30494
30500
30517
30519
30520
30521
30527
30536
30538
30543
30549
30551
30556
30556
30563
30569
30571
30580
30582
30587
30589
30592
30595
30604
30610
30610
30611
30612
30615
30625
30626
30627
30627
30630
30636
30641
30653
30655
30658
30660
30660
30663
30663
30664
30664
30667
30672
30673
30675
30676
30678
30682
30682
30687
30688
30690
30690
30692
30693
30694
30695
30695
30698
30699
30706
30710
30725
30726
30727
30729
30730
30731
30741
30743
30745
30750
30752
30756
30756
30756
30757
30757
30758
30758
30763
30764
30768
30784
30786
30791
30798
30803
30812
30814
30814
30817
30817
30826
30827
30837
30838
30846
30847
30853
30854
30857
30860
30862
30865
30866
30874
30880
30887
30887
30890
30896
30908
30912
30916
30917
30918
30918
30920
30921
30922
30924
30925
30931
30938
30940
30943
30948
30951
30953
30957
30958
30962
30968
30969
30974
30984
30987
30987
30988
30991
31001
31005
31009
31013
31014
31014
31021
31021
31025
31032
31040
31043
31046
31057
31063
31066
31070
31071
31077
31080
31081
31086
31087
31087
31098
31098
31103
31108
31111
31113
31115
31117
31132
31134
31135
31136
31136
31139
31141
31141
31144
31147
31150
31156
31157
31166
31167
31168
31173
31175
31180
31180
31180
31181
31183
31184
31188
31192
31202
31210
31212
31213
31216
31220
31225
31227
31229
31232
31232
31233
31236
31239
31242
31245
31247
31248
31248
31249
31251
31253
31261
31262
31264
31271
31276
31282
31286
31288
31293
31298
31299
31303
31304
31304
31305
31305
31309
31310
31311
31311
31314
31316
31317
31319
31324
31324
31325
31325
31327
31329
31344
31349
31352
31357
31359
31360
31362
31364
31366
31366
31370
31377
31379
31380
31383
31390
31395
31399
31402
31405
31413
31413
31420
31421
31421
31430
31441
31446
31461
31471
31475
31477
31477
31479
31480
31480
31484
31491
31492
31501
31532
31533
31534
31535
31537
31540
31540
31543
31544
31551
31557
31560
31566
31568
31568
31575
31581
31585
31590
31595
31605
31608
31610
31610
31613
31618
31631
31640
31646
31651
31665
31670
31671
31672
31674
31675
31679
31687
31688
31693
31694
31701
31703
31712
31715
31719
31722
31727
31727
31728
31733
31739
31740
31747
31750
31750
31751
31753
31755
31757
31769
31770
31771
31775
31775
31776
31776
31778
31780
31783
31783
31783
31786
31788
31792
31795
31795
31796
31803
31804
31805
31809
31811
31815
31819
31822
31826
31827
31832
31832
31836
31842
31845
31847
31858
31861
31865
31869
31870
31877
31880
31885
31890
31890
31899
31907
31908
31908
31909
31912
31914
31915
31920
31929
31933
31955
31955
31969
31971
31971
31981
31987
31988
31990
31996
31998
32000
32005
32009
32010
32017
32018
32025
32027
32037
32038
32041
32058
32058
32062
32064
32076
32076
32078
32083
32088
32089
32093
32095
32101
32103
32104
32104
32107
32108
32113
32114
32114
32118
32120
32123
32129
32132
32132
32143
32146
32150
32159
32169
32172
32177
32188
32194
32200
32202
32210
32215
32219
32221
32228
32233
32234
32240
32241
32242
32243
32244
32251
32252
32257
32260
32266
32266
32268
32272
32275
32277
32280
32283
32295
32297
32299
32303
32304
32311
32315
32321
32324
32327
32329
32332
32332
32333
32336
32338
32343
32345
32354
32356
32357
32367
32371
32386
32389
32391
32393
32393
32402
32410
32411
32413
32414
32414
32417
32417
32419
32423
32431
32445
32450
32455
32455
32456
32456
32459
32461
32468
32469
32470
32482
32483
32487
32488
32490
32491
32521
32525
32528
32534
32534
32540
32540
32546
32552
32559
32561
32568
32571
32571
32571
32573
32579
32581
32587
32591
32595
32595
32600
32606
32610
32612
32617
32621
32622
32630
32631
32632
32635
32648
32652
32664
32669
32669
32671
32672
32674
32677
32677
32682
32688
32691
32692
32692
32696
32701
32703
32705
32705
32706
32707
32713
32714
32715
32715
32715
32717
32718
32718
32722
32723
32728
32733
32736
32736
32738
32740
32740
32744
32745
32745
32749
32750
32750
32753
32759
32759
32762
32766
32767

