10000

7989
9817
28662
8366
9674
20703
24532
1032
24359
1483
31815
25157
31210
9296
9868
23362
3022
19281
8641
1587
28039
21950
28141
28822
3566
28961
21569
2405
94
628
2206
19600
19038
19766
1111
17066
13440
4286
32311
10466
8841
4046
9158
21814
14033
13931
30664
10979
17645
20972
31239
13088
22412
3922
31826
11787
19871
13271
18630
12260
21181
17354
32076
7801
14021
2969
16483
8929
26821
16176
13088
25453
6426
9089
17522
6620
18137
30308
18859
22990
15470
2210
60
7036
16259
15948
23744
24229
30756
26962
19261
31180
21280
12880
17574
27040
25522
939
23972
13500
2144
10973
12949
14224
22308
9229
21718
27807
5322
17379
7485
1260
15257
13210
2026
25774
21813
29527
32064
22603
11204
22201
11310
5508
5712
12209
22963
23789
25708
7060
18849
20385
11547
9838
9377
19763
1261
14490
32631
28136
24427
655
26503
27939
8117
23293
6296
6176
7274
17177
16345
5349
6856
1332
28705
5494
1301
8595
11131
19273
24637
32123
9698
12025
17596
2187
9545
28734
24254
19535
8927
8733
14725
6673
4496
30556
23052
19186
28111
9017
27882
17978
31379
12892
2936
16877
20383
28681
23606
29087
7431
11162
4715
6024
18416
29229
4364
11227
17559
4250
13535
3668
20885
29096
2528
30224
30817
11392
28644
5026
30486
22369
29308
6499
30582
29334
22556
7689
14127
32677
11389
3452
1374
6346
19007
7141
14674
7331
10195
28423
1682
16941
27544
29138
21025
10479
2884
1589
27904
14709
31366
2357
22517
27136
11498
23868
29835
15228
28412
28339
18266
690
23216
26322
12168
20927
27393
183
14224
5573
29401
13494
25410
15584
31537
11761
7948
30812
19577
15912
13431
28453
10042
17362
26612
29822
28666
13932
9177
5878
21088
19729
21671
7064
8088
29515
23182
14691
27641
41
13363
10490
12261
25489
18096
23708
28657
15832
26332
29781
12358
5520
1998
17014
14152
8097
12956
29764
25461
19868
11112
13037
6287
5707
26526
20672
2045
11405
14711
22172
22639
6240
21698
1449
28865
26176
4323
8519
27170
24752
3100
5444
28021
2070
5131
19538
32759
15563
30580
19128
802
20339
9537
24903
27602
27530
15559
3216
29863
4160
29515
21588
20394
2951
29381
16188
6963
11114
5603
11978
7690
6560
9553
14224
3788
5473
31288
18848
27280
32632
10757
15683
7883
27802
8043
6126
2673
12790
17579
7537
6749
8205
8979
370
1267
24516
7108
19738
26884
9655
7609
19726
21489
12241
32005
7073
29460
16666
20316
6984
29787
4047
29141
30030
23094
22968
7150
28872
18100
4790
9169
13772
489
24988
22486
20702
16274
24383
4424
2731
26620
19409
25708
26618
26657
11882
4543
26079
19732
4840
7296
17969
11936
23033
10862
63
11564
20342
4307
10687
1762
31475
12993
27655
2065
24212
5276
22912
23247
6178
18648
14167
31202
6237
6660
3957
19169
25748
5640
7858
9110
5748
24235
29509
16039
3614
25432
20351
25461
2684
26657
9402
17733
7124
32260
14988
23966
9373
20589
22080
17905
23698
27645
30342
21632
2566
25226
30569
120
25975
28775
12930
20832
23397
1765
28523
23991
8292
24601
14455
7385
19313
32736
26528
4131
27266
17953
32705
1879
17761
30290
9734
1090
17081
22590
20384
412
9073
22021
30653
8495
2106
15204
29111
1340
30052
31286
11147
22810
18678
6203
29838
19744
22269
10777
7259
2501
8228
32672
32272
24070
22149
25938
19386
11528
9407
7971
11789
24319
27465
125
3161
22862
26630
17799
4281
16880
31769
4519
15502
4630
1018
14150
8491
15377
30153
11475
4306
26739
14819
21258
23520
3697
29108
28790
28228
27532
8396
1588
24885
7793
27700
25083
21797
26909
25602
4441
10224
24132
2859
6719
23386
32244
4505
7360
16312
1398
29821
16918
14061
30325
30951
7398
9112
6497
13460
24261
22668
32534
6406
1786
7297
17849
13530
28293
5641
9443
8023
21857
13253
1282
16963
21767
25816
9724
30202
23603
13724
6421
9153
6122
9364
4626
25175
28092
17314
21406
16589
27463
31098
15086
13208
20220
30551
11937
22501
3622
14061
29930
300
31783
5278
13552
17672
30469
23024
10101
31046
15654
19519
15030
22587
20568
5039
11667
16219
2581
3685
26096
15368
17668
25591
1627
23208
16322
27936
1775
27642
7395
17337
21880
13482
9268
3812
16600
15139
10563
24459
13225
10148
15138
12553
547
27286
359
25126
20288
7453
27255
14921
19743
20461
3845
20201
23718
15455
28373
23877
20588
3011
27334
27733
22230
10488
8207
19200
20352
20539
2249
16015
4062
20797
1454
30050
23331
14200
13600
4577
4449
19650
15213
25014
23026
10787
24657
5434
19736
19172
9660
2860
24800
21992
15318
1193
7500
4416
30272
21848
23472
13305
9885
25574
5469
2616
82
3762
1405
8074
27017
18633
8766
25461
23932
788
12595
31827
17392
13776
31479
15456
25087
7743
25107
27921
18459
1181
24865
25767
24912
7766
13362
6661
1993
24694
12654
10942
17046
22113
5370
1907
4269
20676
17439
14940
25902
203
19368
31780
14571
21397
7563
2810
21799
8677
20940
30693
15262
2074
28319
24151
20422
31329
31693
14854
9557
26921
25944
20215
6147
2519
29026
22491
4241
6075
19787
28319
6922
8515
30234
25407
12873
13679
30
29915
25787
1413
469
8460
13926
20230
9740
32120
25642
8672
10568
20388
27719
22245
18021
22282
32
19068
22141
32108
17215
12183
10251
24935
31640
3813
20816
28491
5906
17992
502
31786
10819
7305
6132
5935
19579
15691
31665
1329
29957
12605
1900
6792
15785
9876
32219
26400
11893
7609
21522
26828
30398
20030
21159
14300
14177
22551
21012
25073
16974
5383
5724
26384
29512
7768
3570
3318
1510
23247
30678
31915
3294
10463
13569
24154
28290
31005
18691
26464
2699
27892
19947
3747
27926
19866
24423
23333
13036
28482
16684
217
774
21652
17560
16309
16721
9818
12694
14600
24238
21372
14019
12046
27197
27950
9423
25281
18395
4968
31013
1011
12265
1430
31694
26522
23632
11154
29842
30827
1729
10959
15201
5546
7234
23511
10226
21568
18918
13303
9386
22030
18139
30520
26815
11137
32682
18066
7581
29542
1723
24157
29577
11520
28184
6408
27012
28760
28274
2573
19570
213
32617
17700
12667
28172
17672
9656
28594
14041
30351
10903
23796
8879
8822
14829
21011
17708
29614
24947
14900
24561
23594
26340
12662
5808
18590
15537
30421
10630
16775
12021
13645
10636
7531
23723
26690
23465
10338
20767
24351
15786
25813
20898
9278
24980
18822
13186
19208
4920
8400
20025
26973
31753
27953
24037
16438
14635
30469
27128
22408
6092
26516
1073
4460
27575
5455
29643
30846
13350
25943
8436
19842
728
26175
21632
6222
22884
2067
8159
16356
28877
5529
332
28126
8022
21206
6216
16655
20632
25812
32327
4967
17361
26275
6057
22295
1151
20382
28907
20214
20782
3823
31775
9763
25742
86
17049
10988
21704
7718
24300
12527
32018
5264
21269
24191
9602
6691
3829
26954
23839
12692
15109
1592
14910
14523
6981
4246
29964
26847
7797
11379
4199
11315
28040
26698
1266
27808
3926
8674
8808
16325
29841
12915
6960
5181
32762
9738
28210
17440
24276
558
8938
12492
17817
24516
3002
19429
25837
23600
645
12698
10960
9661
21369
14378
9239
10047
18988
6311
4637
5879
5355
5371
2230
27830
29263
16168
10340
837
23824
17876
18638
26885
10782
27140
10093
9171
19694
552
28297
27694
13842
11864
10340
9116
13
8669
29365
2633
24165
9715
1623
30706
762
14797
26435
7169
28053
29658
20668
2298
22980
2119
12745
3861
16102
6341
19944
10797
5762
12684
22017
1752
23773
6047
3481
25304
32715
19538
20552
19634
12229
27146
2925
1692
18236
15941
32
4252
15405
17626
24936
7663
20470
26753
8878
31144
29032
11413
2674
7833
1309
9241
23869
1654
2059
23034
13527
29752
16474
3731
22457
15808
28787
28278
9413
22717
16474
9834
26421
11983
20797
30896
9938
31981
12109
14219
18534
16900
5580
18687
4723
224
14695
6104
27173
22864
3271
5614
23686
15493
13155
13224
18417
16572
5784
28863
14793
22557
20731
27204
21610
28386
25582
2533
20832
13499
27505
14956
29656
5489
17467
17800
32595
9418
22538
16080
1698
430
1079
8197
9998
29831
20109
31383
983
19694
23643
25195
5600
17027
24520
30172
9128
23836
28519
9984
30076
10275
31755
10796
6635
13625
22749
11706
20091
12831
2475
16137
24730
5591
19331
198
6871
10502
2945
5738
4690
28061
16357
26884
26737
10680
22376
10553
21717
6599
13009
12937
2957
3563
23747
13268
21385
30371
29657
16668
24913
9383
31477
12940
18935
16404
980
29881
8777
15050
26598
11817
7756
16914
861
24082
17638
29573
9860
22627
3035
22825
12627
17160
28667
28892
3392
30826
23961
17142
31063
29494
32062
19498
23693
10080
14495
16045
4690
27751
3021
24218
25957
23770
30380
32150
11500
20251
8870
22960
16324
19299
4256
25482
12822
8966
25389
12222
4395
3321
6402
6011
4481
27537
19371
19567
25374
8077
18044
25578
8228
3159
2505
7488
2470
12679
3674
26479
1722
32169
23833
27137
6607
15936
20238
5428
16449
20747
2445
32089
28715
31366
2734
1402
10365
1460
23038
7487
18254
4380
12660
5650
6771
11537
12967
21378
24144
12087
31805
23269
7918
24387
13223
1602
12110
24834
22284
24174
11005
32669
27522
24692
13801
15899
23428
12858
28275
20775
6561
2658
17861
26132
23409
20335
12902
23326
205
12841
28939
19699
31551
18242
18353
7538
18872
25657
32488
22450
23681
17279
1394
5446
30068
13273
29196
18623
22636
22277
22412
4467
24570
13216
7980
31869
19034
7751
23846
22277
21157
15869
21377
30146
27207
12236
5930
5564
9908
3503
2886
14935
14167
23728
9927
11405
30667
9806
14397
32635
29262
16673
7151
15903
26227
3265
6187
9824
10263
9443
21466
5454
27285
20421
6999
2220
19518
11213
26498
22956
13827
24685
23312
5369
25461
22089
10789
5114
9968
15004
8228
15190
15890
20951
14278
691
19058
23948
31081
10692
17039
6539
5035
16002
28423
5195
25144
22713
18442
26251
22240
11975
18189
3640
30957
26528
195
28818
28339
19990
6985
18315
17768
18776
29857
32367
27446
16056
3425
16842
3983
16561
2988
18055
24001
12072
27234
3157
17866
11506
10388
8015
18285
3735
3387
7387
29573
9813
21289
32722
6042
4456
20799
30690
18354
27273
29409
20529
14953
1461
5287
10563
11076
6447
6485
2590
14147
30664
19214
3244
26549
16478
23748
10592
24400
9891
8179
26140
23937
14623
17039
27731
3073
18553
10555
19051
19113
21490
14779
25701
28039
7986
10668
22463
8497
21831
9586
22169
26969
23787
25459
15896
28066
16901
30595
27656
2226
22643
31390
6085
19849
31751
23261
12891
30481
4559
26531
4588
30198
11930
28183
27730
4279
1719
31192
25862
18942
2816
3564
12864
301
22296
27129
7520
313
21744
12215
25229
29115
14736
31909
13212
24132
16148
19451
25139
18417
16372
13536
29998
30016
6025
22750
11585
29730
27597
5779
15583
594
17507
21673
14171
20452
4823
30984
31566
20513
4134
24649
7224
3218
4993
26990
3946
11867
17998
27089
8227
12747
22896
7515
28409
30768
8136
26358
122
11248
12795
30021
7956
10965
32630
8082
5170
27305
28848
3848
31912
3075
32431
2082
15441
3936
25550
26723
21750
24693
18877
11336
9330
11204
6345
4475
19988
12910
19550
10569
21317
4168
28874
28502
8043
10288
11843
14479
2829
10914
1324
3681
6711
27270
8084
18984
31264
29772
23552
1259
522
6971
30058
12102
15210
28934
27785
26023
13641
23457
5715
21694
9962
15698
29633
16942
9645
25355
14034
3465
29235
11511
6354
15739
8387
9555
26076
27973
8428
31103
24990
11885
26732
2389
26972
12980
17745
185
30519
21065
7006
12145
27312
16956
4272
4920
14952
3893
28066
18445
29481
12390
13293
21201
10282
18110
12564
31249
14479
23648
4095
8481
3632
14419
11749
22890
14747
6779
13936
7684
3932
29640
19228
28040
10876
28333
14817
13855
30791
23508
1809
18399
12626
22288
20099
16728
25533
14483
16369
10857
29366
9825
15007
12633
12094
23044
19517
15906
28208
28289
5903
20496
16255
19084
25419
22923
10943
31480
24515
3633
5351
4465
21955
22313
13141
23405
21565
25011
12306
1376
5667
31747
25432
32303
10261
13391
18001
12008
4412
28199
802
23216
886
25093
17960
15101
22195
15141
13441
11269
21407
18326
11215
32118
4481
28306
12088
15207
27490
24843
9650
910
20595
14470
19837
15028
29609
30764
2288
13927
7850
9246
26745
12015
11244
25354
5600
3459
27675
24060
1227
27324
31420
21110
3207
20809
17937
2754
20229
6373
20028
12423
4387
28038
24486
11675
26669
22231
19618
3864
24740
21481
27214
7858
574
24357
21690
9799
21805
28294
15949
4536
19620
17413
20068
25336
15000
8788
21307
11362
12484
14798
19217
1360
29423
25007
2183
11497
24177
29056
30282
20282
27380
20182
15857
8329
10360
828
22057
17125
24218
28270
15375
10754
12565
26824
23517
28996
28041
27133
27849
22554
26235
2060
17450
22669
32669
25200
25565
3097
20304
19863
18407
21179
31080
21142
14171
28747
10031
22299
7295
5132
16556
419
10282
32386
19237
11757
17520
14723
4322
1454
6785
5777
30260
4486
12239
26471
8118
22067
24175
9426
19923
20997
11458
30658
4488
28305
18516
22689
15979
15018
10244
14563
15853
141
6502
27359
10204
3164
15717
15325
17452
14030
14381
29808
23030
2084
6216
13062
28609
1887
14598
21693
24833
2480
9251
24696
27869
5680
13988
10291
8757
12753
3330
5267
19684
10132
31370
20161
18498
8445
4100
15481
23277
8901
30099
606
32714
16846
7132
145
16454
9308
2154
32129
994
9089
16721
29445
30958
8409
7186
12712
31380
25720
29631
20035
6169
5921
2656
3538
8544
11448
6548
17280
23728
21242
22140
21764
18870
14444
27860
22832
5582
16273
13667
1223
9598
29280
11158
22928
22339
18933
26216
19368
25489
7815
6276
20764
32277
21402
23470
4023
7229
5238
19295
7449
1274
13527
12975
1289
3525
2534
20856
2573
10464
20328
31929
21559
10462
27958
7736
577
23909
12525
22380
20701
27955
20454
19353
19526
4447
17769
21821
16411
5601
24861
10923
22893
17237
6595
13814
12055
5628
30756
9232
9293
26116
11848
28467
22904
25865
12009
26752
8001
5339
22823
1255
8172
7042
3198
28998
13032
6271
14580
12757
3748
24405
16279
20673
19620
15176
14118
24599
29651
8293
26895
21220
32027
28098
6809
29083
1587
9479
30307
28086
9912
15149
10765
22688
7040
26246
3125
467
15403
3582
24229
61
28410
15776
202
27369
3813
17500
9833
1243
30695
24327
26253
24636
11677
5283
14020
15543
20495
10209
9866
9506
21198
16868
28422
4193
10815
14920
10996
2439
25398
8291
19171
9023
22726
27082
6560
14955
31832
27159
25842
19466
25595
30698
7815
25183
4859
25390
2351
23888
12469
8350
17992
6668
8617
20103
22393
15856
14033
30415
26788
10412
26418
12854
30229
20897
18352
4316
8960
5262
13606
27652
21546
12652
25782
1303
25318
918
20062
5612
31811
13357
9676
13894
132
27579
21876
15006
30416
18198
12255
28707
26923
5000
19270
23040
15525
5676
15199
21469
22993
25243
7543
15784
14713
1224
10945
5269
10640
553
17646
7523
24168
30232
12541
994
9254
19832
29781
5042
17522
26011
2065
28237
29811
4707
22171
25159
24314
20392
14204
18389
7933
8666
23922
1677
15944
27112
27331
10348
3183
12384
8146
7709
25095
11223
22512
6264
9237
1675
18548
6986
7111
10055
13838
11604
30306
391
5208
18838
380
12509
17326
30157
30571
25491
24896
8762
28669
22674
23909
13989
18794
29826
19507
28834
7558
12851
9292
30483
5947
29244
24570
18158
15415
28130
13439
23872
32482
20795
21414
17010
11411
16531
27550
23243
3075
19726
22792
8247
16386
7311
16207
10567
17000
18649
31544
8568
2895
14836
9146
5816
14463
32723
3343
16422
18730
28467
523
8730
16858
1478
10157
13157
19623
22929
16116
26586
10669
6034
14579
17421
957
21927
20776
24154
32083
15275
8714
28969
2504
18402
26593
25201
26313
12951
26074
25723
18952
13571
8539
5097
5937
14193
26516
14070
12832
10912
20823
511
16721
4201
14633
1347
29848
30625
22425
10215
9234
28481
31184
21565
23387
13508
1642
14661
9473
8657
17540
17780
10809
7450
6422
16053
31441
4740
11908
7086
4454
13960
14959
580
26583
6361
21969
3937
12281
19015
6985
19444
1165
6627
32691
29498
9839
11620
6396
28221
6672
30921
18228
10394
14629
22848
29669
8838
3233
22343
23460
25619
737
21521
5605
13744
22055
9771
20244
16879
14154
26975
26849
1164
4268
1497
29915
10922
30059
12936
15680
18527
4316
30407
20499
1907
10805
28477
16496
13157
4233
23041
4637
18095
762
11778
865
23883
26922
16807
10521
12406
28658
17586
4360
32692
24151
4458
24175
2836
14009
6393
5341
693
30798
28435
1353
3977
5327
14552
4446
22873
28273
764
14614
11786
29207
17189
9866
11806
8646
2196
11273
8830
9049
8200
26727
24438
10102
11999
1431
22785
15552
2431
17788
19527
25422
18676
20733
8804
29789
25562
32088
28779
12865
20094
31672
14506
5282
26176
9993
20784
9444
11324
25611
5005
32487
4905
18341
14809
18929
25728
30589
3320
15848
225
30917
18459
2245
32692
24920
21898
10309
29196
7941
18594
3041
19664
18730
14617
4865
15900
12421
25482
15213
29157
8520
13101
5124
2524
2923
6373
18352
19605
1350
21377
21657
20457
23647
3387
17305
8857
10369
29317
29681
14643
5390
9734
20282
8762
21653
13791
31134
17793
29351
30258
21063
13016
30695
25829
22552
17386
5217
31395
18075
5478
17437
3364
32571
7005
8691
9903
4788
21740
23712
30429
32455
25370
538
16543
29746
1795
5409
27010
14559
19255
8471
3634
31324
23645
16401
16445
9355
21788
18222
20762
4251
315
3368
20074
8246
23558
32552
4989
6396
19956
30687
5144
21553
28040
3282
17526
5810
18293
17909
17036
9518
29189
29564
9362
26770
28603
5614
4286
14021
9528
3195
595
5014
26203
32143
24538
32243
24236
11687
18095
7515
22779
14436
12224
25493
10820
24541
20882
30371
17366
26170
25477
30450
12468
9599
9816
30163
572
22949
21999
12335
28678
20719
26708
24949
12047
30331
15869
17112
17431
27416
10061
2744
21831
8279
25436
93
16151
10725
31739
30699
28783
14615
8947
19090
21004
30407
29838
7942
15654
12127
17241
5679
17744
1331
20775
12321
22943
7444
6489
32078
270
31009
4189
28666
13857
30177
31861
25072
9673
7567
19386
8820
21896
17845
2912
8312
29909
11005
25659
1299
24002
32579
16514
21038
2268
7662
32468
22913
30803
23169
22136
8126
24155
7533
20713
11
721
17194
31890
9142
11298
29061
15574
8740
3945
22332
23379
23819
3031
2504
15976
27873
13656
30074
26868
12693
29299
5065
10081
23420
12658
23531
3554
142
30916
8610
11256
4562
22175
22105
6459
17687
29674
24687
16215
18149
20057
31955
1365
18611
24026
24273
16412
16218
10544
555
3127
26058
3549
25452
29912
22524
16198
4729
3101
23080
16658
21353
22675
8247
24787
16790
15353
10619
29416
10484
14150
1182
22178
2466
12269
4056
1445
31167
6751
2405
12945
22911
11729
1079
15074
3454
1344
5352
28693
13140
20915
19186
31757
1129
449
18978
25780
23307
594
6218
29413
3517
31914
29495
138
5330
13731
17122
29185
11835
29241
31722
24261
29598
1356
1602
11594
5800
27298
31783
9768
14243
4908
21846
17020
2635
18058
21115
14731
15581
15824
15596
4521
21874
23435
20119
14426
31115
9471
22074
26038
21485
24755
27602
20242
3247
32304
18773
27868
1937
11013
7075
22471
23695
14606
24506
296
16054
14838
8234
19104
17719
29691
9930
16636
19130
5105
30376
32345
22260
16522
8774
30604
18044
29396
20995
14529
9434
14339
3799
21857
27873
16497
9539
3898
9024
24547
13448
30938
32595
25358
15896
5947
5695
24154
18762
18086
15421
23013
28497
26321
4150
32459
25455
4683
26001
10661
19302
25881
73
1615
31792
5794
22338
6383
28399
27336
20701
22578
551
15960
11722
15577
23339
12964
5661
27253
31701
15470
31908
21870
24698
6664
19576
2634
14877
29882
5331
31276
6371
12644
10017
28827
6855
13412
23386
5765
29327
7354
28302
9860
23295
14954
12226
13919
19020
17442
28410
14804
31188
4125
25239
8853
5643
21575
30435
16784
10937
12706
15339
19827
8035
3816
25997
12912
22534
1650
4561
3902
19980
27480
18813
864
13688
10714
28387
12969
612
1791
3838
8704
25261
891
18621
20833
32749
26070
16031
14116
7593
12235
18048
130
26572
751
19379
15189
1364
14483
5968
19743
17228
12522
29391
23374
27642
7535
22742
2238
7769
19073
10320
11392
14794
11344
3519
26074
12806
13053
5843
12686
24407
10749
9275
25695
7944
9919
11707
11986
22553
19086
3199
3634
14392
23480
16303
20182
15597
31216
24387
935
23829
29169
12569
5852
26257
29796
5188
22536
25663
13316
13992
11095
8233
12032
18628
15892
5629
10144
9166
25711
27070
4140
5637
1150
14008
28170
18755
12929
19129
30758
30673
25194
8574
29847
25472
21149
13420
6527
17141
5108
29313
30002
6469
21254
29833
8603
11202
18089
16789
18140
2580
26549
14249
12597
23691
22027
27829
32295
27827
3798
7110
9433
7209
22545
29310
23994
15790
1354
21186
11624
1146
31141
23730
5841
32210
2851
21726
14488
18653
11044
15030
22970
180
30763
9027
10609
3256
7394
11285
13912
19240
8286
6781
24784
18931
2979
31484
19619
458
2155
21754
5608
18298
23843
18107
19751
26489
27191
7568
32445
8126
3215
15946
18817
27606
2394
29172
18599
22325
26378
27330
21733
18890
22431
5444
24789
726
6185
2527
29851
13821
27016
12926
3271
32414
1655
30853
24701
7520
15049
3847
21203
13325
32753
11576
4986
29604
17096
19749
12961
28841
13963
17058
11286
4544
22819
16004
11694
19578
3242
4625
7400
9327
27178
18101
8141
8333
12712
24055
11546
10927
31585
19882
26529
3441
3667
3176
18669
1091
32767
16956
24357
4541
366
29087
8754
4147
32114
11430
9252
12424
27694
10873
8402
23367
32728
20743
12481
10223
3774
1784
9032
24207
24199
25059
17393
14227
13500
1218
3873
19934
20615
17059
6652
30489
12730
22944
12675
30282
20754
23056
29951
15528
11710
3583
28579
11438
21531
29916
30061
4974
16834
10098
18253
19496
19140
14362
17033
16923
25652
25390
8032
17563
30694
9152
750
24932
9591
140
26703
14638
5261
9516
9479
641
15456
7051
3233
11979
17530
14748
30615
26032
25275
5964
12658
19105
23199
8373
4658
16560
452
6292
18160
8354
28070
7933
3522
5446
11949
4173
26847
4614
15467
20577
3332
6076
30494
22021
3862
15303
25213
2735
5384
9565
32177
21102
3583
29986
23713
20509
13748
19194
26226
14812
26394
24092
23886
20929
578
23401
4965
22218
27003
32251
28978
534
22973
5632
12544
25685
8776
29129
29612
14206
32648
23838
4780
30912
7484
10965
21328
24250
983
31907
24392
32750
29990
15665
9831
15731
31796
114
3495
17899
13419
15925
3948
17589
3067
6902
12557
4452
1408
13050
29072
29551
15583
7067
5557
20009
13168
3808
30007
18676
10083
30032
11598
18354
31324
16904
23672
18301
27489
21772
19321
29592
10230
22491
10144
1701
30854
18502
12877
19480
3077
9601
2480
21995
9940
29563
28371
14996
14565
2155
11483
28468
7967
22699
1419
4625
5124
13514
18185
14662
5009
11741
28389
6585
13925
5141
32343
6734
18470
17303
25544
10074
7457
13191
7572
23131
27440
31590
31247
18918
10721
17055
6342
5600
15828
20060
4359
1009
29541
8606
24995
16438
3211
25485
3570
5686
26112
13
3096
13848
30627
13969
26759
23059
13338
2868
17093
24613
3003
19974
1904
11272
5805
11427
2943
25954
10826
523
27850
26172
24008
22701
23501
28085
16921
21189
12968
27383
20751
27880
32107
29803
22468
20189
22417
16169
24633
7855
17098
10931
24125
2560
23294
13538
9105
31136
2958
27168
24393
9055
10717
9688
11381
28191
6415
14123
29697
23597
23312
15845
9690
28625
13016
21423
3410
15907
15342
21894
17606
9249
6955
24939
3198
20991
11457
23644
2260
8382
21372
5252
11161
26112
19783
21423
19636
14875
12529
30208
13836
25708
31025
22758
9897
25070
16616
13900
4374
14858
5287
16400
6409
5553
32113
4023
5189
19625
10434
15967
4800
23844
20943
14580
12801
407
20496
9383
16333
22729
28412
26524
28674
21547
29460
10723
10691
24679
28706
25258
12245
31803
21699
17841
10313
12680
20259
9470
18268
9382
28424
6865
8603
11771
10514
4058
26955
12748
8001
29098
6919
10834
21175
11624
23979
6161
8895
17093
6513
19557
15631
817
2650
16990
25418
20816
20944
31181
10697
29863
19337
2207
5019
21916
10670
22122
12234
13725
7229
13894
7136
14239
1964
21214
4010
19658
3791
8391
22076
22898
29691
19216
22581
9802
5484
19994
6981
29140
2276
13481
23276
13852
6805
11068
7812
30374
13121
23962
28801
10917
27040
21166
6904
5997
17154
14996
3422
12075
26421
25332
20371
18388
19369
17807
9758
15963
6610
25879
19387
23079
21710
27716
25619
1220
584
17188
3018
10713
23196
3763
10686
21338
17467
20139
25998
22014
7762
3485
26458
8692
7846
22337
17610
3026
18114
26891
16210
8654
13397
20734
14260
24880
20694
28357
31430
24583
9321
2816
19317
16155
20486
30940
19978
30756
29400
30182
14508
23609
32483
15393
27942
22155
16618
31317
24555
18259
8080
9899
28759
2825
21949
24439
5688
471
11331
20053
2189
11085
30402
16759
16782
10838
22473
28477
1004
17771
4157
6150
17753
14086
24063
31303
8779
25178
11721
19674
16125
16449
9305
13208
14775
6262
17106
25129
4688
23300
10847
24859
10993
11774
17177
10546
17947
881
18987
2303
9708
19351
2867
2228
12446
5965
18668
16439
15952
16071
6411
21365
29705
24707
14182
2297
20474
19579
5211
11965
19203
12191
8816
16704
13177
4994
10039
2264
9511
1620
4981
8522
17042
32528
9858
8088
4994
20982
24819
18970
11453
18748
2679
5840
1302
13825
20223
25591
7078
3458
14114
7898
21338
26256
32703
19691
10158
27458
5348
11026
7863
4839
13294
22341
7271
14398
30962
14425
31501
24554
23388
6168
3355
17184
24022
9107
27692
29347
30060
17850
14661
9714
27629
4137
12891
2751
16788
9797
16662
10404
20967
24200
26325
11538
16352
3609
10738
13194
27979
12960
26695
24079
367
28248
13041
20955
17136
2662
5971
27729
18676
29545
31070
17459
18309
25682
25360
19221
31543
13174
27963
8977
30730
30177
9608
31933
24465
27885
5563
4442
16980
29204
20537
3406
12404
21763
9671
32469
15757
24559
26772
7411
31712
30252
24698
31405
12978
252
21633
31352
21487
7845
19877
5618
29971
18374
30425
19920
20298
24298
15947
22039
2774
24158
7146
21136
22962
6208
8486
14197
9589
15577
13814
8817
21624
6957
10016
16328
27195
20431
27061
4049
1797
22010
14298
8365
2763
11998
27342
4147
24403
4920
13865
27178
11674
25381
10338
14011
626
18488
5268
19749
9839
15818
18818
16051
11524
29585
14808
28140
32490
15989
31156
9737
25537
2974
13668
18092
20218
2514
1394
22478
29684
31998
17373
6649
25957
28690
18090
26296
17404
14610
9115
30029
16453
874
24895
22433
29644
21635
14635
17281
21893
16019
20358
31750
19819
13753
971
28501
11112
15177
16074
23689
1397
21349
25072
5614
16642
30925
15305
13168
19352
759
9667
18771
18109
12899
12085
30500
11032
22313
31135
25327
9941
17876
10804
29874
15179
3698
5269
26130
24028
10732
736
31309
8221
4500
16105
29296
9015
29949
16583
4554
23182
527
9875
18080
24992
29530
22892
19234
26927
22699
958
21150
32674
19933
15556
5876
14505
5106
3404
23114
30752
16483
12731
12544
25654
30387
15696
10214
17102
24650
685
6829
17957
22145
26003
20124
3253
29434
31213
9604
22618
31282
5136
31990
16564
21593
11841
3507
25804
2145
18295
24420
24570
27989
8035
9356
1542
1516
29614
4794
10893
14942
8834
2819
30630
25718
22091
9903
6086
25064
7871
31795
14049
8422
6940
12384
7890
23278
6576
10201
29437
29158
20639
27850
20275
9066
5089
7383
19926
1637
11402
29523
14653
1758
13646
17331
27737
21525
8260
30786
9881
29903
18922
26902
22284
30190
15722
8002
8902
26436
3611
22605
10884
6825
27211
24035
21395
22859
19260
1483
6125
838
26220
28185
8614
19829
17433
18853
13702
4487
7941
20667
12536
25685
29047
10772
7970
26226
21378
24581
10582
772
3721
13815
26281
4307
2563
29207
20193
2464
30076
28495
21653
19384
21468
2932
27279
6601
19436
17857
30837
19699
25110
8580
681
27938
32621
8471
2413
9116
27117
27922
25419
15318
4611
31679
5812
9868
22864
19662
30439
13072
13994
3402
2068
29411
23395
14284
28353
31618
15822
1263
28270
31362
11520
16387
15220
20447
20948
21510
9267
8850
16690
9424
21868
9057
912
2189
15852
29179
13752
30064
21867
22596
9932
14246
19123
20462
6024
17289
23813
1609
32456
30743
25784
21084
30538
26018
20259
20788
15028
27848
4541
7292
19929
18854
22659
20302
16952
24393
29594
19785
12485
22373
18486
32740
20973
27210
18618
32257
22228
25363
14369
20934
26593
13345
15516
20648
27772
12232
1404
14792
22
14663
2131
3715
14442
510
6486
22852
8451
9947
25350
22173
4095
16918
272
13463
14354
17694
17009
23622
7118
11987
22237
31136
17953
29173
27490
13711
27679
8156
31305
22084
23553
11114
21053
14799
23918
22591
6319
24300
26362
10795
19320
28704
19693
26857
1472
1285
19781
3082
3103
3554
7422
9007
25603
7551
23184
3707
31314
1336
2490
6984
7504
30543
31870
22809
19906
9095
19821
15056
11092
494
20260
22562
56
16378
5399
25415
12304
983
31117
9974
3598
31232
17644
8336
24153
24845
23095
2716
1715
1995
3285
27507
12890
29074
916
31804
27947
5331
19693
31771
31245
26609
2186
17318
26765
12370
18949
11417
11718
18357
6387
8650
17540
19398
12833
27487
6313
27631
28189
2878
16847
18802
28920
15813
20782
7605
1867
29372
14016
6876
21624
21127
420
15005
13874
9120
32705
28496
320
9285
171
27462
31613
11374
16330
29276
14116
11266
14777
27088
13130
22858
28908
6739
26028
9126
26006
22623
4523
15999
17609
1738
4245
22652
4831
10140
28454
21241
21786
28446
1103
3509
32391
3379
25909
6858
9256
8427
23165
28387
15441
2646
15047
25001
27987
3734
20088
4734
12120
568
8381
1390
17806
28101
25037
3170
21128
24723
15982
20631
3041
26081
20666
4175
20770
20515
3619
25799
10725
20123
22197
9320
28475
297
2459
13633
9292
32356
17125
25525
16957
32745
9864
4465
31575
10484
23718
20642
14693
6957
8976
16228
23389
19908
6154
14205
30275
23231
8782
9803
7499
13971
6739
8443
30014
1522
6350
2300
5918
1509
3706
21683
1549
14874
2324
20593
15467
21887
18858
27554
5183
4368
4118
26183
3800
25836
16326
29350
16308
22447
16830
7999
24224
22524
18399
7427
17697
21593
21865
13761
23315
1344
12479
1761
13968
7538
8810
21588
29459
21647
9569
1995
989
32740
27783
12327
1432
11652
24950
5425
21307
30106
123
13196
25133
30205
13793
13544
10669
11269
8307
14455
6513
8350
23868
32677
25485
6810
16529
21252
7575
19276
8274
13189
32009
10578
4972
11246
13030
28082
19106
22152
10913
26409
26254
27416
12346
6079
28386
26897
16810
20639
20212
12808
3969
16422
31610
10344
28878
9786
9617
9831
20031
8925
7941
24889
18569
21249
21452
3203
7690
12190
31955
21010
5037
25347
28670
29133
25871
2154
12650
7656
32736
2510
10741
26459
3723
4097
9984
20115
5657
14585
1907
19559
11090
2154
14850
26445
806
18075
28847
10446
25164
16754
11664
1847
12329
9168
3283
6034
12531
22309
28671
7124
11030
9019
28284
16728
31703
86
12118
9100
24375
20351
4158
26347
28442
27933
15826
43
7592
20933
8478
31671
12020
13651
18018
22879
30171
26682
8469
20558
22576
22296
20779
3901
24086
27790
19860
19687
20652
17742
6149
15549
11248
27253
24058
15322
26589
1564
11004
19001
23767
17961
4127
9254
18249
24939
25808
4082
11917
29415
1229
13291
13068
8044
12149
2187
1958
14702
27714
15088
6740
22289
6292
5004
12299
3715
688
13598
30692
19599
13832
18401
22907
31087
23741
25859
660
24546
23138
22104
30725
2687
1027
32336
11728
2889
6501
31783
27279
24963
25488
24667
31253
29126
7307
1379
29522
17488
1127
24734
5495
32159
18302
24458
91
17727
6653
9526
19485
3808
11424
15354
17420
31147
24253
3941
18627
14806
20868
17015
7576
16502
16517
13840
9528
5525
17267
21417
20875
6277
23847
28738
19166
6771
31719
23451
4672
1855
20201
28583
9004
4236
5395
13374
22633
3859
18693
27410
6191
3644
20057
6116
2955
13807
1065
22776
25860
1703
24786
9158
31359
7113
31480
14834
13920
26677
9163
27262
9202
8474
30344
29503
6921
19214
322
5773
20198
7518
27362
14655
17498
12194
14957
7383
29487
9621
9093
2553
5827
19748
31795
32546
29174
25285
16355
14230
2630
28682
17328
7834
7737
30838
32738
740
23292
26767
4789
7760
5449
31540
24669
17876
2445
2353
29766
21942
26443
30481
1952
11772
11195
13620
20763
21285
4024
1569
495
1814
3289
32540
5152
28247
15837
30460
19968
5503
7756
22327
7925
27373
27995
831
14716
185
14352
18961
3694
10986
20136
5642
3459
19946
10550
20221
20244
28983
32652
8836
2853
27226
6238
9875
418
13341
5029
2643
14313
17913
13378
18733
12169
32718
27876
5156
31305
32215
13355
25961
20333
26844
25614
29225
1588
5801
10362
28330
6565
3776
16699
22678
6539
18251
6944
15255
11455
11860
1114
9251
2213
21304
38
13466
505
17497
32172
4238
6860
29972
30246
4705
12745
16371
13892
32534
14013
22819
22223
11361
2135
17704
10382
19712
24364
10191
5990
22350
27133
32612
18628
14870
32573
8230
31040
21413
1998
1016
23930
24355
1804
16985
2632
19491
25612
17558
10260
13432
22565
2622
30079
25674
9904
4567
23882
10346
525
14799
9079
22243
16871
11702
28075
17874
20152
13226
10967
9335
26255
28178
7703
27275
7953
25999
4315
20948
18621
28463
28740
3576
6005
17124
22993
13967
13370
22069
23354
6011
7224
20276
27036
23420
28930
9136
21463
17663
7710
14507
13364
26935
30660
5646
9548
8559
14051
668
15909
9887
30309
7205
6557
2877
5556
16380
27916
1877
9341
22443
29221
19164
15284
24036
10269
19010
26584
12219
12304
14662
2168
32275
18592
10254
18678
29526
11487
30327
5771
24938
23151
4522
14219
3040
743
12272
26602
25198
11385
32455
7936
16287
17874
30517
25225
32713
12610
19548
19184
1088
2845
10319
7373
30409
12129
11044
7084
24913
17048
24650
31248
28127
16896
7709
2743
25288
24298
952
5920
12066
10592
2314
32587
7034
19978
21805
1728
29386
27475
20210
29394
14245
16839
7105
24101
14773
17343
160
25966
8039
18497
22929
4474
14309
25890
6945
8818
10565
13421
4670
8285
20223
2313
22089
21734
23717
22165
8556
4703
6350
20631
814
27655
17492
1238
8516
17288
447
29956
31402
20420
20736
29600
24819
209
29539
18459
7134
25922
19391
24122
27433
29865
3823
1211
23210
25434
22662
32571
7323
25457
30655
28503
24118
30486
2227
22802
19074
14335
11727
18038
12140
14391
32132
20095
31001
24606
30784
820
30587
28082
6814
2839
8738
30988
24538
27071
20053
8749
18567
15300
2914
19451
14724
27099
6450
2183
18220
5954
11552
6801
16589
20319
30987
12366
4187
13988
10410
15209
16998
17077
18720
2631
19018
15821
20177
1679
22182
6494
11635
15594
18959
21495
13928
4615
11269
30315
12619
18659
9765
27696
25289
15943
24993
15109
30130
32146
22766
24023
31311
4792
29116
18150
28663
15755
29483
19748
3293
27193
11324
2269
14380
4886
24197
25501
27222
28572
16682
24399
26536
5296
12296
22690
2339
27175
23347
18609
1927
6537
2723
18914
31920
23061
18986
25614
3877
15877
4521
25571
31727
25875
15748
16775
29351
14395
27475
23166
30675
4803
3803
718
16755
31865
21308
12641
16854
22844
7275
19370
21682
12733
15587
21644
17012
31111
13208
631
3541
30269
1581
212
16302
11299
2918
24739
9485
29664
14816
31842
13192
7555
20224
21297
2001
17603
25129
7989
12939
14987
14386
11066
18268
10166
27415
11164
25156
19735
14830
7783
5933
1212
5405
30397
32707
26739
15051
6008
23429
16782
30612
24849
30236
9700
24449
22209
18412
26136
4919
7909
1258
12574
25966
25255
3501
4346
29861
20699
30407
9419
3348
18471
6741
15369
26339
27751
26581
14091
5273
11087
26168
20684
13783
29778
7224
13806
16966
10179
21228
3327
206
315
26266
21500
32521
314
6604
14099
7415
6673
7846
17581
243
9215
19062
8876
2021
23706
10125
10481
1466
30064
22862
1314
27153
30191
1668
19370
7479
29826
15865
6657
10582
27389
2372
11821
1001
10811
8674
6025
2931
12549
31880
25797
3441
27190
7864
29486
26765
5661
29331
17199
7956
25379
3310
30232
28074
31150
6567
22815
14909
32581
25145
8613
28471
21748
8847
16058
5880
5362
8214
25570
19331
4993
14102
12569
20087
26390
21058
7190
23874
15290
142
32461
5521
30128
7488
28471
32266
26456
15946
17493
1854
7763
23767
27763
6361
3048
27684
30890
32540
3238
21137
424
19598
4939
30968
18868
1006
31461
25661
16364
7787
17463
3366
18641
16920
16990
27245
28678
15514
31413
24852
26453
5667
15349
3833
30451
20645
12449
9130
17157
10047
28833
15226
2658
25084
22060
28885
17051
4540
6636
6096
13625
18546
31325
22532
581
8592
29303
6301
11278
11968
17292
29358
4134
7381
22131
7624
29102
9473
14310
2762
30931
7752
13353
8442
19353
17204
21996
20821
9176
32715
19571
29732
1667
23486
31988
9424
48
21731
17217
4087
2773
15845
9638
26559
208
30011
21
29291
16683
2134
27264
26412
26909
5919
24199
3385
18132
2976
24659
20769
26993
31233
11970
17504
29269
15543
16068
15153
2971
8440
1541
31908
10213
14194
22732
14576
28508
7484
24355
14858
32242
20749
25912
631
22251
26796
2819
20062
12699
15015
5929
10977
881
20552
28960
6061
27444
13253
1684
26320
24973
28343
8202
20172
21190
19661
26820
25321
1489
14018
11748
26063
29836
14732
6356
10835
31043
3543
26852
30354
30070
13233
28725
7484
21981
30343
22487
16691
6058
27984
28462
30549
13070
19208
2714
14997
3838
4960
13654
26193
25143
1972
15009
10976
9600
24637
18972
12394
31535
9608
15220
23548
12270
15910
13632
27355
14527
1190
15149
22553
21054
31168
26456
16487
9510
26323
21243
14378
5143
1170
29260
18385
5783
31225
26530
613
17750
18311
4570
27233
31670
29351
23033
6341
12938
1391
1042
23142
30750
13964
1899
14216
10617
19837
12763
6574
20702
5888
6774
945
19865
32202
10093
4112
10488
7035
11055
10631
15511
21969
23764
12771
3552
23580
12220
2836
723
6386
20083
13956
21507
27683
15576
32423
24545
16623
25983
24276
17213
21623
5715
7507
23306
16498
12416
19383
4962
7713
3984
8557
10186
21893
27603
25750
14518
27855
15365
21778
23120
27672
23083
19933
117
10578
28606
4255
27648
4223
27915
28542
32076
15393
4058
18743
4084
29169
15694
2925
17373
22483
13068
12097
22391
29962
21407
25634
30527
21416
4636
23782
9865
22089
16641
29466
9596
5633
18531
5271
30814
23699
1865
12118
29714
3812
25683
3974
29662
7087
20895
25563
7282
17017
18412
23592
20518
18120
32000
5680
14468
25488
22856
19642
2310
4846
28863
31971
24352
32280
784
30136
25473
10645
18175
1540
4247
12713
1285
15463
16977
11028
17722
28072
29480
31740
5241
30028
19040
16679
9406
25704
24459
4973
19666
4787
22352
16749
11051
17887
15722
20864
28685
25386
16371
24555
4854
24368
12259
11609
30521
24579
27348
29064
17385
17789
4616
17986
29432
3029
12972
16015
23456
15473
17246
32297
15362
24827
6894
25904
1550
11447
17505
9247
29602
20500
21564
19455
9718
10881
8959
11994
21559
20097
4335
9331
19826
3074
14104
1844
20916
29931
10643
32104
1648
4084
12037
25258
2592
11706
4456
26013
27439
5139
27662
11742
1559
29598
6882
7735
3783
23455
12018
1814
18759
8202
3114
23869
13726
26078
5218
18618
13044
18868
924
8218
24052
21656
24966
9178
11892
13079
11335
3614
6232
25241
8311
19109
13235
18674
17007
27389
12336
27187
3268
10995
6065
12486
26638
6478
9269
31674
20462
14525
11519
26459
18767
11533
28405
1030
3563
18591
13382
28475
4369
3610
8015
756
16806
31325
7360
3893
11627
10936
16634
20965
27005
13147
5308
8412
25634
14862
5375
31293
962
10531
27166
28422
14132
3753
6714
7141
23356
31715
15069
9294
6481
30969
26077
25546
9123
24812
30084
18834
29276
14799
19437
4700
26150
23861
10673
21621
29678
1254
22468
4624
15848
4054
10393
17886
15828
4951
5261
7646
25727
3213
30082
22647
21132
17954
9674
30660
3700
17980
1608
16175
23500
22700
12241
12097
6087
2409
21464
29624
16123
9020
4171
30682
104
1724
15032
5386
438
28029
26292
3993
14526
28037
11133
21982
32332
20735
27870
13705
15907
5684
11091
31540
26690
11190
8046
12347
1894
15582
9337
27342
8400
8825
13917
25668
16712
19391
1731
18866
23394
13189
28024
31421
23296
13747
14358
10924
4632
22775
7393
6082
25272
24763
21743
19658
19015
15189
8588
8435
12813
8318
16604
27102
10486
29702
5570
5110
27282
16582
1793
5376
22369
24533
22945
27890
16974
8191
2709
10505
14201
370
27546
7446
8249
22971
1890
18201
26722
29681
4338
4368
2243
304
25161
25873
6899
27977
20034
18327
23118
27576
18875
27674
13882
20695
12279
30690
22959
2897
9793
26396
19446
20952
25298
18478
3760
22811
23285
16712
23835
9714
7273
5179
28817
20444
22023
5263
28241
18348
21412
17359
25218
30335
28985
2088
27765
18673
18754
12595
43
31377
8803
16142
24855
13714
24657
8113
14884
23235
31728
22143
30458
1473
18105
16924
17021
8554
32095
29823
20119
8342
28082
20808
18744
12034
13251
26195
8859
28301
21065
12941
2250
5287
10819
20230
15460
31750
5599
11848
8862
32410
10907
26088
14472
11204
26282
13914
19346
11971
19865
17673
6990
31087
14386
15527
18551
1833
23457
18370
13619
19474
19413
6553
14997
9339
32041
31021
22374
22685
2372
667
15397
2186
15165
4776
22604
5220
9987
4254
19669
21709
20477
2647
26621
14238
8941
22167
3656
5340
18202
12703
13509
20456
2734
2046
20627
6389
28253
25515
24484
25279
5191
12113
28353
24699
5664
17386
16590
8201
1678
29839
31568
5233
8658
3214
31788
9357
29099
29630
15537
4611
26743
27919
26073
19575
14236
9061
31180
1278
25894
30887
13990
5589
25778
19218
5754
4691
14218
9428
4247
4892
22545
2518
10
4760
29794
22489
21348
28067
15412
27844
27069
23686
17921
1852
16632
30758
20327
5494
22857
8060
23758
26185
29173
20805
31819
28808
857
19963
12228
9358
6702
5635
16981
31770
30731
6184
3315
15454
7467
9288
28239
7762
8049
30285
31229
20814
29353
27999
8918
3032
1553
17241
25755
7867
23320
22649
12507
15961
31077
26459
8982
30273
25627
13608
16418
31492
29788
4619
17614
20037
15628
15844
18374
26896
23511
1345
12982
24685
23413
10890
22194
14388
2860
28539
8150
22562
28567
21207
11305
22317
12455
22107
18887
4373
10471
24817
8256
14908
31236
4391
2363
26039
19084
5087
23647
12709
4342
21320
12915
3519
4067
4621
25539
20529
26531
18124
17862
3241
24827
19401
27647
25005
21797
14052
28705
12337
22297
28104
1398
29033
523
19046
23425
7900
4405
25506
5091
24762
9430
20043
20347
30319
22651
27217
5841
3448
3709
4146
8629
31349
5323
12982
16931
2176
1769
18652
30314
21182
4409
5140
26253
23603
31098
5806
20714
23003
4238
20115
10777
25334
29056
2099
29719
31651
12741
23998
4260
11696
26306
13975
4841
9137
9359
23302
21598
31311
23035
28717
20715
15331
11728
28733
3662
14916
16728
29417
4796
15068
31775
23067
11979
10498
17659
14054
7823
17028
19530
31421
17923
29314
19323
18658
3243
20099
24016
31776
7288
27074
22113
13501
2028
29385
14181
683
7038
20289
11949
32766
24128
10761
15217
28579
1471
10117
24911
13390
24875
13369
3217
13236
32696
8598
2991
31227
5699
1299
16916
12654
26681
3456
30757
17014
14261
17047
27776
12229
232
25301
2689
725
1214
21384
27147
23697
26302
22312
31877
32338
25139
32234
2850
24332
23177
1171
27238
8394
19193
5514
1766
31319
22889
8242
12111
26942
4237
14966
16297
16373
1363
16550
4573
25686
27518
10113
22389
21070
23952
13459
16548
14041
23534
4289
5254
14126
18239
26914
7848
14390
23061
4624
5579
14915
26063
24703
24549
7423
22206
11662
22377
24483
17286
14428
30152
12649
3015
23069
1848
26179
18941
16493
19380
9165
7333
8675
10564
23168
2722
8426
21374
24361
1758
20684
3149
14490
22324
4368
25073
30112
25230
13062
3655
7989
10826
7584
23371
6902
29411
25475
12507
4567
24525
32606
12222
12053
1696
10875
32228
19308
15737
404
10223
22667
10397
27623
15347
8389
19296
30860
378
12041
8262
9735
29388
29460
31847
18458
23405
30181
16920
32733
16358
12913
9927
31248
29384
26265
4135
26543
31471
28761
19598
25799
12036
2882
10907
16777
10821
554
13339
24988
32393
10530
4141
9656
18302
13224
20645
4977
822
15134
11951
12112
21474
2427
31413
15656
3805
31809
17282
23207
15596
5039
30887
10284
28612
567
3101
29656
4300
20530
22317
6888
3365
26579
18061
5442
744
7513
4556
24397
21422
1929
495
13830
16470
15452
2909
22865
29186
17909
16120
18572
5219
25557
22157
11626
25911
27730
24686
26879
23823
25157
20061
30487
21846
4868
27564
7116
20367
20624
32419
3928
16862
7183
6434
7207
3274
21628
23687
25393
32321
15773
13522
14982
1500
29493
20232
23082
32357
7292
20181
19236
12439
29644
1908
19666
29476
30365
15316
9343
3069
20915
10739
2871
14029
23958
25998
11738
29894
16195
17917
29552
2465
289
27481
32188
18912
14390
7903
6164
7767
2459
4761
2160
24810
9261
17467
30400
30360
646
1867
24195
19129
2348
31364
16021
3971
21767
27773
31560
26579
19993
29574
9911
24107
21097
15570
9047
19702
3392
22236
21711
7188
20120
31491
21258
30610
30418
6775
21386
25529
19111
12889
15615
21067
17249
11038
6424
7433
12107
18229
22681
2424
13926
25833
7598
14821
5981
6024
126
12199
12475
23493
516
17060
10844
27483
8474
12823
21281
29683
17879
12944
1768
13640
30491
7484
12476
19081
3688
9318
15688
8959
24052
12606
4498
28143
31996
20185
23014
32194
11866
18042
17679
26211
5466
20752
32718
23273
11466
511
1156
3702
13392
20259
4914
7262
2049
23058
26019
15244
5678
24226
29672
16674
26497
27308
23813
13920
27977
17167
18410
1479
2579
6647
20645
894
2170
31327
21973
21748
29760
3284
14946
31687
2461
6524
28523
2021
11990
27480
23168
13553
11282
30918
27666
30440
5482
30026
31271
14852
6975
12429
13138
23008
13520
26278
15843
5086
22795
26009
22363
30918
14756
11293
2083
8623
13413
26019
16253
11299
28357
26515
27578
16766
20411
5081
25262
11671
19412
17568
11873
18594
14212
9565
4615
14421
5049
7440
23346
19530
2230
11719
21319
31141
799
28003
25902
14838
10064
31646
19278
20833
3827
6477
22969
16380
1234
17635
14499
25208
13033
55
8985
1540
30400
9095
32240
29550
20472
25020
23291
13707
7459
25071
15489
7898
6873
4653
11501
21092
22792
6007
32456
21478
6795
32525
18661
25394
21246
5357
29403
9939
14033
918
26040
27120
4508
8465
13556
29043
22194
3378
21412
11369
8185
1308
10736
17324
3833
4099
7879
19648
17458
26934
27090
9212
24755
19292
16806
12778
17896
253
14909
8176
1972
24133
26535
16431
17599
2053
6397
11435
22802
11259
16279
25004
7905
3667
22142
22373
12711
4205
24100
24276
26489
5345
16467
17897
29843
25793
12388
1770
27960
31262
23473
1814
6585
21453
32333
10377
20691
13930
12274
13151
19517
32414
32058
23068
11138
26782
8466
23884
6413
28916
29292
4710
17794
12930
23093
20982
11605
26052
25991
4347
23701
25941
18463
10638
9480
23477
25361
5829
31357
32329
9146
10199
26974
31139
20215
28289
23429
29444
3220
27816
8016
17183
18184
17727
25848
20000
13151
29803
9758
7405
5495
21221
11175
7084
5231
26785
9674
8581
13149
21165
2663
9641
16959
16475
11675
17811
23349
19362
18577
142
16365
12482
25243
19575
11102
10535
20609
26564
27577
28048
15897
3269
22684
9072
30231
27178
31113
14740
23591
1222
28824
30727
19769
26258
32104
18227
23068
16117
11355
29256
4175
22594
1539
26850
17684
1667
21207
17382
5829
29557
18219
4524
6251
27603
11103
11620
23437
4567
21590
9650
19526
6399
41
30364
5018
28429
27421
6822
29706
30289
12499
14139
21606
13610
19903
26703
27875
7883
21723
28483
19054
22843
11677
18697
7231
9375
28198
28552
32688
18364
9660
19010
15952
9656
11130
4660
12851
24864
17734
11517
17549
12336
15108
17219
14975
17998
10761
5715
17457
30423
11475
22791
545
29982
10999
4077
29883
21938
25946
15525
2601
13536
4772
22667
15980
9849
8178
25239
428
21206
27084
1153
22732
25880
342
4904
27714
11956
20938
28212
31014
9264
14885
762
22664
5927
28449
30369
4359
20883
14692
15235
9887
30284
25591
5590
7363
19147
28409
21388
24236
20020
23189
15223
496
16788
7729
30641
5974
1382
8168
32571
32233
28765
16443
17124
27723
861
19971
8557
9292
7882
30378
26346
1211
7430
1691
23403
28029
30261
3575
9436
10715
20804
15754
42
21792
9769
4093
5544
28004
21868
4941
27824
2211
22758
26236
17037
24594
29129
16262
18584
9650
30688
3478
3490
22565
11800
2938
5778
2241
16448
22100
27215
18403
19981
23699
5345
11141
10081
14626
26067
9235
7628
20191
28123
4987
3924
14415
32701
23172
3697
24464
14444
20576
19292
21135
21106
22660
8841
10107
18579
2743
29810
1401
2989
8553
10903
9625
20451
8775
3523
24584
13562
29964
20880
6536
19971
23706
31021
9502
19515
1609
31071
28170
20783
9087
15302
32252
11300
16769
26466
13189
1717
21384
4694
15564
17598
8984
16619
10882
7033
6797
21975
12056
9191
7671
22464
24111
27762
26151
12284
80
19920
4618
18075
20189
1834
25142
8103
11335
25982
21187
23978
11394
31298
1884
19825
438
9546
15765
24336
8504
30187
14719
12326
13496
10081
24699
2914
11196
15470
30283
326
333
32324
12399
32299
2543
25253
5038
390
24023
7497
20467
23145
13145
24704
3674
3405
15776
4376
25995
18190
25505
29057
26695
311
25425
2095
576
15232
13590
17728
5934
28309
17276
11103
6175
7193
19242
32744
782
8171
30484
17996
184
9896
3314
2744
5291
28017
15856
16369
5024
12014
28583
13443
21514
24978
4428
25370
19695
11041
20775
8752
5879
11632
17991
30440
963
4205
25205
3898
16255
27998
16486
10065
12475
32622
8757
24113
2678
15717
13328
15773
17532
16567
26417
31032
28147
7616
30991
10474
3632
4430
31446
645
1999
10080
27925
22185
12802
16173
17335
21733
7209
4200
26165
23326
12195
5571
10
21557
9188
178
13670
27108
30920
6769
4134
3561
27431
13896
14596
7783
6058
6414
20747
10633
16349
31212
32591
5224
25989
99
1754
10543
12339
25488
30953
20605
20761
3759
22361
31242
22813
28383
15196
30862
13612
20004
21616
21726
17617
24498
21394
23640
16134
24937
5806
28290
22858
30364
10331
19950
25843
8214
26565
30817
22214
30047
27882
18995
27845
827
32010
28921
26184
29556
9048
29026
591
25049
16886
17503
14359
647
12064
20359
24043
32103
12968
15545
12861
8952
30626
29955
31477
24143
18016
17090
12041
2140
6817
24331
24142
110
27141
28234
19342
11769
11972
12329
27866
20376
2720
26292
17953
15182
5656
14522
20994
29713
12255
4982
27871
14473
24716
20334
30259
28437
9875
7324
7205
4879
15988
31180
1373
1873
15154
15173
19734
29175
775
25771
1396
1383
1110
23076
13336
23183
14049
11450
31987
16494
15676
1537
28503
9430
14978
30457
10580
31344
12358
11829
17729
16384
30924
22845
17817
3306
12665
13618
29449
18166
10633
4784
24774
25936
10496
20728
2852
25811
9187
5199
17509
20870
11687
15265
25550
2407
16618
22890
27393
7272
12129
13271
5510
28088
19986
4136
1707
31299
12739
19800
2446
26748
4018
4608
6008
17754
5766
4473
6252
4768
21382
11328
4608
2658
30729
28575
14444
15301
4909
14474
5601
25862
5068
32200
15388
11966
9900
1363
13370
11364
17654
2304
8398
17939
1770
3682
17969
28557
3792
30188
27929
20609
8242
1367
21357
16905
14152
28995
8024
17783
13492
10785
2205
22609
29040
28752
11306
18842
20228
29574
15855
29779
6140
370
3312
834
17561
1952
3481
8690
30663
27804
24146
16123
18511
1114
31316
17283
10830
9173
3771
25605
3302
6135
9692
28242
51
953
7384
14549
30592
27019
6002
5914
31675
25590
26141
30610
25127
20864
4697
3728
23377
30672
1344
12952
28229
25106
31836
19929
13313
32413
16572
2296
26410
16339
21575
4879
7166
17481
2384
10998
13450
18985
14442
19905
25885
29140
2173
11913
23804
5067
32025
23408
26455
11727
16139
13279
6268
11079
21294
5138
23371
3299
13188
22999
29418
13183
32389
9874
17594
21066
12471
645
32393
19495
7295
17742
27913
83
5175
26545
5760
19016
31360
8856
28098
14562
11482
32600
12637
16577
31858
15670
19219
28142
10554
12330
17293
22721
4927
31971
7757
25090
5688
22026
12773
31310
17242
7883
20582
30908
28020
5778
21532
17601
15159
29202
25720
22353
13269
1420
1870
22343
31183
25678
21057
21767
10247
6522
20603
26978
1309
24072
28833
15290
248
28686
3845
13158
12451
28479
28702
22615
15451
25266
16182
9980
29670
19430
25955
23396
32038
27394
19640
30627
20717
6241
25532
2422
31251
22349
29979
29482
19142
1547
10140
15289
31778
20249
14931
10807
27649
16307
20760
12396
27925
10139
25912
26819
23860
9754
11882
11107
30194
2114
6148
32411
2933
23671
5742
26243
11653
24366
28887
22496
24291
9459
21288
21065
22236
9649
15414
25992
285
3374
7228
9795
12233
29909
14216
21980
13257
27320
8564
16789
20324
27093
25496
7416
14095
10136
9534
23414
5254
23202
26390
19790
16411
24265
10028
944
9294
23136
278
16418
32671
18616
7794
29476
30880
3558
2960
3599
14414
30663
17515
11331
32417
20546
3550
22401
25954
25805
28436
27542
17725
10035
24385
23866
28951
19348
31631
26679
15266
1965
22876
26830
31534
22361
18594
25686
32706
27224
6838
1318
12139
8016
16694
3509
15572
12305
22844
1792
11287
29469
30424
11820
6611
22120
17598
25965
30847
30556
19515
11302
14333
31776
31086
25170
2930
4634
12212
23330
16726
13747
612
743
25031
10074
26045
7219
1827
12747
27676
22587
9429
9617
25458
20096
12399
11721
26358
6063
24826
25130
14615
4037
30857
14914
31157
886
19477
17922
3216
19664
32132
20349
17409
8988
7179
18925
9192
8709
7862
12791
20709
19452
27973
17200
32715
3034
27450
9951
31057
31175
14640
5
1547
26459
8302
30874
22169
30468
23740
13338
15391
17064
14454
19264
17653
21899
11998
13585
4511
32114
2230
16669
30207
14089
9999
1794
15049
14722
28764
28465
4920
25983
5066
14581
6911
6962
5844
8625
28803
15298
24849
4457
16199
23025
14929
28803
20135
24061
28393
2767
26826
8387
3659
9158
11730
16938
30682
8207
10069
16063
10748
26696
12305
2205
1904
26882
987
10128
1762
21517
3033
9338
188
1783
15089
17397
3904
15055
3713
21561
13524
24878
1873
4673
15516
21113
11974
27177
2382
12640
31832
5851
17986
10154
12101
25834
11977
24629
28807
7358
24512
25144
20740
22514
26469
12748
30726
17914
1897
22955
5610
9225
23878
16951
28444
27697
25810
31166
4931
32717
2324
20988
5304
20764
14167
30433
21565
20526
10366
25237
13548
7940
21655
21178
19565
20723
17587
8945
25452
14665
14068
12447
23114
3379
18663
11249
17939
23774
7188
31261
22961
10205
10452
3307
28511
4299
13155
21365
18016
29745
5942
10282
18672
26281
23695
24601
28283
24132
19534
24429
3597
2858
30218
22323
13578
9088
23648
4196
22047
9871
15243
26655
25720
23330
7733
24886
12083
3375
13453
28396
4373
20154
8602
23805
18556
16375
13007
30943
2965
8879
13791
24648
11471
15588
24787
6384
25488
20152
89
21912
3366
8075
24671
3147
31232
26212
8928
16868
6942
4498
30974
11984
9158
12691
29266
8469
29561
2868
22144
16275
23589
5370
15630
4746
6300
25537
22390
30045
1861
19107
8569
21910
32017
12827
27575
25385
17585
27242
29821
5629
7687
32058
734
11432
20954
17026
14341
2171
11725
15529
2761
2750
31890
32750
8578
22332
20059
10503
32283
8195
9617
9992
12393
24165
23497
23687
699
7490
21236
23550
21683
14474
18133
17264
6228
13821
21177
31568
9563
6965
32610
23710
22227
25831
27972
595
9956
870
28404
18943
15596
104
10205
18353
8657
12813
821
12567
3733
7965
5935
998
2346
30865
18546
27516
17288
19542
16843
10693
28926
21837
5150
1883
1477
3222
4771
3825
5339
24590
16206
6129
16398
12822
23439
25700
28247
1687
28988
22035
15466
323
26572
32491
23435
6429
31173
4262
21155
9531
7799
28584
21907
9930
15339
27943
9928
29780
13591
27791
14096
10814
10323
30757
30636
1173
29201
2282
4774
1546
18376
1474
32101
4154
32561
15829
6526
20787
21942
25142
22477
10804
19496
17091
4549
29621
27312
21068
3332
17063
264
13815
23850
4861
14058
25570
6124
31595
201
5387
3940
20078
19648
3693
1707
19596
31688
1388
5290
19421
31533
9075
10541
30922
4675
27868
26681
5141
14421
3856
20384
21018
1758
23023
23250
16212
7163
26738
6390
20002
289
15502
26938
29131
27147
21084
20839
27328
24567
28280
8888
10274
11538
11175
24812
25220
7217
3004
8090
21490
24769
4028
18885
12594
15105
6976
1968
18505
11375
10011
14067
26690
20607
1853
10447
30250
11667
18391
6847
21343
4648
26048
7503
30987
21069
26136
23857
27883
31066
4395
654
29525
17374
21655
6810
8825
30169
4274
16235
15079
24876
21798
29195
26961
12365
20702
23244
21906
18751
31014
25563
8944
23746
11277
25112
17822
30151
21006
16421
20869
7462
17136
24509
9797
26003
29163
9544
7286
29647
9484
25004
6195
22299
15323
3685
9433
17906
18746
4056
32268
4855
1168
29156
10747
28205
22055
21179
2277
18022
723
28656
32221
24318
15061
2513
5322
28104
4094
4342
18865
21833
5912
21018
21815
20260
14465
5162
8801
6870
29721
23708
20895
1187
7262
19970
27913
22736
19670
21727
12776
5907
8110
5817
4984
31304
26272
22383
23276
10341
27418
18637
2227
7856
31132
30814
23290
11824
15457
20353
7538
7265
10563
22975
9811
15404
1753
17756
9377
4885
19682
21036
9134
24247
25574
8872
26592
3693
2074
9025
2228
1363
21381
31733
27651
14445
13153
16415
1668
32037
19652
20627
1427
7163
5247
9194
17968
31608
7750
26907
15691
30563
26386
14412
13631
14392
7876
17895
1180
7894
13579
19439
8745
6264
11655
7573
14889
28390
32559
6406
10462
26861
752
27528
32332
20236
13718
23493
28479
10352
20720
3686
22415
17443
47
30948
12707
25216
13200
30363
10036
4842
22331
13345
8019
6589
29034
25813
28078
29317
27597
30395
1807
17006
3118
14471
24357
20220
24657
9719
21383
19708
8478
20070
18422
7099
20737
2463
22498
16501
6546
28399
16688
13840
11377
17022
27707
25866
11124
19678
13593
22449
23557
20709
23071
32402
10693
5048
13223
6451
15478
11049
6416
5893
9495
1603
5895
1172
26192
25634
23301
22785
23569
11529
30745
14258
18039
25006
26856
31304
31727
5336
29426
5841
1693
9004
20247
13887
12543
7492
15193
3866
17869
6146
23011
22641
1828
22308
331
26902
8420
1560
25108
22283
6743
29457
9591
11063
2835
90
26978
32093
5921
16363
15810
3151
30302
27962
1790
9823
2850
14675
27075
30231
19488
7467
9223
1834
1421
9777
30536
6057
13701
28967
2069
2426
1962
18224
22224
2055
13326
4394
13746
13875
17747
5437
24591
30866
2576
12980
5852
12249
13687
4108
26222
30611
29493
28491
31108
15638
29338
7316
7560
17078
11514
10999
23570
25400
27475
29581
19886
10634
20271
2757
2527
4273
25292
8185
22628
2
29819
31557
1977
22421
16710
3480
3297
8439
13013
18187
20579
14367
13459
10098
19603
163
25612
15665
24850
31532
8345
1618
32664
20264
15936
26580
5617
7358
24534
12101
22854
11015
15462
21139
22174
18043
21463
25119
27812
25513
22216
24851
4779
23084
17855
30710
4335
19418
2947
13693
3614
3134
5830
20900
5655
7241
14087
9982
32241
3652
16567
22089
18751
26121
15515
18502
29842
18803
9841
456
18752
5395
32470
32266
7780
10532
13415
837
11046
705
10279
9602
20029
30038
20769
27565
28338
6229
17230
19180
23014
15658
7608
27695
17110
368
9184
28679
18078
20837
1629
9403
6716
28315
7879
25241
17815
20209
8915
650
4032
26562
4799
8937
119
14684
26353
11925
6897
11956
16603
23109
13784
9560
8993
3100
5268
12708
29950
24958
9673
29497
21732
18209
2848
3499
32354
22375
20043
6522
18251
29419
26435
8516
30741
18265
30676
32568
895
14468
24668
11982
24950
24498
4560
26293
4410
5434
16639
3853
1725
14418
24347
26583
1868
10530
31605
29610
14704
10525
29320
31399
27671
5520
3641
14767
22767
12411
31581
4563
26131
27553
14460
19467
10985
27099
25044
17707
15434
10929
32417
5652
996
5163
13212
3111
9949
20197
32450
1536
16313
10338
24662
2144
28542
28578
5417
8042
2582
32759
17945
24595
25076
28180
20696
7636
30459
2919
3567
10401
3227
13225
14338
10015
27453
6323
22613
24850
20705
147
23695
3604
21765
10719
14782
31885
17353
19017
16540
9439
13394
23412
1809
31969
24172
10758
2808
8079
29555
23295
29222
7424
32371
23369
2984
1688
3982
28047
30285
2942
13982
19027
4197
14672
4380
1595
5319
13590
28481
12972
2329
117
21610
27802
24907
7974
22209
19871
31845
12454
8730
29514
24195
21038
8731
4281
19485
23781
6048
15978
10892
21589
7517
31822
18890
6427
24518
6687
31610
13283
3115
31220
6952
19604
15144
24851
27601
8648
23100
19206
28326
5247
22712
29425
5901
7188
7131
1826
32745
13936
32315
15082
1563
10365
24166
10923
27721
8925
202
17971
27613
7901
18642
13640
22353
1956
3410
27268
12715
945
3109
22628
24387
29316
16661
31899
21452
29338
9210
13740
24978
927
4646
5815
3585
6368

