1000

7976
2360
2742
417
1184
4996
2082
2741
3848
6076
2407
4980
8191
8646
9403
9546
6822
1116
1319
5792
5145
5563
850
763
690
7494
1871
2038
5658
7392
2970
589
8850
5194
8494
2364
5217
5097
3995
7126
2158
1851
9526
4794
4192
2076
8946
6275
484
8996
5102
128
6415
5219
6462
6947
1524
3009
6142
669
7608
8991
8260
4842
1173
4465
2134
9049
4924
4672
5228
5855
7134
6219
3847
8988
1869
5406
4002
5278
3646
9862
6536
1237
7730
8099
5095
2167
9893
8607
851
9764
9622
3886
1053
9500
9081
870
9765
1424
3945
993
1086
2903
6738
6881
6609
7570
3853
8932
4645
66
125
4920
190
1912
8907
2945
1475
3197
8125
6120
2085
323
6892
230
1692
4492
8837
6129
1652
1353
8272
7046
2952
5078
3200
872
445
9764
7898
7591
5955
5287
2473
1941
4791
4161
2113
3141
876
2414
2819
9477
92
5330
2497
2510
1065
880
2051
2985
2217
989
9016
6612
2754
323
7488
710
3218
4010
4106
6495
1858
2884
4746
1411
8763
9208
174
2248
4650
9491
2080
8094
6512
1449
3566
8159
5069
7025
7993
5207
8350
626
5179
4726
197
8344
2076
5475
8648
7964
7702
2627
4060
3171
5272
379
9155
1958
2728
162
6387
5234
2749
2410
8218
1792
3419
9248
3983
9656
5744
354
1099
2545
5343
9986
9367
9980
2635
9736
8455
8498
4566
7612
7576
3755
5578
1380
1014
9297
72
9722
4065
517
2095
3890
3473
4224
7728
9723
328
8331
4816
4243
1206
5475
8749
3936
1059
8903
4644
9085
5752
6165
4626
3249
735
613
8697
742
3548
7331
7622
1177
668
9042
2737
7789
5773
287
8981
3701
5470
9908
8992
3714
3577
126
1453
2761
446
1618
4016
5673
3346
6267
4001
5979
5175
2551
6397
1355
7358
5842
378
9414
9722
7347
7722
4852
7239
3510
3089
2712
1323
2378
3562
6630
44
3660
2934
7285
482
4691
935
7141
8206
557
5629
6882
314
1210
7486
6057
5507
2136
3995
1194
3605
7567
8833
5151
9686
1102
8317
156
7574
1028
2548
9112
2133
2452
2258
5739
1894
3059
4321
2152
9762
1700
7564
1677
1648
8294
8436
7016
7987
1660
947
684
2468
1901
2127
1477
1859
2253
5281
4072
2760
2284
3175
6607
8302
2093
3607
996
4258
1722
4597
8699
6072
5414
5751
9028
2448
6643
5527
1889
8951
4614
9896
2229
7008
3687
6860
414
4964
5373
2485
2677
424
7097
2475
4516
3934
1857
3518
3335
7695
1281
8157
1957
424
2797
1254
6704
4834
6394
8238
7659
5014
7645
787
2045
6768
788
2096
9572
8835
5316
785
1595
2958
7555
680
7566
1342
2999
1951
7677
2868
7934
2895
9199
3032
9696
7488
7113
1470
3281
322
1264
6952
3851
2524
3755
6300
6668
7330
348
5767
3388
3388
2785
3298
274
2293
8742
6997
8759
2914
6349
3753
2411
8212
416
5506
1174
223
5606
29
5874
1499
8965
9701
1079
2522
5624
6237
3159
6332
9633
7753
5644
6928
9455
2157
5774
2252
2051
9835
3289
1070
3552
4871
6574
9476
7698
1917
3209
5881
6640
7030
2803
5761
2516
662
857
7159
3323
7753
9389
1604
8104
5408
9051
4851
2846
9094
1871
5299
9758
184
8261
3437
3661
4053
7889
6326
314
7730
2064
471
4847
2305
6606
299
229
1394
1161
2393
9933
5338
2854
4387
236
1812
5331
5726
8214
1446
6445
2147
7919
6373
723
7685
8462
2443
8347
1604
2402
3640
9379
7889
2266
3462
8810
6579
3136
386
4720
3769
405
6792
8347
7425
5987
2510
9883
8777
1614
7092
1281
2244
6381
9817
779
5535
8840
4498
8307
7956
2514
1735
7082
4382
41
1422
7615
7567
1596
8589
5172
255
9868
458
1794
9430
9109
8901
91
7275
2047
2760
2689
9309
7713
7165
9446
2130
8629
2449
6499
5695
9602
1031
781
4088
2261
3185
5748
9432
4225
2811
910
403
2553
5224
6420
3385
1612
7617
9787
686
5921
186
2582
7496
3810
1991
4186
2200
3533
1840
3410
4941
4264
241
9764
3493
2118
757
4307
5382
664
628
6774
652
8405
3290
3818
1011
4829
9450
2019
8056
1514
9955
1241
7995
2057
2034
4448
8359
6663
4295
6200
9014
4735
7772
8071
1438
8515
4996
4451
1824
6041
5473
4053
4259
6472
2937
2874
9996
50
4889
6284
786
4517
7658
704
735
3629
4723
6129
8345
8540
9215
3789
2737
9197
3425
6190
7419
3925
7301
2940
6672
2043
3241
6017
7904
441
7452
846
2300
7891
8581
6828
932
792
7735
9685
4380
7959
7188
9875
2244
1556
2079
9001
2439
9627
6695
1057
516
9299
6849
9366
2108
4151
2292
9620
619
9713
1739
7820
8619
1688
2102
6044
7365
2540
2403
4190
9097
1038
7948
1712
5265
5510
6144
6420
3184
1792
4006
4361
7696
1926
1662
6153
3517
3332
4075
6564
3788
7255
175
3950
8385
4104
9493
3844
9615
440
9957
293
1024
1580
2451
718
7735
378
7977
4534
6004
9716
1478
1468
5513
2038
7542
1326
555
1579
805
9467
6683
8980
1519
7755
6997
6059
6185
3821
2328
5973
3701
5201
5031
7622
1377
6887
5104
8010
226
1896
8971
8449
6624
1428
1173
8970
3601
5739
1614
4675
6090
5696
927
8208
2307
586
6896
6730
7307
1549
9737
1866
8555
3417
5799
9926
6799
6658
5170
2123
6083
4352
3357
1292
9419
807
7005
2234
9494
313
1053
6661
467
9067
3265
7362
9619
1093
6490
6317
2145
6286
3962
7184
4448
5047
2904
5812
4949
8455
3622
4920
6517
4423
4705
880
6767
9855
2153
5983
957
1569
273
5369
1398
9843
5561
9042
1080
6291
155
1579
2453
2038
5011
8398
7388
5794
1266
3623
7289
9918
1268
9398
8575
3622
4528
5331
9733
8034
1952
1777
4270
1625
1107
9654
6046
274
2031
6025
393
8796
2074
1997
6910
959
2475
2157
3925
1426
700
2728
3909
5134
1268
7040
2617
7363

