1000

2
6
7
23
30
35
36
51
53
114
127
129
132
132
149
149
163
177
181
185
202
203
212
218
229
253
265
295
302
311
335
346
359
359
402
408
414
433
443
463
472
481
490
494
503
514
517
537
543
559
559
565
581
584
589
595
596
607
611
613
621
623
650
652
723
738
760
762
767
774
781
802
805
807
812
814
815
823
837
855
856
873
874
879
881
882
882
892
900
901
907
949
954
961
972
972
978
981
983
988
989
991
993
994
1001
1006
1009
1018
1020
1028
1036
1043
1049
1095
1101
1115
1116
1122
1124
1129
1144
1154
1169
1179
1207
1207
1222
1238
1249
1255
1265
1268
1284
1300
1313
1318
1318
1323
1324
1342
1344
1348
1354
1359
1381
1391
1406
1407
1435
1443
1456
1456
1457
1457
1464
1471
1471
1476
1505
1511
1529
1534
1538
1587
1614
1638
1644
1660
1662
1668
1690
1691
1692
1692
1694
1703
1711
1726
1729
1744
1757
1773
1776
1804
1814
1838
1853
1864
1866
1867
1901
1915
1915
1918
1930
1931
1935
1958
1969
1971
1985
1986
1991
2002
2018
2021
2034
2043
2045
2048
2050
2054
2070
2076
2076
2088
2091
2093
2102
2110
2116
2117
2124
2129
2135
2140
2140
2144
2147
2152
2173
2175
2182
2183
2188
2193
2199
2212
2216
2230
2233
2234
2240
2242
2260
2263
2267
2268
2279
2280
2280
2289
2292
2301
2318
2323
2339
2340
2342
2343
2344
2346
2351
2354
2362
2368
2379
2393
2406
2415
2424
2430
2439
2444
2453
2459
2461
2462
2520
2525
2531
2532
2545
2573
2582
2610
2647
2656
2660
2679
2679
2698
2702
2703
2703
2711
2716
2723
2724
2726
2727
2732
2741
2742
2748
2750
2751
2757
2761
2762
2777
2791
2808
2810
2814
2832
2835
2839
2856
2892
2893
2896
2898
2930
2930
2960
2961
2965
2966
2971
2983
2994
3005
3009
3013
3018
3020
3045
3054
3054
3079
3085
3131
3142
3153
3159
3171
3176
3178
3183
3186
3226
3229
3246
3247
3250
3262
3266
3287
3289
3292
3295
3299
3303
3303
3304
3306
3314
3325
3332
3341
3341
3347
3348
3348
3352
3353
3359
3362
3377
3377
3378
3403
3410
3415
3415
3430
3433
3456
3473
3483
3484
3492
3509
3514
3553
3585
3629
3635
3637
3647
3651
3667
3696
3709
3723
3732
3735
3758
3760
3797
3813
3855
3865
3869
3875
3881
3904
3910
3923
3923
3927
3932
3940
3954
3985
3986
4002
4004
4004
4010
4029
4035
4043
4045
4046
4052
4064
4080
4088
4089
4099
4122
4129
4131
4132
4139
4165
4171
4172
4175
4191
4223
4224
4226
4256
4259
4264
4267
4283
4285
4291
4305
4315
4320
4321
4327
4336
4337
4339
4349
4368
4369
4375
4376
4394
4405
4416
4426
4442
4443
4448
4456
4457
4457
4461
4469
4497
4501
4505
4513
4526
4534
4535
4540
4559
4587
4589
4604
4628
4665
4667
4673
4686
4699
4711
4715
4722
4734
4747
4753
4753
4754
4765
4769
4773
4777
4783
4787
4805
4814
4820
4823
4834
4835
4839
4861
4874
4876
4877
4883
4895
4898
4918
4932
4945
4948
4966
4969
4979
4981
4989
5011
5011
5016
5036
5106
5121
5128
5132
5139
5155
5158
5158
5163
5169
5191
5192
5196
5199
5215
5239
5256
5270
5273
5277
5282
5283
5289
5317
5335
5352
5354
5355
5358
5363
5365
5373
5406
5420
5422
5429
5446
5451
5456
5461
5463
5471
5491
5518
5539
5571
5575
5584
5587
5587
5596
5597
5602
5609
5610
5612
5613
5620
5621
5625
5628
5694
5695
5697
5709
5711
5712
5732
5774
5779
5787
5788
5790
5804
5808
5812
5821
5827
5829
5833
5858
5865
5884
5929
5931
5936
5939
5945
5951
5979
5986
6043
6046
6053
6056
6065
6120
6123
6158
6160
6168
6182
6183
6216
6217
6238
6248
6250
6256
6282
6288
6316
6323
6325
6325
6342
6358
6361
6367
6370
6378
6379
6382
6394
6414
6418
6429
6429
6441
6441
6456
6459
6510
6510
6511
6546
6549
6563
6600
6615
6632
6642
6672
6688
6696
6697
6701
6709
6711
6719
6725
6734
6738
6742
6769
6787
6792
6798
6824
6827
6833
6839
6851
6888
6896
6902
6905
6918
6929
6933
6965
6972
6976
6976
6989
7006
7008
7053
7062
7081
7083
7085
7091
7092
7100
7109
7118
7120
7127
7138
7138
7147
7153
7158
7171
7224
7227
7228
7230
7234
7260
7265
7284
7293
7307
7312
7316
7319
7322
7325
7335
7342
7356
7367
7372
7425
7440
7443
7443
7446
7468
7495
7507
7532
7552
7555
7558
7571
7609
7618
7638
7654
7654
7670
7690
7692
7694
7702
7704
7705
7707
7712
7719
7723
7776
7781
7791
7794
7802
7818
7821
7833
7849
7869
7881
7884
7889
7908
7912
7914
7922
7923
7951
7964
7972
8026
8027
8028
8037
8055
8062
8076
8099
8105
8113
8114
8121
8123
8129
8136
8143
8148
8169
8184
8205
8234
8249
8254
8264
8267
8283
8286
8288
8290
8291
8295
8296
8302
8302
8306
8310
8312
8363
8373
8385
8409
8424
8441
8454
8456
8484
8486
8497
8497
8535
8537
8544
8547
8548
8553
8560
8560
8560
8569
8574
8578
8595
8621
8622
8632
8662
8682
8687
8698
8733
8738
8746
8762
8793
8801
8809
8866
8877
8877
8889
8897
8906
8914
8916
8923
8940
8985
8986
9004
9012
9021
9034
9037
9049
9054
9060
9068
9075
9097
9107
9125
9134
9137
9140
9142
9154
9154
9159
9170
9178
9189
9194
9208
9209
9215
9219
9233
9257
9276
9295
9302
9309
9311
9318
9320
9354
9357
9405
9415
9418
9419
9433
9469
9490
9499
9500
9512
9513
9519
9522
9525
9527
9533
9533
9561
9576
9586
9586
9608
9609
9620
9624
9629
9630
9637
9652
9659
9675
9685
9690
9702
9707
9713
9737
9738
9742
9749
9755
9764
9765
9771
9774
9786
9791
9793
9798
9800
9812
9837
9845
9865
9876
9877
9915
9921
9960
9965
9976
9996

