10000

2
6
7
7
19
20
27
31
33
36
36
44
46
46
53
56
66
67
68
75
79
80
80
80
82
93
100
103
105
106
107
110
110
112
113
118
119
120
122
123
126
129
129
132
136
141
141
144
146
148
154
156
160
160
161
163
171
173
178
180
181
185
186
188
191
194
197
197
205
212
216
218
218
226
229
229
232
233
237
242
249
253
256
256
268
268
270
273
276
277
281
284
285
294
295
298
310
314
314
318
323
332
336
342
344
346
352
353
354
358
360
361
371
374
380
381
391
394
398
399
400
406
407
408
408
409
419
421
421
428
430
441
443
443
445
447
448
451
455
458
460
463
466
467
467
472
481
481
492
494
510
513
514
517
521
521
523
524
527
532
533
534
535
536
537
540
543
544
552
552
556
557
557
558
579
584
593
608
611
613
613
617
621
625
628
628
630
631
633
637
639
640
641
642
643
645
650
658
660
670
670
672
677
678
688
696
697
697
698
708
711
716
729
729
732
738
738
742
743
752
754
758
759
760
760
762
762
765
771
774
776
777
778
778
789
789
790
794
795
797
801
806
811
812
814
815
815
817
822
824
832
835
836
837
838
844
846
847
848
853
854
855
856
857
858
860
861
865
865
866
866
867
868
868
869
869
883
884
884
892
893
894
898
900
904
910
921
924
930
930
931
932
933
934
950
954
958
968
970
970
970
972
978
978
983
991
991
993
997
1005
1006
1009
1017
1021
1021
1023
1026
1028
1030
1032
1035
1042
1046
1047
1048
1061
1071
1072
1072
1072
1076
1079
1080
1081
1084
1088
1090
1090
1091
1102
1105
1107
1109
1109
1114
1118
1119
1122
1129
1130
1131
1136
1137
1140
1142
1143
1146
1149
1149
1153
1155
1161
1168
1172
1173
1175
1179
1184
1185
1188
1189
1190
1192
1194
1199
1201
1202
1203
1207
1207
1208
1210
1210
1211
1213
1221
1224
1226
1227
1234
1237
1237
1237
1239
1241
1246
1249
1252
1253
1254
1255
1258
1262
1264
1265
1266
1266
1267
1268
1275
1278
1278
1283
1286
1289
1293
1300
1300
1305
1308
1313
1315
1318
1323
1328
1328
1331
1331
1332
1335
1335
1339
1339
1342
1348
1348
1348
1350
1356
1362
1365
1370
1371
1373
1376
1383
1384
1390
1392
1393
1395
1396
1405
1406
1407
1408
1412
1413
1414
1415
1418
1418
1421
1421
1426
1428
1430
1431
1434
1434
1435
1435
1449
1455
1456
1456
1457
1461
1465
1465
1467
1470
1470
1479
1483
1484
1485
1488
1488
1489
1491
1492
1492
1497
1500
1500
1501
1502
1502
1502
1504
1505
1506
1514
1520
1531
1537
1538
1538
1538
1544
1549
1549
1564
1567
1568
1570
1571
1584
1584
1589
1609
1610
1613
1614
1618
1620
1629
1633
1634
1638
1642
1644
1648
1649
1652
1658
1660
1661
1665
1669
1671
1676
1680
1690
1691
1693
1694
1697
1708
1712
1715
1716
1716
1719
1726
1729
1735
1741
1744
1748
1750
1755
1771
1771
1772
1772
1774
1781
1792
1796
1798
1799
1801
1804
1806
1806
1807
1808
1816
1818
1827
1828
1838
1843
1845
1847
1847
1849
1853
1853
1855
1860
1861
1867
1870
1873
1878
1885
1893
1896
1901
1912
1921
1929
1930
1931
1935
1938
1940
1942
1945
1960
1964
1965
1968
1975
1979
1986
1992
1992
1993
1997
2000
2005
2012
2015
2020
2021
2023
2023
2025
2033
2033
2038
2039
2043
2045
2050
2050
2051
2052
2054
2054
2055
2057
2057
2065
2070
2078
2083
2086
2089
2091
2092
2094
2110
2111
2111
2113
2118
2125
2128
2129
2130
2130
2132
2132
2133
2140
2140
2144
2149
2154
2155
2155
2155
2160
2166
2169
2170
2174
2176
2181
2183
2184
2188
2195
2203
2204
2206
2208
2209
2215
2221
2225
2230
2234
2239
2240
2247
2249
2252
2253
2255
2259
2268
2270
2271
2278
2279
2281
2282
2283
2283
2284
2285
2287
2289
2296
2298
2308
2310
2314
2317
2319
2323
2325
2326
2328
2328
2329
2329
2330
2335
2336
2339
2340
2342
2344
2351
2352
2353
2354
2355
2361
2365
2379
2382
2383
2405
2406
2412
2413
2415
2418
2419
2421
2423
2424
2426
2428
2433
2433
2439
2444
2446
2447
2453
2462
2463
2463
2465
2466
2470
2475
2476
2478
2482
2482
2491
2492
2495
2496
2498
2503
2503
2504
2513
2520
2521
2523
2526
2533
2534
2537
2537
2538
2545
2562
2562
2570
2573
2582
2584
2584
2586
2588
2589
2590
2591
2593
2594
2598
2599
2602
2603
2607
2609
2617
2617
2618
2621
2634
2634
2636
2636
2643
2646
2654
2658
2661
2663
2666
2673
2676
2677
2678
2687
2688
2688
2691
2694
2697
2701
2702
2702
2703
2705
2707
2711
2716
2717
2720
2722
2729
2730
2736
2737
2744
2746
2748
2748
2748
2752
2755
2756
2762
2762
2767
2776
2777
2777
2777
2780
2785
2787
2789
2791
2794
2794
2799
2803
2807
2809
2809
2814
2821
2821
2825
2834
2835
2839
2839
2840
2841
2842
2855
2856
2864
2870
2874
2880
2892
2894
2894
2899
2904
2905
2908
2915
2918
2921
2923
2924
2924
2927
2931
2933
2935
2940
2941
2947
2951
2957
2960
2961
2962
2970
2971
2975
2977
2980
2982
2983
2988
2990
2991
2994
2997
3013
3013
3020
3025
3026
3026
3026
3027
3029
3035
3037
3047
3048
3048
3052
3054
3054
3054
3055
3056
3059
3062
3064
3069
3070
3071
3074
3075
3079
3089
3091
3091
3093
3099
3111
3112
3112
3123
3124
3126
3132
3136
3139
3147
3148
3151
3156
3158
3162
3162
3167
3178
3179
3183
3183
3184
3185
3191
3197
3203
3203
3203
3204
3208
3211
3220
3230
3235
3241
3243
3243
3243
3246
3247
3256
3262
3264
3266
3267
3269
3271
3271
3275
3275
3281
3281
3286
3287
3289
3292
3303
3305
3306
3309
3312
3314
3318
3318
3322
3324
3329
3330
3338
3340
3342
3342
3345
3348
3348
3352
3352
3356
3358
3360
3365
3367
3368
3369
3372
3376
3377
3380
3380
3381
3383
3384
3391
3395
3399
3401
3401
3401
3404
3408
3414
3415
3416
3433
3436
3448
3449
3459
3464
3467
3467
3471
3473
3479
3481
3486
3487
3492
3496
3499
3504
3504
3509
3511
3513
3514
3516
3525
3526
3536
3538
3541
3549
3549
3560
3565
3570
3580
3582
3582
3583
3585
3589
3598
3599
3602
3603
3610
3614
3616
3616
3618
3622
3625
3626
3629
3635
3637
3642
3647
3651
3651
3661
3662
3667
3669
3671
3681
3683
3686
3693
3696
3697
3700
3700
3702
3713
3716
3717
3723
3724
3727
3730
3731
3732
3732
3737
3739
3741
3747
3750
3752
3758
3760
3761
3761
3764
3764
3767
3772
3779
3783
3784
3792
3799
3800
3802
3806
3808
3809
3810
3810
3811
3813
3813
3814
3815
3816
3818
3819
3819
3820
3822
3823
3825
3831
3832
3835
3840
3841
3843
3848
3848
3855
3855
3856
3856
3862
3869
3871
3878
3884
3885
3892
3897
3898
3904
3907
3907
3911
3912
3921
3921
3922
3924
3927
3927
3932
3933
3934
3935
3940
3940
3940
3958
3958
3966
3966
3970
3977
3983
3988
3993
3996
4004
4004
4004
4011
4018
4025
4027
4029
4032
4033
4040
4045
4045
4046
4050
4050
4052
4054
4059
4059
4064
4064
4083
4088
4089
4094
4096
4098
4109
4110
4111
4112
4122
4128
4129
4132
4144
4149
4152
4155
4156
4158
4159
4159
4165
4165
4167
4168
4171
4175
4181
4183
4187
4191
4192
4199
4203
4204
4208
4209
4216
4220
4222
4222
4224
4225
4226
4235
4235
4248
4252
4253
4253
4257
4260
4263
4264
4267
4268
4278
4282
4284
4292
4298
4304
4313
4314
4319
4321
4325
4325
4332
4336
4336
4336
4340
4340
4347
4349
4351
4351
4356
4357
4365
4367
4369
4369
4374
4375
4375
4376
4380
4386
4393
4396
4398
4400
4405
4407
4413
4415
4415
4415
4416
4420
4421
4424
4426
4432
4435
4438
4441
4443
4448
4448
4449
4456
4456
4457
4459
4461
4466
4470
4470
4481
4487
4492
4494
4495
4499
4499
4501
4502
4507
4508
4509
4509
4510
4513
4516
4518
4519
4525
4526
4534
4534
4534
4537
4539
4540
4541
4549
4550
4558
4558
4561
4561
4563
4563
4564
4569
4576
4581
4582
4583
4587
4593
4594
4595
4599
4607
4614
4617
4621
4624
4628
4634
4639
4639
4641
4646
4648
4648
4653
4653
4657
4661
4664
4665
4665
4667
4668
4670
4676
4686
4693
4693
4698
4700
4704
4712
4715
4718
4722
4723
4724
4729
4732
4734
4737
4745
4745
4753
4753
4754
4754
4755
4761
4766
4769
4771
4773
4777
4781
4782
4782
4783
4783
4788
4789
4798
4799
4803
4807
4810
4811
4814
4817
4836
4840
4840
4842
4843
4844
4846
4847
4849
4851
4851
4863
4864
4865
4870
4874
4876
4888
4892
4893
4894
4895
4904
4905
4910
4913
4916
4929
4930
4931
4932
4933
4934
4937
4945
4957
4957
4960
4961
4966
4966
4967
4967
4969
4977
4989
4990
4991
5003
5003
5006
5007
5011
5016
5017
5021
5032
5032
5035
5039
5040
5041
5045
5047
5050
5052
5060
5062
5064
5075
5076
5076
5077
5079
5080
5082
5088
5093
5103
5116
5121
5122
5123
5128
5131
5131
5135
5136
5138
5141
5141
5155
5156
5162
5163
5165
5169
5173
5187
5191
5191
5202
5210
5213
5215
5215
5218
5227
5237
5238
5239
5243
5244
5246
5247
5258
5262
5265
5270
5271
5273
5274
5275
5276
5277
5278
5281
5282
5286
5287
5289
5291
5292
5294
5294
5307
5308
5311
5312
5320
5328
5329
5330
5340
5343
5344
5347
5352
5354
5355
5373
5377
5381
5382
5386
5387
5388
5391
5401
5403
5404
5406
5406
5409
5411
5418
5422
5423
5425
5426
5429
5432
5434
5435
5440
5440
5440
5446
5447
5447
5449
5454
5459
5461
5461
5474
5477
5478
5487
5491
5493
5496
5500
5509
5513
5515
5518
5520
5527
5539
5549
5549
5553
5553
5555
5558
5559
5565
5567
5569
5570
5571
5572
5575
5576
5577
5578
5579
5586
5590
5594
5602
5604
5605
5608
5608
5609
5609
5613
5614
5615
5619
5620
5623
5625
5628
5630
5638
5641
5650
5652
5654
5656
5656
5656
5657
5658
5659
5660
5663
5668
5674
5674
5675
5676
5680
5681
5693
5694
5694
5695
5696
5701
5704
5706
5710
5711
5714
5728
5728
5730
5736
5736
5737
5739
5747
5747
5747
5756
5757
5760
5761
5762
5772
5772
5774
5774
5777
5777
5779
5787
5789
5790
5791
5795
5804
5808
5808
5812
5813
5819
5824
5825
5831
5833
5834
5842
5848
5852
5857
5859
5860
5864
5864
5871
5875
5876
5876
5884
5884
5885
5889
5895
5900
5900
5901
5903
5906
5907
5909
5911
5912
5917
5922
5929
5929
5937
5942
5942
5945
5949
5950
5956
5956
5958
5970
5981
5981
5987
5989
5991
5991
5991
5993
5995
5998
6001
6003
6009
6012
6015
6017
6017
6020
6021
6030
6032
6038
6038
6043
6047
6047
6049
6056
6056
6060
6062
6063
6068
6069
6070
6074
6074
6079
6085
6087
6096
6105
6106
6112
6114
6124
6131
6134
6135
6140
6141
6147
6155
6158
6158
6159
6159
6160
6162
6166
6169
6171
6173
6174
6176
6177
6178
6179
6179
6182
6186
6190
6193
6200
6201
6202
6206
6209
6212
6213
6216
6217
6224
6225
6232
6238
6241
6241
6242
6248
6251
6254
6260
6264
6271
6278
6282
6289
6291
6297
6299
6300
6301
6304
6315
6321
6327
6330
6331
6335
6335
6344
6352
6352
6357
6359
6361
6363
6367
6371
6375
6376
6376
6378
6379
6381
6382
6384
6393
6393
6397
6401
6416
6416
6417
6418
6420
6427
6429
6429
6430
6435
6440
6442
6443
6447
6448
6449
6449
6451
6453
6461
6463
6469
6471
6473
6473
6476
6477
6483
6494
6497
6499
6503
6510
6517
6519
6529
6529
6532
6538
6541
6546
6551
6560
6563
6564
6567
6576
6579
6580
6587
6594
6596
6598
6601
6602
6615
6620
6621
6624
6632
6638
6638
6638
6642
6648
6652
6655
6656
6657
6662
6662
6665
6665
6668
6669
6672
6675
6680
6685
6696
6697
6701
6708
6711
6712
6712
6713
6713
6715
6716
6719
6719
6730
6732
6742
6744
6752
6753
6756
6759
6762
6765
6778
6784
6787
6788
6792
6793
6794
6796
6798
6799
6801
6804
6819
6821
6823
6824
6834
6836
6840
6842
6847
6847
6853
6853
6856
6856
6859
6860
6866
6868
6869
6873
6873
6874
6875
6884
6885
6893
6898
6905
6907
6908
6911
6912
6913
6917
6924
6925
6927
6930
6933
6933
6934
6935
6943
6945
6946
6948
6948
6950
6954
6959
6962
6968
6972
6976
6976
6978
6983
6985
6987
6988
6992
6995
7005
7006
7006
7007
7008
7009
7009
7012
7012
7014
7017
7020
7023
7026
7027
7032
7034
7040
7040
7042
7052
7061
7062
7064
7068
7069
7069
7071
7072
7073
7073
7073
7074
7083
7093
7103
7116
7118
7118
7118
7122
7123
7127
7127
7136
7138
7138
7145
7147
7149
7152
7153
7158
7161
7169
7177
7180
7181
7183
7184
7188
7192
7193
7193
7194
7195
7205
7210
7218
7222
7223
7224
7227
7228
7232
7234
7235
7236
7244
7245
7245
7246
7252
7256
7260
7260
7262
7263
7265
7271
7274
7276
7278
7284
7289
7294
7299
7311
7311
7312
7312
7313
7313
7316
7318
7318
7319
7319
7335
7336
7341
7344
7344
7352
7356
7360
7364
7364
7368
7368
7372
7381
7381
7383
7391
7395
7399
7407
7417
7417
7418
7423
7428
7429
7433
7435
7437
7440
7443
7444
7447
7447
7451
7454
7455
7456
7460
7460
7463
7464
7465
7468
7475
7478
7486
7487
7491
7495
7495
7496
7502
7507
7515
7517
7520
7522
7532
7534
7547
7549
7555
7556
7557
7563
7565
7565
7572
7573
7581
7581
7591
7591
7598
7601
7603
7607
7609
7609
7620
7625
7625
7627
7629
7630
7635
7635
7637
7638
7648
7649
7651
7652
7654
7659
7660
7662
7675
7676
7678
7678
7680
7684
7686
7687
7690
7691
7693
7696
7697
7702
7704
7705
7707
7707
7708
7712
7714
7716
7718
7720
7722
7723
7732
7738
7742
7743
7746
7747
7756
7758
7781
7794
7798
7802
7802
7803
7803
7811
7811
7815
7818
7818
7820
7820
7821
7831
7835
7841
7841
7842
7846
7847
7847
7854
7856
7859
7867
7867
7870
7880
7885
7886
7889
7889
7890
7893
7895
7897
7899
7899
7900
7902
7904
7907
7908
7908
7909
7912
7917
7922
7923
7928
7928
7930
7931
7931
7932
7943
7943
7949
7953
7954
7957
7960
7967
7968
7969
7971
7973
7975
7975
7976
7982
7983
7985
7997
7998
8000
8004
8007
8008
8028
8028
8038
8039
8040
8041
8054
8055
8057
8061
8062
8062
8065
8071
8074
8083
8085
8092
8099
8115
8115
8116
8117
8117
8117
8120
8130
8131
8134
8135
8136
8153
8155
8160
8163
8164
8164
8164
8166
8168
8185
8187
8195
8197
8198
8198
8199
8199
8200
8203
8205
8206
8208
8209
8210
8211
8214
8215
8215
8216
8216
8223
8225
8228
8233
8234
8241
8248
8250
8250
8255
8258
8260
8264
8270
8277
8281
8290
8291
8297
8297
8299
8299
8302
8304
8313
8315
8329
8329
8336
8338
8339
8339
8344
8347
8353
8358
8359
8362
8364
8366
8369
8369
8372
8372
8378
8380
8382
8385
8385
8396
8397
8399
8408
8409
8422
8439
8449
8453
8462
8462
8464
8474
8477
8478
8482
8488
8490
8497
8499
8502
8502
8517
8519
8522
8524
8529
8533
8535
8537
8537
8538
8543
8545
8548
8550
8551
8554
8554
8559
8560
8562
8563
8571
8572
8577
8578
8582
8582
8583
8586
8591
8600
8600
8601
8620
8621
8626
8627
8627
8628
8629
8632
8632
8640
8643
8644
8649
8653
8653
8658
8662
8665
8667
8668
8668
8675
8688
8690
8698
8702
8707
8715
8731
8732
8734
8735
8735
8739
8739
8741
8743
8745
8746
8754
8762
8772
8778
8781
8782
8783
8786
8787
8791
8792
8792
8794
8797
8801
8803
8807
8810
8811
8817
8818
8818
8823
8826
8827
8832
8833
8837
8850
8851
8860
8863
8864
8866
8874
8877
8880
8885
8885
8886
8888
8889
8892
8901
8903
8906
8914
8914
8917
8917
8917
8918
8923
8925
8928
8928
8938
8939
8944
8954
8960
8965
8971
8973
8973
8976
8977
8980
8980
8985
8985
8985
8986
8987
8990
8991
8993
8993
8996
8997
8999
8999
8999
9002
9013
9015
9018
9028
9029
9034
9040
9041
9049
9051
9060
9064
9065
9069
9070
9071
9071
9077
9082
9083
9083
9087
9092
9096
9097
9100
9107
9109
9118
9119
9120
9122
9124
9124
9125
9125
9126
9127
9127
9138
9140
9140
9142
9148
9155
9159
9159
9165
9170
9172
9181
9183
9185
9188
9188
9189
9190
9190
9191
9206
9216
9218
9219
9222
9222
9223
9228
9232
9233
9237
9238
9240
9244
9251
9252
9257
9263
9265
9269
9270
9270
9271
9274
9281
9288
9288
9291
9295
9297
9298
9299
9302
9302
9304
9311
9318
9318
9320
9323
9327
9337
9339
9339
9340
9346
9346
9347
9349
9349
9350
9353
9355
9356
9363
9367
9369
9369
9371
9374
9379
9383
9385
9391
9394
9396
9415
9416
9426
9428
9430
9433
9435
9436
9447
9459
9466
9468
9470
9474
9474
9482
9482
9483
9499
9500
9503
9506
9506
9511
9513
9518
9519
9525
9527
9532
9539
9545
9547
9549
9560
9561
9562
9565
9565
9566
9576
9577
9577
9579
9580
9584
9586
9586
9587
9589
9593
9594
9598
9599
9599
9601
9606
9607
9612
9615
9628
9637
9638
9642
9642
9646
9649
9649
9652
9653
9655
9656
9656
9657
9660
9662
9663
9663
9664
9669
9671
9671
9674
9675
9675
9679
9679
9685
9685
9689
9693
9694
9694
9697
9702
9706
9709
9716
9728
9731
9738
9740
9742
9747
9751
9754
9755
9756
9764
9764
9765
9767
9772
9777
9779
9782
9791
9791
9794
9797
9801
9810
9817
9818
9818
9821
9822
9827
9831
9833
9835
9844
9844
9845
9845
9851
9865
9872
9876
9877
9896
9900
9905
9909
9914
9919
9920
9921
9925
9926
9930
9931
9932
9938
9939
9944
9950
9961
9976
9986
9995
9995
9998
10002
10002
10004
10010
10011
10012
10014
10016
10017
10017
10024
10025
10034
10036
10038
10046
10046
10048
10052
10054
10056
10056
10060
10061
10075
10080
10084
10094
10096
10098
10115
10117
10120
10121
10122
10124
10130
10141
10143
10144
10160
10164
10165
10168
10168
10170
10176
10179
10180
10190
10191
10196
10202
10205
10205
10207
10218
10219
10220
10220
10221
10229
10235
10236
10237
10240
10245
10256
10259
10265
10265
10269
10270
10273
10276
10287
10292
10292
10292
10297
10298
10302
10304
10311
10313
10313
10319
10319
10326
10331
10334
10335
10337
10339
10343
10344
10350
10350
10353
10359
10360
10374
10380
10386
10387
10388
10389
10389
10392
10395
10396
10399
10400
10402
10409
10412
10419
10420
10422
10423
10423
10423
10433
10439
10440
10441
10448
10449
10451
10456
10463
10464
10466
10467
10473
10477
10478
10479
10480
10482
10482
10485
10486
10488
10491
10493
10494
10494
10496
10501
10501
10501
10508
10509
10510
10512
10540
10547
10555
10559
10564
10572
10576
10577
10581
10582
10584
10586
10592
10592
10601
10603
10604
10606
10607
10607
10610
10620
10634
10639
10640
10644
10651
10663
10669
10674
10676
10680
10682
10687
10689
10692
10693
10697
10703
10703
10721
10724
10739
10741
10746
10748
10753
10766
10768
10770
10777
10781
10782
10782
10782
10786
10787
10790
10802
10803
10811
10813
10813
10814
10814
10819
10820
10821
10822
10822
10823
10824
10826
10830
10833
10849
10851
10854
10856
10867
10875
10878
10879
10882
10883
10888
10894
10898
10902
10903
10904
10907
10909
10918
10922
10923
10932
10939
10943
10944
10948
10949
10950
10952
10953
10955
10970
10973
10977
10985
10989
10991
10995
10998
10999
11001
11006
11008
11011
11012
11013
11013
11016
11019
11023
11026
11026
11031
11033
11045
11047
11057
11063
11063
11064
11065
11072
11073
11087
11093
11098
11099
11105
11105
11106
11110
11117
11122
11124
11127
11128
11128
11129
11129
11130
11138
11143
11144
11145
11146
11152
11153
11154
11155
11156
11163
11167
11168
11168
11182
11188
11193
11205
11206
11210
11213
11217
11218
11222
11224
11227
11229
11233
11241
11244
11246
11256
11256
11259
11260
11261
11265
11267
11268
11269
11269
11271
11272
11276
11278
11280
11284
11289
11292
11293
11294
11294
11296
11296
11297
11298
11300
11304
11304
11305
11308
11311
11313
11314
11318
11320
11320
11325
11325
11326
11332
11336
11345
11346
11346
11347
11354
11356
11362
11365
11366
11367
11368
11379
11381
11383
11384
11385
11386
11387
11390
11391
11396
11398
11406
11406
11409
11409
11413
11429
11429
11433
11436
11436
11445
11448
11451
11452
11453
11457
11460
11460
11462
11471
11471
11472
11473
11476
11477
11482
11494
11509
11511
11512
11514
11517
11522
11522
11529
11531
11539
11539
11547
11552
11552
11554
11564
11567
11568
11571
11577
11581
11584
11586
11587
11590
11597
11604
11605
11609
11614
11616
11624
11625
11625
11629
11631
11635
11639
11650
11650
11654
11665
11668
11668
11671
11679
11679
11686
11694
11698
11699
11699
11704
11708
11709
11714
11715
11717
11723
11724
11725
11734
11741
11742
11742
11746
11748
11755
11757
11759
11764
11766
11766
11766
11767
11767
11772
11774
11776
11776
11783
11786
11786
11790
11791
11803
11805
11805
11812
11812
11814
11818
11818
11819
11825
11834
11840
11841
11842
11844
11858
11862
11862
11862
11868
11877
11877
11884
11885
11890
11903
11903
11904
11905
11909
11910
11915
11916
11923
11931
11939
11940
11944
11946
11946
11950
11956
11957
11958
11959
11964
11964
11964
11966
11969
11973
11976
11981
11984
11987
11987
11990
11996
11997
11998
12000
12002
12007
12010
12011
12021
12021
12029
12030
12031
12033
12035
12036
12038
12038
12043
12044
12045
12049
12050
12050
12051
12052
12053
12059
12064
12067
12071
12072
12074
12074
12086
12087
12088
12092
12094
12096
12104
12109
12109
12110
12116
12116
12117
12122
12123
12128
12135
12138
12138
12140
12141
12149
12151
12152
12154
12155
12159
12162
12163
12166
12170
12171
12171
12173
12177
12179
12189
12192
12197
12199
12200
12213
12214
12221
12223
12228
12229
12231
12232
12240
12241
12242
12243
12246
12247
12247
12251
12252
12267
12269
12271
12272
12273
12278
12280
12292
12301
12319
12322
12324
12326
12327
12330
12331
12331
12332
12337
12342
12343
12346
12347
12352
12361
12363
12368
12371
12380
12384
12390
12393
12423
12430
12439
12442
12457
12459
12459
12462
12464
12470
12476
12478
12480
12481
12491
12495
12499
12517
12519
12526
12527
12530
12531
12534
12534
12540
12544
12545
12547
12556
12565
12566
12566
12570
12570
12572
12574
12586
12586
12590
12599
12605
12605
12606
12608
12610
12617
12618
12620
12634
12635
12638
12645
12650
12651
12652
12656
12657
12658
12658
12659
12660
12667
12671
12677
12678
12679
12679
12682
12684
12688
12689
12693
12695
12696
12697
12702
12705
12709
12713
12722
12723
12724
12726
12731
12733
12741
12742
12746
12749
12750
12750
12751
12751
12757
12757
12757
12758
12759
12759
12763
12769
12769
12783
12784
12791
12798
12800
12803
12803
12808
12814
12816
12818
12823
12824
12824
12826
12827
12835
12840
12845
12847
12848
12848
12852
12854
12856
12859
12862
12872
12875
12880
12882
12895
12898
12898
12899
12920
12920
12921
12927
12930
12930
12932
12943
12946
12960
12961
12965
12966
12966
12974
12974
12976
12978
12983
12983
12986
12986
12989
12992
12994
12995
12995
12997
13000
13001
13005
13005
13009
13012
13018
13021
13035
13036
13037
13037
13039
13041
13043
13043
13045
13048
13055
13060
13063
13063
13066
13067
13070
13071
13073
13074
13088
13089
13090
13090
13099
13101
13107
13113
13113
13114
13115
13118
13127
13131
13131
13133
13133
13134
13135
13137
13137
13138
13139
13140
13142
13144
13145
13146
13151
13151
13154
13155
13159
13159
13166
13168
13168
13170
13176
13180
13181
13184
13186
13186
13189
13193
13198
13200
13201
13205
13211
13216
13217
13226
13230
13231
13232
13233
13234
13236
13239
13243
13250
13257
13264
13266
13268
13270
13274
13275
13276
13285
13287
13294
13301
13303
13306
13310
13311
13311
13312
13314
13322
13325
13326
13331
13332
13335
13341
13341
13346
13347
13353
13359
13362
13362
13365
13370
13373
13375
13376
13377
13378
13381
13381
13395
13396
13397
13397
13401
13402
13407
13409
13410
13415
13431
13433
13435
13436
13446
13449
13453
13453
13462
13467
13476
13477
13497
13498
13498
13499
13503
13504
13504
13505
13507
13511
13522
13526
13532
13532
13535
13540
13543
13544
13553
13553
13557
13561
13563
13577
13578
13582
13585
13590
13592
13594
13597
13599
13606
13607
13607
13619
13625
13626
13629
13631
13633
13635
13635
13642
13646
13647
13647
13648
13649
13649
13652
13655
13655
13661
13663
13666
13669
13674
13677
13679
13684
13693
13693
13702
13707
13713
13715
13722
13722
13722
13723
13725
13727
13741
13743
13745
13751
13754
13756
13758
13762
13765
13768
13774
13776
13777
13779
13781
13788
13792
13801
13801
13802
13805
13806
13806
13809
13809
13810
13819
13819
13829
13830
13831
13831
13831
13836
13839
13840
13843
13845
13848
13848
13859
13861
13863
13867
13870
13873
13875
13876
13878
13879
13881
13892
13896
13899
13903
13906
13920
13924
13928
13929
13932
13933
13942
13946
13947
13950
13950
13952
13955
13957
13959
13960
13963
13966
13970
13973
13976
13977
13978
13980
13983
13989
13994
13995
14002
14004
14009
14009
14013
14013
14013
14016
14016
14017
14017
14022
14025
14026
14027
14032
14034
14035
14041
14041
14042
14043
14044
14050
14051
14057
14058
14058
14059
14060
14062
14064
14066
14067
14078
14079
14082
14084
14088
14091
14091
14092
14095
14099
14102
14105
14109
14110
14131
14139
14143
14149
14150
14152
14153
14156
14163
14165
14167
14168
14172
14172
14172
14175
14176
14185
14186
14189
14195
14196
14198
14198
14212
14214
14216
14218
14218
14224
14224
14227
14228
14231
14238
14245
14246
14250
14256
14258
14259
14260
14262
14264
14277
14281
14283
14292
14292
14296
14298
14298
14305
14306
14315
14316
14319
14319
14337
14340
14343
14347
14358
14367
14368
14369
14370
14376
14377
14378
14385
14385
14390
14391
14394
14402
14405
14408
14410
14416
14426
14427
14428
14432
14442
14444
14451
14460
14461
14463
14469
14490
14491
14491
14495
14497
14501
14502
14502
14503
14509
14509
14511
14511
14513
14514
14520
14521
14526
14529
14535
14536
14537
14543
14549
14557
14559
14561
14564
14565
14571
14571
14573
14575
14579
14579
14587
14591
14592
14597
14600
14604
14609
14611
14612
14613
14616
14618
14624
14624
14629
14634
14638
14640
14640
14643
14643
14649
14653
14655
14657
14665
14668
14674
14678
14678
14678
14682
14684
14684
14686
14690
14693
14696
14696
14697
14703
14706
14709
14710
14712
14715
14722
14725
14726
14728
14730
14731
14733
14734
14735
14736
14751
14752
14753
14753
14754
14755
14760
14761
14761
14765
14766
14767
14768
14770
14773
14773
14773
14775
14777
14777
14777
14787
14790
14793
14793
14794
14800
14812
14814
14814
14817
14820
14821
14827
14841
14844
14847
14852
14852
14861
14876
14878
14883
14893
14898
14898
14898
14903
14903
14912
14914
14918
14927
14928
14930
14934
14935
14936
14942
14948
14951
14954
14955
14966
14969
14970
14970
14972
14978
14980
14984
14988
14989
14992
14992
14993
15000
15009
15012
15026
15029
15040
15045
15049
15050
15053
15055
15062
15070
15072
15073
15079
15081
15082
15083
15098
15099
15101
15106
15113
15115
15122
15122
15128
15130
15132
15133
15138
15138
15139
15150
15153
15158
15158
15159
15163
15169
15170
15172
15178
15180
15182
15182
15186
15188
15191
15192
15192
15193
15196
15196
15197
15200
15211
15215
15219
15222
15231
15231
15233
15235
15237
15238
15239
15239
15240
15246
15249
15249
15252
15262
15263
15264
15271
15275
15282
15286
15287
15287
15290
15299
15301
15302
15302
15304
15306
15318
15320
15324
15325
15328
15328
15337
15344
15352
15353
15358
15362
15363
15366
15367
15378
15379
15379
15380
15391
15393
15402
15404
15406
15411
15414
15417
15420
15423
15423
15424
15430
15430
15432
15434
15435
15443
15446
15447
15447
15451
15454
15460
15462
15463
15466
15471
15471
15473
15476
15479
15480
15480
15495
15500
15503
15511
15513
15513
15517
15517
15519
15529
15533
15533
15538
15540
15547
15552
15554
15558
15562
15562
15568
15570
15576
15580
15580
15583
15584
15584
15584
15586
15587
15587
15587
15588
15595
15595
15596
15597
15599
15602
15606
15607
15613
15617
15617
15625
15625
15626
15627
15630
15635
15635
15637
15645
15646
15652
15654
15655
15658
15659
15663
15666
15671
15674
15674
15679
15679
15681
15681
15684
15685
15696
15696
15704
15709
15712
15713
15713
15721
15721
15722
15725
15728
15731
15731
15732
15732
15734
15747
15752
15754
15760
15760
15760
15768
15769
15770
15773
15777
15782
15783
15788
15792
15799
15802
15802
15815
15817
15827
15829
15829
15832
15833
15833
15843
15849
15850
15856
15861
15865
15869
15869
15880
15884
15899
15906
15908
15909
15910
15911
15911
15911
15915
15918
15927
15929
15929
15930
15931
15932
15933
15936
15937
15938
15939
15942
15951
15954
15959
15960
15961
15964
15968
15975
15976
15979
15986
15986
15994
15995
15999
15999
16002
16005
16007
16009
16011
16011
16012
16012
16015
16015
16015
16023
16025
16025
16025
16025
16029
16030
16035
16041
16043
16046
16046
16052
16057
16057
16058
16063
16065
16068
16075
16076
16084
16086
16089
16089
16090
16096
16097
16104
16109
16109
16111
16120
16121
16123
16126
16131
16131
16133
16138
16142
16143
16146
16147
16151
16152
16161
16168
16168
16169
16171
16174
16176
16178
16198
16200
16203
16208
16212
16213
16214
16216
16225
16232
16234
16235
16236
16244
16245
16249
16249
16252
16252
16255
16256
16260
16260
16272
16272
16281
16284
16294
16300
16302
16305
16315
16316
16317
16321
16323
16323
16325
16328
16336
16338
16342
16342
16344
16346
16348
16353
16355
16358
16366
16373
16375
16378
16379
16382
16392
16394
16399
16400
16406
16413
16421
16423
16424
16425
16431
16438
16439
16439
16441
16441
16442
16450
16452
16456
16458
16459
16460
16461
16461
16461
16465
16471
16483
16486
16488
16490
16495
16500
16503
16506
16506
16508
16511
16512
16513
16520
16525
16529
16530
16533
16534
16537
16539
16541
16544
16545
16546
16549
16549
16551
16553
16558
16571
16578
16584
16587
16587
16600
16605
16606
16608
16611
16613
16617
16617
16624
16626
16627
16632
16638
16642
16651
16661
16662
16663
16663
16666
16671
16676
16677
16691
16695
16697
16701
16702
16705
16709
16709
16711
16711
16713
16713
16717
16718
16719
16719
16720
16725
16727
16735
16738
16745
16749
16754
16769
16774
16780
16784
16787
16789
16796
16798
16800
16809
16818
16822
16824
16825
16827
16832
16832
16833
16833
16836
16842
16844
16848
16848
16849
16849
16850
16851
16856
16859
16859
16864
16866
16871
16873
16873
16878
16886
16889
16890
16892
16896
16900
16911
16913
16914
16918
16918
16923
16928
16929
16932
16941
16942
16942
16951
16960
16963
16965
16970
16970
16976
16980
16984
16987
16987
16989
16989
16990
16993
17005
17008
17010
17010
17017
17018
17019
17020
17024
17024
17026
17028
17029
17030
17035
17036
17042
17045
17050
17053
17055
17055
17056
17061
17063
17070
17077
17081
17085
17088
17092
17094
17100
17102
17105
17108
17109
17109
17110
17114
17123
17125
17126
17129
17130
17132
17135
17142
17147
17149
17154
17158
17165
17175
17176
17184
17185
17189
17195
17195
17203
17207
17213
17214
17219
17219
17220
17227
17238
17243
17250
17262
17263
17268
17269
17273
17278
17280
17283
17284
17284
17286
17287
17291
17292
17293
17301
17301
17304
17307
17308
17310
17312
17316
17317
17319
17322
17323
17333
17335
17335
17340
17341
17342
17346
17347
17350
17352
17360
17361
17361
17362
17367
17369
17373
17374
17374
17375
17378
17386
17389
17394
17394
17397
17409
17416
17418
17418
17419
17421
17425
17425
17425
17432
17433
17440
17446
17446
17457
17457
17460
17466
17485
17492
17498
17499
17501
17504
17505
17507
17509
17510
17516
17517
17528
17530
17534
17535
17543
17547
17551
17552
17552
17555
17556
17556
17556
17563
17571
17584
17585
17589
17589
17591
17592
17592
17600
17601
17607
17613
17615
17616
17618
17621
17623
17626
17634
17636
17638
17651
17654
17661
17666
17670
17677
17677
17680
17686
17687
17688
17694
17695
17705
17712
17716
17721
17722
17735
17737
17746
17747
17756
17759
17763
17767
17772
17774
17776
17778
17778
17786
17790
17790
17791
17791
17792
17797
17800
17800
17803
17805
17805
17805
17812
17824
17826
17828
17829
17834
17835
17840
17840
17844
17844
17847
17848
17854
17858
17865
17874
17878
17880
17883
17884
17887
17888
17889
17889
17890
17895
17900
17912
17914
17917
17919
17920
17922
17940
17943
17947
17947
17948
17959
17963
17964
17966
17968
17975
17975
17981
17983
17987
17987
17989
17989
17994
17999
18007
18011
18016
18019
18020
18024
18025
18036
18038
18041
18042
18047
18055
18063
18070
18076
18076
18085
18087
18088
18091
18092
18098
18101
18105
18106
18109
18112
18112
18114
18119
18121
18139
18143
18144
18144
18146
18148
18152
18157
18158
18159
18160
18163
18167
18171
18180
18182
18184
18184
18184
18190
18195
18195
18199
18203
18205
18208
18210
18214
18223
18224
18224
18230
18232
18233
18241
18241
18243
18249
18249
18251
18253
18259
18261
18262
18263
18266
18267
18268
18274
18277
18282
18283
18283
18294
18295
18298
18299
18300
18301
18302
18302
18310
18310
18312
18314
18317
18320
18322
18323
18329
18331
18340
18350
18351
18351
18356
18361
18363
18366
18373
18379
18383
18383
18385
18386
18387
18388
18389
18394
18399
18402
18404
18409
18414
18414
18423
18426
18427
18427
18429
18429
18431
18432
18434
18435
18440
18440
18454
18454
18456
18461
18464
18464
18467
18467
18473
18474
18474
18482
18485
18486
18491
18491
18492
18493
18497
18505
18506
18508
18513
18513
18518
18524
18525
18539
18544
18544
18547
18548
18550
18551
18554
18558
18560
18560
18566
18568
18570
18572
18574
18576
18580
18583
18585
18587
18588
18589
18590
18595
18595
18595
18599
18606
18609
18614
18622
18629
18630
18633
18637
18640
18640
18642
18643
18648
18652
18659
18660
18661
18666
18669
18670
18673
18674
18674
18675
18680
18681
18682
18683
18691
18694
18694
18694
18700
18700
18702
18704
18705
18709
18710
18711
18714
18715
18718
18718
18718
18719
18721
18721
18724
18738
18747
18748
18748
18751
18760
18763
18768
18770
18770
18774
18778
18780
18785
18788
18788
18791
18793
18797
18802
18809
18810
18814
18818
18827
18829
18831
18836
18842
18847
18847
18851
18852
18852
18853
18853
18856
18856
18862
18866
18874
18877
18886
18888
18888
18889
18890
18896
18900
18904
18906
18906
18906
18907
18909
18914
18916
18923
18931
18932
18932
18940
18941
18945
18950
18958
18961
18978
18981
18985
18985
18985
18988
19003
19004
19006
19015
19020
19021
19023
19027
19031
19032
19034
19038
19039
19040
19043
19044
19047
19050
19052
19053
19053
19055
19057
19059
19060
19061
19067
19068
19080
19081
19083
19085
19088
19090
19091
19095
19095
19099
19103
19104
19106
19110
19118
19118
19123
19123
19124
19125
19130
19132
19134
19137
19138
19139
19140
19142
19142
19143
19152
19152
19154
19154
19154
19155
19156
19157
19161
19166
19169
19170
19170
19170
19172
19175
19178
19181
19191
19194
19194
19205
19210
19214
19214
19215
19215
19216
19219
19221
19222
19223
19226
19231
19233
19235
19245
19247
19249
19255
19259
19259
19264
19269
19274
19276
19276
19282
19283
19290
19291
19292
19295
19295
19302
19302
19302
19304
19304
19304
19305
19306
19308
19309
19309
19310
19311
19340
19341
19347
19347
19349
19352
19357
19361
19361
19362
19364
19367
19367
19367
19371
19371
19374
19377
19383
19384
19387
19391
19391
19392
19401
19403
19403
19405
19405
19410
19413
19415
19418
19418
19424
19425
19425
19433
19441
19446
19455
19462
19463
19472
19473
19473
19474
19482
19484
19485
19485
19487
19489
19489
19490
19490
19490
19500
19501
19509
19513
19514
19522
19525
19529
19529
19529
19530
19531
19533
19533
19534
19536
19536
19539
19540
19549
19550
19552
19559
19563
19571
19574
19575
19577
19577
19578
19583
19584
19586
19587
19588
19591
19603
19606
19606
19608
19610
19612
19618
19621
19624
19624
19637
19638
19638
19642
19651
19655
19657
19658
19659
19661
19668
19671
19672
19675
19685
19685
19689
19690
19693
19696
19704
19707
19708
19712
19713
19737
19741
19747
19749
19752
19753
19760
19770
19771
19774
19775
19775
19781
19784
19787
19794
19800
19807
19812
19813
19814
19816
19820
19823
19827
19836
19836
19836
19837
19839
19845
19858
19861
19870
19871
19877
19877
19885
19896
19903
19910
19917
19920
19928
19929
19931
19933
19941
19943
19947
19949
19952
19953
19964
19965
19965
19965
19967
19967
19968
19971
19973
19974
19979
19983
19988
19991
19991
19993
19996
20007
20010
20011
20014
20014
20015
20019
20020
20022
20023
20030
20031
20036
20043
20045
20045
20045
20049
20051
20055
20062
20076
20082
20088
20091
20092
20093
20097
20100
20101
20103
20108
20111
20114
20116
20118
20120
20128
20131
20135
20136
20137
20139
20143
20149
20149
20155
20157
20157
20158
20159
20159
20160
20169
20180
20181
20183
20184
20185
20185
20192
20197
20202
20203
20203
20215
20216
20218
20222
20222
20235
20240
20245
20250
20254
20255
20262
20264
20266
20268
20273
20279
20285
20292
20304
20307
20310
20312
20316
20320
20320
20320
20327
20329
20334
20335
20337
20342
20345
20348
20358
20363
20364
20366
20369
20377
20378
20383
20384
20389
20393
20394
20394
20400
20401
20401
20403
20404
20405
20406
20407
20408
20410
20410
20412
20412
20415
20416
20419
20419
20419
20420
20425
20427
20430
20430
20430
20431
20440
20446
20447
20454
20461
20461
20462
20462
20466
20469
20469
20470
20472
20477
20480
20486
20490
20497
20497
20500
20501
20503
20505
20506
20510
20512
20513
20513
20515
20518
20520
20520
20523
20527
20532
20545
20550
20552
20555
20555
20559
20559
20560
20564
20565
20566
20570
20573
20583
20584
20587
20587
20588
20589
20590
20595
20597
20599
20606
20612
20615
20622
20624
20630
20634
20638
20647
20649
20651
20654
20655
20660
20661
20663
20664
20664
20667
20667
20667
20669
20670
20671
20673
20674
20675
20682
20683
20687
20689
20691
20696
20698
20698
20699
20700
20707
20708
20713
20714
20723
20723
20724
20728
20728
20735
20742
20747
20751
20752
20754
20756
20757
20759
20761
20765
20767
20767
20768
20769
20774
20775
20784
20787
20787
20790
20799
20805
20807
20808
20809
20812
20812
20815
20815
20818
20821
20824
20831
20833
20843
20845
20846
20848
20848
20849
20852
20852
20857
20859
20861
20861
20865
20869
20872
20873
20877
20878
20880
20881
20887
20895
20901
20908
20922
20923
20925
20928
20932
20935
20937
20937
20946
20948
20950
20952
20953
20954
20955
20955
20957
20961
20964
20967
20972
20972
20977
20981
20981
20982
20982
20984
20988
20989
20990
20991
20996
21001
21006
21011
21020
21025
21025
21025
21028
21033
21034
21034
21036
21049
21051
21057
21068
21073
21076
21083
21086
21094
21094
21094
21095
21106
21108
21111
21113
21115
21118
21119
21120
21124
21129
21133
21134
21135
21137
21139
21141
21146
21151
21159
21159
21160
21165
21166
21167
21169
21170
21172
21176
21178
21180
21181
21184
21184
21184
21190
21190
21201
21206
21207
21207
21216
21221
21222
21226
21226
21230
21235
21241
21241
21242
21253
21254
21254
21255
21257
21259
21263
21264
21265
21265
21267
21268
21269
21269
21270
21273
21282
21282
21283
21302
21303
21305
21309
21311
21315
21323
21323
21323
21324
21333
21335
21339
21342
21344
21353
21353
21354
21362
21362
21363
21370
21372
21384
21386
21394
21395
21400
21402
21406
21407
21414
21420
21423
21425
21425
21430
21430
21438
21439
21443
21444
21449
21452
21457
21457
21464
21464
21465
21467
21469
21476
21482
21484
21485
21491
21493
21497
21498
21500
21504
21505
21519
21530
21534
21536
21541
21549
21550
21554
21558
21562
21562
21563
21563
21564
21567
21574
21574
21581
21586
21592
21597
21602
21605
21607
21609
21614
21618
21623
21624
21624
21627
21639
21639
21643
21650
21652
21654
21658
21659
21659
21660
21660
21660
21660
21661
21662
21663
21663
21666
21668
21669
21671
21674
21678
21686
21691
21692
21693
21694
21697
21701
21703
21706
21706
21715
21716
21721
21723
21729
21730
21731
21740
21742
21749
21752
21755
21755
21765
21766
21768
21768
21769
21773
21774
21778
21778
21782
21783
21783
21796
21802
21805
21817
21819
21828
21829
21838
21842
21856
21859
21864
21866
21867
21868
21869
21888
21888
21896
21899
21901
21902
21902
21904
21906
21914
21915
21915
21916
21916
21918
21918
21927
21930
21931
21934
21935
21939
21946
21946
21953
21955
21959
21966
21971
21971
21973
21979
21981
21982
21984
21984
21989
21989
21991
21992
21993
21995
21999
22000
22000
22002
22002
22007
22016
22018
22020
22021
22023
22025
22031
22034
22036
22036
22043
22043
22044
22047
22051
22053
22053
22054
22056
22057
22058
22059
22066
22074
22076
22076
22080
22090
22095
22105
22116
22119
22124
22131
22132
22139
22146
22151
22154
22154
22161
22163
22163
22165
22170
22176
22177
22182
22184
22188
22197
22205
22208
22208
22213
22231
22232
22233
22234
22242
22244
22244
22250
22252
22260
22260
22263
22263
22265
22271
22273
22275
22276
22276
22279
22279
22280
22280
22281
22283
22283
22289
22294
22295
22296
22301
22301
22307
22309
22314
22315
22315
22318
22320
22335
22336
22337
22341
22344
22346
22348
22349
22351
22352
22353
22354
22355
22356
22362
22365
22365
22368
22371
22375
22383
22386
22389
22393
22402
22409
22411
22422
22424
22427
22429
22431
22433
22434
22438
22444
22447
22447
22449
22454
22456
22457
22459
22462
22471
22480
22481
22485
22487
22490
22493
22499
22502
22502
22504
22510
22515
22523
22524
22524
22525
22526
22527
22529
22532
22532
22545
22549
22550
22550
22552
22555
22557
22559
22559
22565
22566
22567
22569
22569
22570
22570
22578
22579
22588
22591
22598
22602
22607
22609
22613
22621
22626
22627
22627
22627
22629
22643
22644
22644
22647
22647
22655
22656
22657
22665
22666
22667
22677
22679
22681
22689
22692
22694
22698
22703
22713
22713
22718
22723
22727
22731
22732
22735
22736
22740
22744
22750
22751
22758
22759
22766
22769
22773
22777
22780
22781
22782
22784
22789
22789
22789
22790
22802
22806
22807
22810
22810
22816
22821
22825
22832
22833
22836
22851
22852
22860
22866
22872
22875
22878
22882
22892
22892
22893
22896
22899
22902
22908
22912
22914
22914
22916
22917
22924
22925
22926
22928
22928
22929
22953
22956
22956
22966
22969
22971
22974
22979
22982
22984
22990
22996
22996
23000
23001
23005
23007
23008
23016
23017
23019
23030
23037
23049
23053
23055
23055
23059
23076
23077
23077
23079
23079
23079
23079
23081
23085
23087
23100
23103
23109
23111
23111
23118
23128
23135
23136
23140
23153
23159
23159
23160
23162
23163
23168
23171
23171
23177
23178
23183
23199
23206
23207
23208
23210
23214
23218
23220
23224
23229
23232
23236
23244
23247
23249
23250
23253
23256
23260
23265
23268
23274
23279
23287
23290
23292
23295
23296
23299
23299
23304
23304
23305
23309
23313
23319
23320
23322
23322
23330
23330
23331
23336
23337
23347
23349
23349
23349
23353
23355
23355
23360
23360
23365
23366
23366
23375
23377
23378
23384
23385
23390
23392
23396
23397
23403
23406
23410
23415
23418
23422
23423
23427
23429
23430
23430
23432
23432
23433
23434
23438
23443
23445
23450
23453
23456
23456
23457
23458
23458
23458
23458
23463
23464
23469
23470
23472
23473
23478
23481
23483
23484
23488
23488
23489
23490
23498
23502
23510
23514
23514
23514
23526
23532
23539
23540
23540
23541
23541
23542
23548
23548
23551
23552
23553
23556
23557
23559
23564
23565
23566
23567
23568
23569
23570
23572
23576
23576
23580
23581
23583
23583
23583
23585
23591
23591
23596
23596
23598
23600
23602
23605
23612
23619
23619
23624
23625
23625
23629
23632
23644
23651
23652
23661
23665
23667
23669
23671
23674
23681
23682
23687
23687
23688
23690
23697
23701
23704
23706
23709
23709
23712
23719
23720
23721
23722
23727
23727
23734
23735
23735
23736
23736
23740
23741
23745
23750
23757
23759
23761
23763
23772
23772
23774
23776
23781
23785
23786
23786
23787
23787
23797
23801
23808
23816
23820
23825
23826
23830
23831
23834
23840
23841
23843
23843
23844
23848
23848
23848
23852
23855
23857
23858
23862
23864
23864
23865
23865
23874
23876
23877
23877
23881
23885
23886
23892
23899
23904
23910
23920
23922
23923
23923
23925
23925
23925
23926
23933
23935
23935
23935
23940
23941
23946
23949
23953
23954
23955
23972
23975
23980
23982
23984
23985
23986
23993
23999
24003
24004
24010
24010
24013
24015
24015
24016
24016
24022
24028
24037
24038
24039
24045
24049
24051
24053
24055
24057
24061
24062
24064
24064
24065
24072
24073
24073
24074
24075
24079
24080
24084
24085
24089
24091
24093
24093
24095
24111
24111
24115
24116
24117
24121
24122
24122
24122
24126
24131
24132
24133
24135
24136
24149
24152
24152
24153
24156
24160
24161
24162
24166
24173
24174
24175
24186
24188
24200
24202
24202
24203
24207
24210
24210
24216
24223
24225
24226
24232
24235
24237
24237
24241
24245
24246
24249
24251
24252
24252
24257
24259
24262
24264
24266
24267
24271
24273
24278
24285
24285
24286
24287
24291
24291
24297
24299
24300
24301
24305
24307
24309
24313
24315
24319
24320
24321
24324
24325
24327
24328
24328
24329
24331
24334
24338
24339
24343
24345
24357
24358
24361
24363
24364
24369
24370
24380
24383
24392
24392
24404
24404
24406
24412
24415
24424
24425
24427
24428
24432
24435
24437
24451
24457
24460
24464
24468
24469
24472
24473
24474
24480
24482
24486
24486
24488
24488
24489
24491
24494
24495
24498
24505
24507
24513
24516
24519
24520
24523
24525
24526
24526
24526
24530
24533
24540
24553
24554
24563
24568
24582
24585
24585
24586
24588
24589
24590
24590
24597
24598
24599
24601
24602
24604
24608
24611
24611
24612
24614
24616
24623
24632
24635
24639
24642
24645
24650
24651
24651
24657
24658
24661
24662
24664
24664
24664
24671
24672
24673
24673
24677
24683
24686
24686
24692
24699
24699
24701
24702
24706
24706
24711
24714
24715
24724
24725
24730
24732
24735
24740
24740
24747
24747
24748
24750
24752
24752
24757
24759
24766
24768
24778
24782
24785
24787
24788
24788
24791
24793
24799
24800
24802
24805
24809
24809
24810
24810
24814
24815
24821
24823
24828
24829
24830
24834
24835
24839
24840
24840
24845
24850
24853
24855
24864
24866
24867
24874
24877
24877
24880
24882
24888
24889
24890
24891
24896
24898
24900
24902
24903
24905
24919
24922
24923
24926
24926
24926
24927
24937
24937
24940
24942
24944
24950
24951
24963
24966
24967
24972
24972
24973
24978
24979
24981
24981
24981
24999
25002
25002
25003
25003
25003
25006
25009
25011
25013
25016
25031
25036
25036
25040
25055
25060
25063
25064
25064
25068
25070
25071
25075
25078
25078
25083
25086
25086
25089
25090
25093
25095
25101
25105
25110
25118
25120
25121
25127
25133
25134
25134
25134
25141
25141
25151
25155
25157
25159
25167
25168
25170
25188
25190
25199
25200
25204
25210
25213
25217
25219
25221
25222
25235
25245
25248
25251
25256
25260
25262
25273
25281
25283
25283
25289
25290
25293
25302
25304
25305
25308
25308
25308
25312
25313
25313
25315
25317
25318
25322
25322
25323
25323
25328
25328
25330
25333
25335
25338
25339
25344
25346
25352
25353
25355
25360
25360
25364
25364
25365
25367
25370
25375
25378
25378
25379
25386
25393
25397
25400
25402
25403
25403
25410
25412
25420
25420
25424
25425
25425
25425
25428
25435
25437
25441
25443
25446
25453
25454
25456
25461
25462
25463
25470
25473
25475
25475
25482
25483
25485
25486
25486
25491
25497
25500
25505
25506
25507
25510
25519
25523
25524
25527
25528
25532
25533
25533
25533
25537
25538
25539
25541
25543
25547
25548
25554
25554
25555
25561
25564
25567
25571
25571
25573
25577
25579
25581
25589
25590
25591
25594
25595
25596
25597
25598
25599
25603
25606
25609
25610
25610
25612
25616
25616
25621
25624
25625
25625
25625
25625
25628
25629
25629
25635
25643
25643
25645
25646
25647
25649
25662
25669
25670
25672
25673
25673
25678
25688
25689
25689
25690
25692
25694
25697
25697
25706
25706
25707
25711
25711
25719
25722
25726
25730
25734
25738
25740
25746
25754
25759
25760
25760
25765
25765
25766
25770
25777
25783
25786
25789
25800
25803
25805
25807
25808
25810
25811
25812
25821
25825
25829
25836
25842
25844
25845
25849
25850
25851
25851
25857
25857
25858
25858
25869
25869
25874
25887
25888
25894
25905
25909
25909
25910
25911
25911
25913
25916
25916
25917
25921
25922
25923
25928
25929
25930
25930
25932
25938
25939
25945
25945
25949
25950
25951
25956
25957
25957
25960
25978
25986
25988
25999
25999
26009
26012
26014
26020
26027
26030
26037
26038
26038
26047
26053
26054
26065
26067
26068
26071
26071
26074
26078
26080
26081
26084
26089
26096
26097
26104
26109
26112
26114
26117
26118
26120
26123
26128
26129
26129
26129
26138
26140
26142
26152
26157
26158
26163
26164
26165
26167
26168
26173
26179
26179
26183
26187
26187
26189
26196
26198
26202
26205
26206
26216
26219
26221
26222
26226
26227
26230
26235
26235
26241
26244
26245
26246
26250
26250
26251
26256
26260
26261
26262
26270
26275
26275
26279
26280
26280
26281
26282
26282
26284
26285
26288
26289
26291
26295
26295
26296
26297
26297
26301
26304
26305
26308
26310
26315
26316
26316
26324
26325
26326
26333
26334
26336
26347
26353
26353
26356
26362
26365
26370
26371
26375
26377
26377
26378
26378
26388
26390
26391
26393
26405
26409
26414
26415
26419
26425
26429
26436
26439
26441
26443
26444
26445
26450
26456
26458
26459
26460
26465
26475
26476
26481
26483
26485
26491
26495
26501
26505
26510
26510
26511
26516
26523
26526
26532
26535
26535
26536
26545
26550
26553
26554
26555
26565
26568
26577
26578
26579
26580
26582
26589
26597
26600
26610
26615
26618
26621
26625
26631
26634
26634
26637
26640
26643
26655
26656
26657
26667
26670
26671
26673
26674
26676
26676
26677
26688
26715
26718
26725
26727
26729
26729
26731
26732
26734
26737
26745
26745
26746
26746
26751
26753
26753
26773
26774
26775
26776
26779
26781
26791
26791
26792
26793
26797
26801
26802
26805
26808
26811
26812
26813
26824
26828
26836
26838
26839
26839
26842
26845
26852
26854
26858
26862
26864
26878
26879
26886
26888
26891
26899
26902
26910
26914
26915
26918
26919
26923
26925
26934
26936
26939
26944
26944
26945
26946
26949
26954
26961
26964
26967
26969
26972
26980
26983
26985
26986
26987
26988
26989
26990
26994
26999
27001
27007
27008
27014
27014
27022
27022
27023
27025
27035
27041
27041
27050
27053
27054
27057
27057
27062
27065
27066
27069
27073
27074
27085
27089
27089
27091
27093
27097
27104
27107
27110
27113
27114
27118
27118
27120
27121
27125
27127
27129
27134
27149
27150
27151
27153
27154
27156
27158
27160
27162
27163
27164
27168
27170
27171
27179
27179
27182
27186
27189
27192
27197
27200
27200
27201
27202
27203
27208
27218
27222
27227
27230
27230
27231
27253
27254
27257
27259
27261
27265
27268
27280
27284
27286
27288
27295
27300
27302
27310
27310
27325
27331
27332
27336
27338
27340
27343
27345
27345
27347
27349
27351
27351
27354
27356
27360
27361
27362
27366
27367
27367
27368
27368
27370
27372
27372
27372
27375
27379
27381
27382
27384
27389
27392
27392
27404
27405
27409
27411
27415
27418
27419
27420
27421
27436
27440
27443
27457
27459
27469
27474
27475
27484
27488
27491
27493
27495
27495
27500
27502
27508
27512
27515
27516
27517
27518
27527
27532
27536
27538
27540
27542
27544
27545
27546
27547
27552
27552
27555
27555
27558
27559
27562
27562
27562
27565
27567
27569
27569
27570
27584
27588
27589
27595
27595
27598
27599
27602
27606
27607
27607
27609
27609
27614
27615
27615
27617
27622
27622
27630
27632
27639
27641
27642
27644
27651
27654
27655
27660
27662
27662
27663
27663
27669
27678
27679
27684
27686
27686
27686
27688
27690
27692
27693
27694
27699
27703
27704
27707
27707
27710
27710
27711
27712
27713
27713
27714
27715
27717
27717
27719
27723
27725
27728
27730
27740
27741
27747
27750
27764
27767
27775
27781
27781
27783
27786
27787
27788
27789
27790
27792
27792
27796
27802
27809
27813
27817
27818
27821
27826
27833
27838
27840
27842
27845
27846
27847
27847
27849
27851
27858
27860
27861
27865
27866
27866
27868
27869
27870
27876
27881
27881
27882
27886
27887
27888
27891
27895
27895
27900
27906
27908
27912
27912
27915
27918
27920
27937
27938
27941
27945
27947
27951
27951
27952
27954
27960
27964
27965
27971
27972
27979
27979
27980
27983
27984
27986
27987
27995
28004
28006
28008
28012
28018
28022
28026
28026
28027
28028
28031
28036
28037
28040
28042
28049
28062
28069
28071
28074
28077
28078
28080
28080
28086
28088
28093
28097
28110
28113
28118
28118
28120
28123
28127
28128
28129
28129
28140
28142
28143
28148
28152
28154
28155
28162
28164
28168
28169
28172
28177
28182
28182
28196
28197
28203
28211
28212
28214
28218
28224
28224
28224
28229
28232
28234
28234
28237
28237
28240
28241
28246
28250
28250
28254
28254
28258
28264
28264
28266
28267
28268
28268
28268
28274
28276
28279
28286
28287
28288
28290
28290
28294
28295
28296
28299
28300
28302
28306
28307
28308
28309
28310
28310
28319
28328
28328
28334
28337
28339
28344
28346
28351
28353
28353
28356
28375
28383
28384
28394
28402
28403
28404
28408
28413
28422
28424
28425
28434
28439
28440
28441
28446
28453
28455
28456
28459
28463
28465
28465
28465
28466
28466
28474
28484
28485
28486
28487
28490
28503
28504
28508
28514
28517
28520
28520
28530
28533
28535
28537
28540
28547
28548
28553
28555
28556
28560
28563
28569
28572
28573
28583
28587
28591
28596
28605
28605
28609
28617
28619
28627
28628
28633
28634
28653
28664
28665
28674
28674
28686
28687
28696
28697
28698
28698
28698
28700
28701
28704
28710
28717
28726
28726
28726
28733
28733
28734
28738
28738
28742
28744
28745
28748
28748
28750
28754
28759
28761
28762
28762
28763
28765
28767
28768
28768
28769
28770
28773
28778
28782
28785
28793
28797
28802
28804
28805
28806
28809
28816
28819
28825
28829
28829
28831
28832
28842
28851
28853
28866
28870
28873
28877
28882
28883
28883
28890
28893
28894
28895
28896
28896
28897
28902
28907
28908
28911
28912
28916
28916
28926
28929
28933
28933
28935
28948
28951
28959
28961
28963
28973
28977
28980
28984
28986
28995
29000
29004
29005
29007
29007
29008
29012
29012
29024
29026
29027
29027
29028
29037
29038
29039
29045
29045
29050
29054
29058
29058
29059
29060
29066
29067
29068
29072
29075
29078
29080
29088
29094
29101
29102
29107
29109
29110
29110
29112
29118
29122
29123
29127
29132
29134
29134
29139
29142
29145
29146
29147
29149
29154
29158
29169
29175
29178
29180
29184
29188
29189
29199
29201
29203
29207
29208
29209
29209
29212
29216
29217
29219
29220
29220
29236
29236
29244
29244
29256
29257
29257
29259
29264
29265
29266
29274
29284
29287
29295
29303
29308
29310
29311
29312
29316
29318
29318
29323
29324
29342
29344
29354
29357
29358
29361
29371
29375
29387
29392
29397
29399
29411
29419
29419
29421
29429
29429
29430
29435
29435
29453
29457
29460
29464
29464
29469
29470
29476
29477
29481
29483
29485
29490
29499
29500
29501
29501
29502
29503
29505
29506
29506
29508
29509
29510
29511
29512
29512
29513
29517
29519
29521
29524
29525
29533
29534
29536
29539
29543
29544
29546
29549
29561
29570
29576
29579
29586
29595
29603
29608
29609
29611
29615
29616
29620
29629
29629
29630
29633
29634
29636
29637
29645
29646
29656
29659
29662
29663
29665
29673
29675
29680
29681
29683
29685
29690
29693
29697
29699
29699
29701
29725
29726
29730
29731
29738
29740
29747
29749
29760
29760
29766
29777
29782
29785
29785
29786
29788
29788
29793
29793
29793
29794
29798
29800
29804
29805
29807
29821
29822
29826
29827
29828
29829
29831
29832
29840
29842
29843
29843
29847
29851
29852
29854
29857
29859
29860
29864
29864
29876
29878
29879
29881
29887
29897
29898
29901
29905
29908
29912
29913
29915
29918
29922
29924
29927
29928
29937
29940
29944
29946
29954
29954
29960
29968
29971
29976
29978
29982
29989
29999
30005
30007
30008
30008
30010
30011
30015
30016
30020
30020
30028
30035
30039
30039
30040
30040
30041
30045
30046
30049
30054
30056
30057
30068
30069
30074
30074
30081
30085
30088
30096
30098
30098
30098
30104
30105
30118
30119
30123
30126
30127
30127
30132
30135
30147
30147
30148
30149
30151
30158
30159
30167
30172
30175
30177
30178
30179
30180
30181
30181
30201
30203
30204
30204
30222
30223
30223
30225
30231
30232
30232
30236
30237
30238
30238
30244
30248
30251
30252
30253
30258
30261
30265
30267
30273
30278
30279
30287
30288
30288
30289
30301
30302
30304
30316
30316
30318
30322
30324
30324
30326
30328
30331
30333
30333
30336
30338
30346
30348
30348
30348
30350
30358
30359
30359
30360
30361
30361
30363
30366
30368
30373
30377
30382
30387
30389
30408
30408
30413
30414
30414
30415
30424
30424
30426
30433
30436
30439
30444
30450
30454
30458
30463
30464
30464
30467
30468
30472
30473
30482
30482
30483
30486
30489
30490
30493
30495
30497
30498
30498
30502
30503
30508
30510
30510
30511
30512
30513
30514
30516
30531
30533
30537
30544
30547
30554
30557
30558
30559
30563
30571
30573
30576
30577
30580
30581
30581
30582
30582
30590
30594
30596
30602
30607
30609
30611
30611
30611
30612
30613
30616
30616
30623
30628
30628
30634
30635
30638
30639
30642
30650
30650
30651
30652
30653
30656
30657
30660
30660
30665
30665
30670
30676
30678
30685
30685
30687
30690
30692
30695
30698
30702
30702
30704
30707
30709
30711
30717
30720
30725
30725
30726
30728
30735
30742
30752
30753
30753
30754
30754
30758
30759
30761
30764
30765
30767
30771
30773
30776
30779
30790
30799
30800
30805
30806
30807
30807
30807
30810
30819
30826
30829
30829
30839
30840
30843
30851
30853
30855
30856
30862
30872
30873
30874
30875
30875
30878
30881
30882
30884
30890
30892
30892
30896
30896
30899
30908
30922
30927
30928
30928
30936
30942
30944
30945
30953
30960
30966
30973
30975
30977
30981
30981
30988
30991
30994
30996
30997
30998
31001
31003
31009
31014
31015
31017
31018
31028
31029
31030
31036
31039
31040
31041
31041
31042
31043
31045
31047
31053
31055
31056
31058
31059
31062
31068
31086
31086
31088
31091
31091
31097
31101
31108
31109
31110
31111
31111
31112
31115
31116
31120
31121
31122
31125
31126
31127
31129
31139
31139
31144
31151
31151
31155
31155
31156
31158
31169
31176
31190
31197
31199
31203
31205
31205
31207
31213
31216
31222
31223
31227
31227
31230
31231
31234
31238
31242
31243
31243
31246
31253
31255
31259
31259
31261
31262
31266
31274
31274
31278
31283
31286
31287
31291
31294
31294
31302
31311
31316
31322
31326
31327
31331
31341
31341
31341
31344
31347
31350
31355
31359
31368
31374
31382
31388
31391
31397
31401
31405
31406
31410
31411
31414
31417
31420
31426
31429
31436
31438
31445
31454
31456
31457
31457
31458
31458
31458
31459
31461
31464
31467
31473
31479
31487
31487
31491
31493
31494
31494
31495
31498
31500
31500
31504
31505
31505
31505
31514
31516
31519
31532
31532
31534
31534
31538
31546
31546
31548
31550
31551
31556
31557
31558
31561
31565
31565
31572
31573
31576
31578
31590
31590
31596
31605
31608
31610
31614
31621
31622
31623
31623
31625
31629
31633
31633
31639
31640
31647
31649
31650
31651
31651
31655
31659
31659
31660
31668
31678
31680
31682
31683
31687
31690
31692
31694
31706
31709
31710
31711
31712
31721
31727
31732
31733
31739
31740
31746
31750
31757
31758
31758
31759
31767
31773
31780
31786
31786
31789
31796
31800
31804
31806
31806
31813
31816
31817
31818
31820
31828
31829
31831
31833
31838
31840
31851
31865
31871
31871
31877
31886
31888
31888
31901
31902
31902
31902
31904
31910
31915
31915
31918
31919
31925
31925
31928
31944
31967
31970
31971
31978
31981
31983
31984
31985
31991
31996
31998
32002
32007
32010
32011
32013
32014
32015
32019
32033
32035
32035
32041
32045
32048
32048
32049
32053
32058
32060
32064
32067
32068
32069
32070
32070
32076
32080
32087
32093
32101
32102
32102
32103
32108
32111
32113
32117
32121
32129
32131
32140
32141
32142
32145
32147
32148
32150
32150
32166
32171
32175
32179
32180
32181
32181
32182
32185
32186
32187
32188
32189
32193
32196
32198
32199
32212
32216
32216
32222
32227
32228
32230
32236
32245
32251
32251
32254
32257
32258
32264
32264
32269
32270
32283
32289
32290
32292
32296
32297
32300
32301
32304
32305
32306
32307
32307
32309
32313
32314
32315
32332
32334
32334
32342
32345
32346
32349
32349
32356
32362
32364
32365
32370
32377
32378
32386
32393
32401
32401
32403
32407
32411
32411
32417
32417
32427
32430
32439
32444
32461
32466
32468
32471
32484
32485
32488
32489
32490
32491
32494
32499
32503
32504
32505
32507
32508
32511
32513
32513
32513
32518
32518
32520
32523
32524
32529
32545
32551
32552
32558
32559
32561
32564
32565
32573
32573
32573
32578
32579
32584
32593
32593
32596
32603
32603
32611
32615
32619
32621
32628
32630
32632
32633
32634
32635
32635
32638
32645
32650
32651
32652
32653
32660
32672
32673
32676
32677
32684
32685
32685
32685
32694
32696
32702
32706
32708
32718
32724
32733
32736
32737
32742
32743
32743
32748
32750
32751
32752
32753
32760
32761
32766

