1000

4
16
29
37
52
79
79
89
89
99
109
128
130
140
141
150
171
173
180
190
192
201
220
238
238
243
243
245
256
262
274
277
278
283
287
298
299
304
320
335
336
349
361
367
383
399
403
404
407
410
417
421
425
436
438
439
441
450
455
455
467
475
476
484
486
515
520
540
544
552
557
560
564
564
564
569
583
595
609
611
629
633
634
638
653
678
681
695
698
709
715
720
729
737
747
757
770
770
771
781
792
796
807
810
811
813
818
822
831
835
840
845
853
855
863
875
875
882
886
897
905
908
911
923
929
940
946
953
958
966
970
971
971
971
975
975
982
987
990
992
996
999
1002
1006
1013
1027
1031
1040
1048
1053
1055
1057
1057
1059
1063
1082
1083
1086
1089
1114
1129
1147
1157
1175
1193
1203
1207
1211
1214
1215
1234
1240
1251
1255
1268
1280
1283
1317
1320
1321
1336
1340
1341
1354
1366
1384
1388
1397
1403
1406
1420
1440
1445
1468
1469
1482
1493
1503
1503
1504
1505
1509
1516
1518
1519
1525
1538
1567
1580
1587
1593
1595
1599
1599
1600
1601
1606
1610
1614
1617
1620
1632
1634
1649
1651
1662
1681
1700
1704
1713
1718
1719
1719
1734
1735
1743
1747
1755
1756
1757
1760
1769
1785
1791
1796
1808
1822
1827
1841
1860
1861
1866
1879
1898
1939
1942
1947
1953
1955
1973
1973
1979
1986
1999
2011
2031
2050
2051
2061
2063
2063
2065
2091
2093
2094
2094
2111
2121
2128
2148
2161
2173
2174
2183
2185
2195
2203
2204
2208
2230
2233
2235
2249
2255
2257
2283
2319
2331
2341
2345
2355
2398
2404
2423
2425
2434
2441
2459
2465
2468
2475
2513
2516
2517
2533
2545
2548
2555
2556
2586
2598
2600
2602
2606
2614
2623
2634
2645
2655
2656
2671
2680
2698
2715
2730
2730
2735
2745
2748
2751
2760
2760
2771
2772
2774
2787
2789
2796
2801
2809
2816
2819
2820
2842
2843
2845
2864
2882
2883
2886
2911
2919
2922
2924
2940
3026
3027
3035
3047
3054
3058
3066
3072
3073
3083
3084
3130
3140
3152
3157
3158
3184
3184
3194
3202
3230
3296
3308
3317
3338
3345
3350
3356
3357
3379
3384
3398
3400
3406
3408
3410
3417
3425
3449
3450
3455
3478
3480
3487
3490
3496
3504
3511
3521
3523
3539
3579
3581
3586
3597
3608
3610
3614
3635
3641
3653
3659
3666
3671
3673
3678
3717
3731
3744
3747
3766
3768
3776
3791
3813
3822
3833
3863
3872
3877
3883
3903
3904
3954
3969
3971
3977
3981
3982
3984
3985
3986
3989
3990
3994
3999
4014
4018
4055
4080
4087
4115
4123
4128
4151
4164
4168
4177
4180
4187
4213
4224
4241
4250
4258
4278
4281
4288
4307
4336
4337
4338
4340
4347
4355
4356
4369
4377
4387
4405
4433
4433
4440
4452
4461
4469
4474
4491
4494
4501
4502
4522
4531
4536
4560
4569
4573
4581
4586
4607
4619
4632
4633
4652
4681
4689
4694
4707
4735
4747
4778
4779
4780
4804
4815
4837
4843
4844
4938
4941
4947
4951
4963
4965
4973
4977
4988
5007
5039
5048
5069
5084
5089
5089
5097
5101
5120
5125
5133
5145
5149
5154
5173
5179
5199
5204
5212
5227
5228
5229
5238
5238
5242
5244
5245
5247
5251
5306
5325
5328
5339
5348
5357
5367
5373
5373
5400
5406
5413
5426
5431
5439
5447
5453
5459
5478
5496
5501
5502
5505
5507
5511
5514
5532
5577
5607
5609
5612
5625
5626
5635
5649
5649
5651
5658
5664
5668
5670
5676
5679
5682
5689
5748
5748
5749
5750
5757
5784
5793
5809
5810
5841
5852
5892
5906
5919
5920
5942
5943
5964
5967
5968
5974
5995
6040
6047
6049
6058
6070
6071
6090
6131
6135
6144
6184
6187
6189
6200
6210
6237
6241
6248
6263
6294
6295
6302
6303
6308
6311
6318
6329
6356
6356
6368
6373
6391
6407
6424
6438
6446
6461
6480
6486
6493
6496
6503
6514
6542
6554
6572
6582
6587
6595
6617
6625
6627
6632
6640
6647
6651
6651
6657
6659
6667
6685
6712
6716
6717
6726
6731
6732
6763
6764
6772
6775
6789
6792
6798
6807
6808
6810
6816
6829
6844
6862
6875
6894
6905
6910
6915
6934
6952
6958
6968
6971
7016
7019
7026
7053
7059
7060
7063
7064
7069
7081
7121
7147
7169
7177
7188
7192
7208
7241
7254
7266
7290
7290
7294
7318
7327
7344
7367
7372
7377
7389
7403
7407
7408
7437
7441
7466
7475
7485
7485
7493
7503
7512
7518
7546
7548
7551
7640
7644
7663
7684
7691
7694
7698
7703
7723
7725
7729
7735
7754
7805
7811
7827
7830
7846
7850
7876
7879
7909
7915
7925
7926
7931
7934
7966
7975
7979
7979
8003
8010
8034
8037
8046
8046
8057
8069
8077
8080
8094
8105
8106
8122
8144
8147
8160
8162
8163
8171
8179
8188
8191
8196
8206
8211
8215
8226
8228
8249
8252
8274
8279
8288
8305
8325
8328
8341
8344
8371
8384
8394
8402
8412
8428
8488
8496
8515
8516
8518
8523
8525
8544
8545
8552
8571
8585
8596
8596
8604
8612
8621
8634
8649
8666
8687
8690
8705
8746
8750
8781
8782
8805
8809
8812
8816
8816
8826
8829
8838
8838
8841
8859
8863
8865
8884
8904
8905
8913
8913
8919
8922
8925
8935
8940
8940
8944
8952
8953
8954
8971
8971
8973
8979
8986
8987
9004
9010
9011
9017
9051
9074
9097
9102
9107
9117
9119
9131
9132
9138
9145
9174
9178
9231
9243
9248
9258
9287
9297
9299
9300
9305
9311
9322
9327
9340
9343
9360
9376
9378
9387
9387
9396
9414
9435
9439
9441
9448
9465
9468
9472
9475
9483
9518
9524
9529
9541
9547
9573
9590
9594
9613
9629
9631
9636
9639
9641
9653
9681
9702
9709
9743
9750
9774
9789
9814
9815
9819
9830
9866
9868
9893
9897
9898
9913
9922
9923
9944
9951
9954
9956
9971
9984

