10000

0
0
8
12
16
17
22
22
23
26
36
42
48
51
55
63
68
89
92
92
93
97
99
109
109
111
111
120
128
130
130
130
131
134
134
137
138
141
143
146
147
150
158
165
166
166
171
173
178
180
190
194
195
198
200
201
202
213
214
219
221
222
225
226
234
235
237
238
239
240
240
243
245
247
253
257
258
259
262
262
267
273
274
278
286
291
293
296
298
300
304
308
311
313
313
319
330
330
340
342
343
343
349
358
372
376
378
379
382
385
386
389
395
402
402
404
404
409
417
417
426
426
430
440
446
447
449
451
453
460
467
471
471
473
474
476
478
479
486
491
492
493
494
502
506
520
524
530
539
543
546
548
552
555
557
559
560
564
567
567
569
573
575
579
580
582
585
585
586
589
590
591
591
591
599
600
602
605
608
609
611
622
624
631
632
634
636
638
638
638
643
646
647
648
649
653
657
665
673
674
675
675
676
688
698
710
715
717
718
720
724
724
727
730
733
734
734
734
740
743
745
750
750
758
761
764
764
770
771
777
781
783
785
795
796
797
799
799
804
815
815
822
824
827
833
835
839
839
840
844
852
853
861
861
863
863
864
874
875
876
882
888
894
894
894
900
903
903
905
915
921
922
923
928
929
938
944
947
951
952
957
958
959
960
966
970
971
975
978
980
983
983
986
987
989
994
996
1003
1008
1008
1012
1012
1017
1023
1024
1024
1027
1030
1031
1037
1038
1039
1039
1042
1047
1051
1057
1059
1059
1063
1067
1070
1072
1072
1077
1086
1090
1091
1094
1096
1100
1104
1107
1107
1108
1108
1117
1118
1119
1124
1126
1130
1131
1137
1142
1143
1144
1145
1147
1147
1147
1150
1154
1157
1162
1164
1165
1166
1169
1172
1173
1174
1176
1179
1180
1193
1194
1196
1202
1202
1203
1207
1208
1212
1213
1217
1223
1233
1234
1234
1240
1240
1242
1242
1247
1249
1252
1253
1254
1256
1257
1259
1260
1261
1262
1264
1267
1268
1277
1280
1287
1291
1299
1303
1307
1309
1311
1312
1314
1315
1317
1323
1324
1325
1325
1328
1332
1335
1341
1345
1346
1346
1350
1352
1366
1369
1369
1370
1370
1372
1372
1372
1375
1376
1377
1379
1384
1388
1397
1397
1400
1406
1411
1419
1419
1420
1432
1445
1456
1456
1458
1473
1479
1483
1486
1486
1488
1493
1497
1499
1503
1503
1506
1507
1508
1509
1510
1512
1514
1518
1519
1523
1528
1530
1531
1537
1539
1540
1542
1548
1550
1556
1566
1573
1580
1582
1583
1583
1587
1593
1594
1598
1601
1604
1606
1611
1613
1615
1619
1620
1621
1624
1627
1628
1630
1632
1634
1642
1643
1643
1647
1649
1658
1659
1660
1662
1664
1665
1681
1682
1683
1687
1688
1689
1695
1697
1698
1700
1703
1704
1704
1706
1709
1711
1722
1725
1727
1728
1728
1733
1734
1735
1743
1743
1744
1750
1751
1752
1755
1757
1758
1759
1762
1765
1770
1771
1773
1776
1778
1779
1788
1789
1791
1792
1792
1792
1794
1796
1799
1808
1812
1818
1819
1822
1822
1827
1831
1831
1831
1837
1838
1840
1843
1848
1851
1851
1853
1855
1856
1859
1859
1861
1863
1874
1874
1877
1877
1879
1884
1886
1886
1895
1896
1910
1911
1915
1925
1927
1929
1930
1931
1931
1933
1934
1939
1945
1947
1949
1953
1954
1957
1962
1973
1975
1986
1991
1992
1993
1997
1999
1999
2002
2003
2003
2006
2018
2020
2023
2024
2027
2028
2029
2030
2031
2031
2034
2034
2035
2036
2041
2041
2042
2045
2055
2056
2058
2061
2066
2066
2067
2088
2093
2094
2100
2102
2105
2110
2111
2125
2127
2132
2134
2134
2141
2142
2142
2145
2152
2153
2153
2158
2158
2162
2169
2171
2172
2175
2176
2184
2184
2184
2185
2189
2190
2191
2192
2193
2194
2198
2199
2202
2207
2209
2213
2215
2215
2216
2219
2228
2230
2234
2236
2238
2239
2250
2251
2256
2256
2263
2269
2269
2275
2276
2283
2288
2290
2296
2300
2301
2302
2304
2306
2308
2313
2315
2319
2319
2319
2323
2323
2326
2331
2335
2339
2340
2341
2343
2346
2347
2348
2352
2355
2359
2363
2367
2367
2368
2374
2374
2384
2388
2391
2393
2394
2397
2398
2400
2400
2401
2403
2407
2413
2426
2430
2431
2431
2435
2440
2445
2453
2457
2460
2465
2466
2467
2467
2471
2475
2480
2481
2484
2484
2497
2499
2508
2512
2513
2515
2518
2519
2522
2531
2533
2534
2539
2541
2544
2545
2548
2549
2553
2553
2554
2556
2557
2565
2568
2569
2571
2576
2596
2597
2602
2605
2606
2610
2612
2619
2622
2624
2627
2630
2630
2632
2634
2639
2645
2655
2656
2656
2658
2658
2659
2660
2661
2664
2669
2671
2673
2675
2678
2686
2688
2688
2690
2691
2693
2700
2715
2717
2717
2718
2719
2728
2731
2736
2737
2738
2744
2747
2748
2749
2750
2754
2757
2759
2761
2762
2763
2771
2772
2777
2778
2779
2785
2785
2787
2788
2789
2789
2794
2797
2800
2807
2809
2812
2815
2825
2830
2831
2832
2842
2843
2845
2847
2853
2853
2862
2867
2868
2869
2871
2874
2875
2875
2876
2878
2878
2882
2883
2884
2889
2890
2891
2896
2898
2898
2899
2902
2903
2904
2905
2907
2911
2917
2917
2924
2924
2927
2935
2936
2940
2941
2951
2955
2961
2965
2977
2979
2983
2984
2987
3001
3014
3024
3029
3030
3033
3041
3046
3047
3049
3049
3050
3054
3054
3059
3063
3065
3066
3079
3083
3091
3095
3098
3114
3116
3118
3120
3123
3123
3123
3124
3128
3130
3137
3138
3141
3145
3150
3156
3157
3161
3166
3169
3169
3173
3177
3180
3180
3185
3186
3187
3189
3192
3194
3195
3200
3202
3203
3206
3206
3211
3212
3213
3214
3224
3229
3232
3232
3241
3244
3251
3254
3254
3258
3262
3265
3267
3273
3273
3279
3281
3282
3298
3299
3299
3302
3311
3317
3317
3320
3330
3336
3339
3340
3342
3349
3350
3354
3357
3359
3360
3362
3362
3364
3365
3370
3371
3377
3379
3382
3384
3387
3394
3398
3398
3404
3406
3408
3415
3416
3421
3426
3427
3432
3438
3440
3446
3450
3454
3456
3460
3463
3466
3467
3473
3473
3478
3480
3485
3490
3496
3499
3506
3507
3507
3511
3511
3513
3514
3516
3521
3525
3526
3528
3533
3533
3536
3536
3539
3543
3544
3557
3559
3563
3564
3571
3572
3573
3574
3578
3582
3584
3586
3589
3603
3605
3613
3627
3635
3637
3640
3641
3641
3646
3646
3653
3670
3671
3671
3675
3677
3685
3686
3693
3695
3696
3697
3698
3700
3702
3704
3705
3712
3713
3717
3717
3722
3725
3725
3727
3727
3728
3731
3744
3747
3749
3752
3753
3757
3758
3762
3766
3766
3766
3768
3770
3770
3773
3775
3776
3783
3791
3791
3796
3796
3806
3810
3813
3821
3822
3822
3823
3832
3834
3834
3834
3835
3837
3840
3841
3843
3844
3849
3850
3853
3854
3867
3872
3880
3881
3882
3884
3885
3893
3894
3899
3904
3904
3906
3908
3910
3913
3914
3914
3917
3919
3924
3925
3927
3930
3932
3934
3934
3943
3945
3946
3949
3958
3962
3969
3971
3973
3977
3978
3980
3981
3984
3985
3988
3988
3989
3990
3993
3993
3994
3999
4001
4011
4014
4017
4018
4031
4033
4033
4035
4043
4044
4045
4045
4049
4055
4055
4056
4058
4067
4073
4074
4079
4080
4096
4097
4098
4099
4102
4107
4113
4120
4120
4132
4150
4157
4157
4158
4162
4163
4166
4171
4177
4182
4187
4189
4194
4198
4205
4206
4214
4217
4218
4223
4225
4228
4232
4233
4236
4237
4241
4243
4245
4246
4250
4253
4254
4256
4259
4261
4262
4263
4269
4273
4275
4278
4279
4279
4280
4283
4285
4289
4290
4296
4296
4298
4301
4322
4324
4332
4332
4336
4338
4340
4340
4341
4346
4350
4353
4355
4358
4359
4361
4364
4369
4374
4376
4383
4385
4385
4387
4391
4391
4392
4392
4406
4413
4419
4419
4420
4426
4426
4426
4434
4436
4439
4440
4440
4440
4445
4448
4450
4451
4453
4457
4463
4469
4477
4477
4481
4481
4483
4485
4486
4487
4487
4492
4505
4506
4506
4507
4514
4526
4528
4531
4536
4549
4551
4557
4560
4560
4560
4561
4568
4573
4575
4576
4577
4580
4581
4586
4587
4589
4600
4604
4613
4614
4615
4615
4619
4619
4622
4622
4628
4629
4629
4632
4632
4633
4633
4633
4636
4639
4640
4640
4642
4643
4647
4649
4650
4652
4654
4654
4655
4670
4673
4677
4680
4682
4686
4688
4692
4694
4696
4699
4702
4705
4708
4709
4710
4712
4713
4722
4723
4724
4728
4731
4734
4735
4747
4751
4753
4753
4758
4758
4765
4766
4768
4769
4777
4780
4780
4788
4790
4792
4795
4805
4807
4813
4814
4815
4816
4817
4825
4831
4833
4835
4839
4840
4841
4842
4843
4844
4845
4848
4855
4856
4868
4873
4874
4876
4877
4877
4883
4888
4898
4900
4901
4905
4909
4911
4914
4915
4920
4920
4924
4925
4932
4932
4938
4941
4943
4945
4947
4948
4949
4955
4960
4963
4963
4965
4966
4973
4977
4978
4982
4982
4996
4998
4998
4999
5001
5001
5003
5007
5009
5015
5015
5019
5021
5023
5031
5034
5038
5041
5043
5047
5048
5052
5055
5055
5056
5059
5059
5061
5067
5069
5069
5075
5075
5078
5081
5083
5084
5086
5087
5091
5097
5098
5100
5101
5107
5111
5112
5114
5115
5119
5125
5126
5130
5132
5133
5133
5135
5136
5140
5150
5153
5154
5154
5159
5163
5172
5172
5177
5178
5182
5186
5196
5197
5201
5202
5204
5204
5212
5215
5228
5228
5232
5238
5245
5248
5251
5257
5262
5264
5266
5273
5273
5276
5277
5277
5278
5280
5280
5280
5281
5289
5291
5292
5295
5303
5303
5306
5311
5315
5322
5324
5328
5331
5336
5339
5348
5357
5357
5374
5377
5377
5386
5392
5403
5406
5414
5414
5415
5423
5434
5438
5439
5441
5443
5450
5452
5454
5454
5455
5467
5468
5470
5471
5472
5473
5478
5484
5485
5487
5496
5499
5500
5501
5502
5516
5519
5525
5526
5527
5532
5536
5538
5541
5545
5546
5555
5560
5571
5575
5577
5577
5579
5579
5587
5592
5593
5593
5607
5609
5626
5630
5644
5649
5651
5659
5660
5666
5667
5667
5667
5671
5671
5674
5676
5679
5682
5691
5697
5705
5711
5712
5714
5715
5723
5726
5741
5745
5748
5748
5748
5752
5757
5757
5758
5759
5761
5761
5767
5768
5772
5774
5784
5787
5798
5800
5801
5810
5818
5819
5827
5829
5835
5838
5840
5841
5842
5843
5848
5852
5854
5856
5858
5861
5873
5876
5882
5883
5885
5885
5892
5896
5897
5899
5900
5904
5906
5914
5916
5916
5919
5920
5923
5923
5925
5927
5929
5930
5942
5943
5943
5944
5947
5948
5949
5950
5951
5952
5953
5953
5954
5960
5974
5977
5977
5982
5986
5986
5988
5997
6000
6002
6005
6012
6013
6018
6019
6023
6028
6033
6047
6048
6050
6050
6057
6061
6062
6066
6068
6072
6073
6074
6075
6079
6090
6092
6100
6100
6107
6108
6114
6117
6128
6134
6140
6145
6145
6157
6158
6163
6184
6184
6186
6193
6200
6209
6210
6210
6214
6215
6219
6220
6225
6229
6230
6233
6237
6239
6243
6245
6246
6248
6248
6251
6256
6260
6263
6265
6266
6274
6277
6281
6286
6291
6298
6298
6302
6302
6305
6307
6309
6312
6317
6318
6319
6322
6326
6335
6335
6336
6339
6343
6356
6357
6361
6361
6363
6369
6369
6372
6373
6373
6376
6389
6391
6391
6405
6407
6408
6409
6409
6416
6417
6417
6421
6424
6425
6434
6438
6439
6442
6443
6446
6449
6449
6463
6469
6470
6475
6480
6484
6493
6498
6501
6504
6508
6513
6517
6522
6524
6527
6528
6530
6532
6533
6534
6541
6554
6562
6565
6571
6572
6574
6577
6582
6584
6589
6593
6603
6608
6609
6614
6617
6620
6627
6628
6629
6636
6638
6641
6647
6650
6651
6651
6656
6659
6659
6661
6667
6674
6680
6681
6691
6694
6701
6702
6705
6706
6712
6713
6714
6717
6720
6730
6730
6731
6731
6734
6734
6736
6738
6740
6741
6743
6747
6747
6749
6751
6762
6764
6768
6772
6772
6776
6790
6793
6795
6801
6802
6802
6804
6805
6808
6809
6809
6810
6813
6815
6815
6818
6818
6819
6819
6820
6826
6829
6830
6831
6844
6844
6849
6859
6860
6860
6863
6863
6863
6865
6868
6875
6875
6888
6889
6902
6902
6904
6908
6913
6915
6917
6919
6925
6928
6928
6930
6932
6933
6934
6936
6937
6939
6943
6948
6952
6952
6953
6962
6968
6969
6970
6972
6974
6982
6985
6991
6995
6996
7006
7007
7015
7021
7025
7025
7027
7031
7032
7047
7048
7053
7053
7059
7064
7069
7069
7069
7070
7070
7072
7075
7081
7084
7087
7088
7089
7098
7098
7100
7101
7103
7106
7109
7111
7111
7117
7119
7120
7121
7125
7130
7134
7136
7139
7140
7141
7144
7144
7150
7151
7152
7154
7156
7164
7166
7168
7176
7179
7185
7189
7192
7199
7201
7204
7209
7211
7211
7211
7217
7224
7234
7235
7237
7237
7240
7244
7246
7247
7250
7251
7252
7253
7254
7259
7263
7265
7265
7267
7269
7271
7278
7278
7279
7290
7291
7294
7294
7295
7299
7306
7306
7307
7307
7307
7314
7317
7320
7327
7336
7337
7337
7340
7341
7344
7347
7350
7355
7358
7365
7367
7369
7373
7374
7375
7376
7377
7378
7385
7389
7389
7390
7393
7405
7408
7421
7423
7428
7429
7429
7433
7437
7443
7463
7463
7464
7465
7466
7477
7482
7484
7485
7485
7486
7487
7493
7496
7499
7503
7508
7509
7513
7516
7522
7526
7530
7534
7537
7538
7547
7549
7554
7560
7561
7563
7564
7564
7567
7571
7573
7581
7582
7585
7593
7597
7599
7601
7613
7618
7622
7629
7632
7634
7635
7635
7641
7645
7646
7648
7653
7664
7666
7672
7673
7674
7680
7682
7684
7689
7691
7693
7694
7694
7694
7698
7698
7703
7703
7704
7705
7707
7708
7720
7721
7725
7727
7730
7731
7733
7735
7736
7743
7743
7746
7748
7754
7768
7770
7770
7773
7788
7789
7800
7802
7808
7810
7811
7814
7814
7820
7822
7825
7826
7830
7834
7835
7842
7843
7844
7844
7844
7851
7852
7852
7853
7854
7858
7859
7862
7864
7864
7869
7870
7870
7876
7878
7882
7891
7892
7893
7893
7895
7898
7900
7902
7903
7909
7909
7909
7912
7916
7918
7924
7924
7925
7927
7930
7931
7931
7934
7935
7935
7938
7948
7959
7960
7972
7973
7973
7975
7977
7979
7979
7987
7988
7989
7991
7992
7995
7999
8003
8007
8009
8010
8013
8019
8022
8023
8026
8033
8034
8039
8046
8053
8053
8055
8063
8064
8064
8065
8066
8066
8069
8069
8072
8075
8076
8077
8079
8083
8092
8095
8103
8103
8104
8105
8105
8107
8108
8115
8118
8122
8129
8129
8129
8131
8140
8143
8159
8160
8160
8161
8166
8172
8172
8178
8186
8187
8188
8191
8192
8194
8200
8201
8205
8207
8207
8210
8211
8215
8228
8230
8233
8233
8234
8234
8248
8249
8252
8256
8257
8258
8261
8268
8268
8269
8274
8291
8291
8294
8295
8302
8304
8305
8314
8324
8324
8328
8328
8330
8330
8331
8336
8338
8338
8339
8340
8345
8348
8350
8350
8351
8354
8358
8358
8363
8364
8378
8383
8384
8384
8385
8389
8389
8390
8391
8392
8394
8394
8395
8402
8405
8407
8410
8415
8417
8419
8422
8432
8432
8436
8442
8443
8443
8446
8449
8450
8458
8459
8465
8471
8474
8475
8476
8478
8481
8492
8494
8504
8509
8511
8514
8517
8519
8520
8520
8522
8523
8526
8531
8534
8536
8539
8546
8548
8549
8552
8552
8566
8567
8570
8572
8573
8581
8582
8583
8589
8591
8594
8596
8597
8598
8598
8604
8604
8607
8610
8613
8615
8615
8617
8617
8618
8620
8620
8629
8629
8634
8635
8649
8650
8651
8657
8662
8679
8683
8690
8690
8695
8696
8697
8701
8707
8711
8714
8726
8726
8729
8730
8730
8735
8741
8743
8748
8750
8753
8760
8762
8762
8765
8769
8770
8775
8777
8778
8779
8782
8786
8792
8800
8803
8807
8810
8812
8816
8817
8829
8829
8837
8842
8853
8854
8856
8859
8860
8863
8865
8875
8875
8884
8887
8893
8904
8904
8904
8907
8907
8908
8911
8912
8915
8920
8922
8923
8930
8935
8945
8951
8956
8963
8964
8966
8969
8969
8980
8985
8986
8993
8997
8997
8998
8998
9004
9011
9015
9018
9018
9025
9027
9034
9037
9037
9040
9044
9049
9051
9053
9055
9056
9058
9064
9064
9066
9073
9076
9076
9077
9088
9094
9098
9099
9102
9114
9117
9122
9122
9126
9127
9128
9131
9132
9133
9137
9138
9138
9145
9145
9155
9158
9161
9161
9163
9164
9167
9167
9167
9167
9168
9173
9175
9182
9185
9201
9202
9208
9210
9214
9215
9216
9225
9230
9232
9235
9243
9243
9243
9245
9248
9250
9250
9250
9250
9256
9256
9265
9269
9269
9271
9271
9271
9277
9279
9279
9279
9280
9283
9293
9294
9300
9303
9305
9305
9308
9311
9311
9314
9319
9327
9327
9328
9330
9332
9333
9340
9348
9348
9349
9353
9360
9364
9369
9371
9377
9384
9387
9388
9393
9393
9395
9397
9397
9402
9409
9415
9416
9419
9421
9422
9423
9423
9424
9426
9426
9426
9428
9429
9431
9432
9435
9435
9436
9437
9439
9439
9446
9447
9447
9448
9450
9455
9455
9456
9459
9461
9461
9461
9462
9463
9468
9469
9472
9474
9474
9474
9482
9482
9483
9484
9485
9486
9487
9495
9501
9502
9507
9509
9512
9525
9537
9547
9547
9547
9549
9553
9558
9560
9564
9570
9575
9576
9577
9580
9584
9584
9585
9586
9587
9591
9600
9601
9605
9610
9613
9613
9623
9624
9625
9626
9633
9635
9638
9638
9639
9641
9643
9648
9650
9652
9653
9653
9655
9663
9664
9666
9668
9676
9677
9681
9683
9684
9692
9699
9702
9702
9703
9705
9706
9708
9714
9715
9719
9725
9734
9736
9742
9747
9748
9753
9754
9760
9761
9764
9776
9783
9785
9788
9789
9794
9813
9815
9819
9820
9821
9824
9835
9836
9837
9840
9855
9859
9859
9861
9865
9866
9870
9873
9880
9882
9882
9885
9899
9900
9905
9907
9909
9912
9914
9919
9924
9937
9942
9943
9944
9951
9951
9956
9957
9963
9964
9965
9966
9978
9979
9994
9994
9996
10004
10008
10008
10015
10016
10028
10031
10037
10041
10041
10043
10045
10047
10047
10047
10048
10050
10050
10058
10059
10060
10069
10072
10077
10081
10084
10087
10089
10090
10096
10096
10097
10098
10099
10099
10105
10107
10120
10122
10127
10138
10140
10143
10148
10156
10156
10158
10166
10171
10173
10175
10180
10181
10184
10187
10190
10195
10197
10200
10204
10204
10217
10220
10221
10223
10224
10226
10230
10237
10240
10244
10245
10247
10256
10263
10264
10264
10270
10273
10273
10276
10278
10278
10283
10283
10296
10301
10305
10307
10311
10313
10313
10314
10320
10328
10332
10335
10336
10342
10346
10347
10347
10351
10362
10371
10372
10376
10376
10376
10386
10386
10399
10402
10403
10404
10409
10410
10423
10423
10425
10430
10435
10440
10441
10442
10450
10450
10455
10455
10456
10459
10463
10464
10466
10471
10472
10475
10476
10477
10483
10483
10499
10502
10514
10518
10519
10521
10522
10524
10531
10531
10534
10535
10539
10540
10545
10547
10547
10548
10557
10558
10562
10563
10563
10564
10565
10566
10574
10579
10583
10593
10599
10599
10602
10603
10604
10609
10615
10616
10617
10623
10625
10626
10628
10633
10634
10636
10640
10649
10650
10650
10658
10659
10662
10665
10665
10667
10668
10671
10671
10680
10681
10689
10692
10705
10708
10709
10711
10714
10715
10716
10716
10718
10723
10724
10729
10730
10732
10736
10739
10744
10744
10747
10751
10751
10756
10757
10758
10761
10762
10773
10780
10781
10781
10784
10792
10792
10795
10796
10797
10803
10807
10811
10813
10824
10825
10830
10831
10834
10835
10839
10841
10853
10854
10855
10858
10860
10865
10866
10872
10872
10879
10882
10891
10892
10893
10894
10894
10895
10897
10900
10901
10902
10909
10911
10917
10920
10921
10922
10923
10923
10925
10928
10935
10939
10946
10946
10951
10952
10955
10956
10959
10959
10959
10960
10960
10970
10971
10976
10977
10988
10999
10999
11000
11004
11006
11007
11010
11013
11014
11020
11029
11035
11036
11043
11053
11055
11057
11062
11063
11063
11066
11075
11077
11081
11089
11090
11091
11095
11096
11097
11097
11100
11103
11104
11107
11109
11110
11110
11112
11124
11127
11130
11134
11135
11135
11137
11139
11140
11144
11146
11149
11158
11163
11166
11170
11174
11180
11182
11182
11182
11188
11191
11194
11196
11197
11199
11201
11203
11204
11206
11207
11208
11211
11214
11217
11223
11224
11224
11228
11234
11242
11244
11246
11247
11247
11249
11251
11251
11252
11255
11256
11258
11259
11260
11265
11268
11269
11271
11279
11279
11281
11285
11287
11290
11292
11295
11299
11299
11300
11303
11305
11306
11306
11314
11327
11336
11337
11339
11342
11349
11349
11352
11354
11354
11362
11366
11366
11370
11372
11372
11373
11374
11374
11376
11376
11385
11387
11389
11395
11396
11396
11401
11404
11410
11412
11415
11416
11416
11416
11419
11422
11422
11424
11427
11427
11428
11432
11437
11438
11440
11441
11443
11444
11445
11455
11457
11459
11461
11476
11479
11482
11485
11499
11503
11504
11504
11504
11505
11505
11508
11511
11513
11520
11526
11530
11534
11536
11538
11540
11541
11557
11561
11562
11565
11566
11570
11572
11575
11575
11578
11583
11584
11586
11590
11591
11593
11599
11616
11619
11622
11630
11630
11635
11636
11643
11645
11651
11652
11655
11657
11658
11658
11659
11659
11661
11662
11662
11664
11670
11672
11673
11674
11676
11677
11677
11680
11687
11688
11696
11699
11699
11701
11705
11706
11713
11719
11719
11719
11724
11725
11731
11736
11739
11747
11749
11749
11750
11751
11753
11755
11764
11765
11772
11777
11778
11778
11780
11780
11782
11782
11785
11789
11800
11801
11803
11805
11806
11810
11810
11811
11812
11816
11819
11826
11829
11838
11841
11847
11849
11854
11855
11859
11866
11870
11872
11873
11877
11882
11898
11898
11904
11904
11906
11915
11918
11922
11929
11932
11936
11939
11939
11940
11952
11954
11959
11959
11960
11960
11961
11961
11962
11965
11966
11967
11971
11973
11979
11980
11981
11981
11981
11983
11991
11992
11999
11999
12004
12010
12011
12013
12013
12015
12018
12018
12020
12025
12032
12037
12037
12049
12050
12055
12062
12065
12067
12075
12081
12087
12094
12097
12099
12105
12106
12108
12109
12110
12115
12116
12117
12120
12121
12125
12129
12144
12146
12148
12149
12151
12157
12158
12167
12170
12176
12176
12177
12179
12180
12187
12188
12200
12204
12205
12205
12214
12215
12224
12230
12231
12233
12234
12235
12239
12240
12250
12251
12254
12263
12273
12276
12276
12284
12285
12304
12312
12313
12318
12319
12320
12327
12327
12335
12345
12346
12348
12349
12349
12352
12358
12361
12361
12367
12368
12381
12386
12397
12404
12406
12410
12416
12416
12419
12423
12425
12430
12434
12436
12442
12450
12451
12453
12456
12457
12459
12460
12460
12466
12475
12480
12483
12490
12497
12499
12501
12507
12510
12510
12510
12513
12517
12521
12523
12524
12526
12528
12530
12546
12552
12553
12553
12556
12557
12559
12561
12565
12567
12568
12570
12571
12573
12573
12577
12592
12600
12601
12601
12606
12608
12614
12616
12616
12620
12624
12626
12639
12642
12644
12647
12655
12656
12662
12663
12665
12666
12670
12674
12691
12695
12698
12698
12705
12709
12712
12715
12716
12718
12724
12727
12735
12736
12739
12743
12744
12744
12746
12748
12750
12751
12756
12760
12760
12763
12772
12774
12776
12777
12778
12789
12792
12799
12801
12802
12806
12809
12818
12820
12821
12822
12822
12825
12826
12830
12831
12832
12834
12834
12836
12837
12844
12845
12852
12858
12860
12860
12864
12865
12869
12876
12877
12878
12884
12886
12892
12899
12899
12906
12908
12914
12919
12923
12931
12933
12934
12934
12941
12942
12945
12946
12948
12949
12962
12966
12972
12979
12980
12992
12993
12998
13009
13012
13017
13020
13021
13023
13026
13027
13031
13035
13035
13036
13041
13043
13049
13053
13054
13056
13058
13064
13064
13069
13072
13072
13073
13102
13110
13110
13114
13120
13122
13122
13124
13127
13133
13133
13137
13137
13139
13143
13145
13145
13146
13148
13152
13158
13161
13162
13165
13166
13166
13166
13168
13168
13169
13174
13175
13176
13188
13190
13196
13197
13203
13205
13205
13210
13212
13216
13217
13218
13223
13225
13226
13230
13232
13234
13245
13247
13248
13259
13263
13264
13267
13268
13269
13269
13270
13271
13276
13278
13284
13288
13289
13289
13292
13295
13298
13307
13308
13309
13315
13328
13333
13334
13338
13339
13341
13345
13347
13349
13350
13351
13356
13357
13368
13373
13376
13378
13380
13384
13386
13387
13388
13400
13401
13403
13406
13418
13419
13419
13422
13422
13424
13429
13431
13439
13440
13441
13442
13443
13445
13446
13449
13450
13459
13462
13467
13474
13474
13476
13489
13492
13499
13500
13502
13509
13510
13511
13513
13514
13515
13520
13522
13522
13523
13530
13535
13536
13537
13540
13542
13546
13553
13559
13561
13561
13568
13577
13578
13578
13580
13581
13582
13587
13588
13594
13597
13598
13603
13606
13608
13610
13611
13613
13617
13618
13623
13626
13628
13633
13635
13636
13639
13640
13647
13647
13655
13658
13659
13659
13661
13664
13665
13668
13671
13671
13673
13676
13676
13685
13685
13686
13699
13703
13703
13705
13712
13716
13717
13717
13729
13730
13734
13741
13743
13748
13750
13750
13755
13762
13762
13763
13766
13768
13774
13776
13778
13782
13784
13784
13786
13788
13789
13789
13799
13800
13803
13807
13810
13812
13813
13823
13827
13833
13835
13837
13848
13848
13848
13850
13851
13857
13860
13862
13867
13868
13869
13876
13876
13883
13883
13886
13898
13901
13903
13906
13911
13912
13916
13922
13922
13926
13935
13936
13946
13948
13954
13957
13958
13961
13964
13965
13967
13970
13971
13972
13986
13986
13992
14001
14008
14008
14009
14011
14013
14014
14019
14019
14022
14022
14023
14023
14039
14040
14040
14049
14051
14052
14070
14075
14075
14076
14081
14085
14085
14091
14091
14091
14092
14094
14095
14100
14104
14109
14127
14127
14128
14129
14137
14140
14144
14152
14155
14159
14166
14168
14168
14169
14179
14180
14182
14188
14194
14198
14203
14207
14208
14209
14213
14214
14217
14221
14223
14227
14229
14230
14231
14232
14240
14244
14244
14244
14253
14258
14259
14261
14265
14265
14267
14268
14277
14279
14279
14280
14281
14283
14288
14290
14295
14303
14303
14304
14314
14317
14319
14321
14322
14323
14324
14324
14325
14331
14337
14339
14340
14341
14343
14347
14352
14354
14356
14356
14358
14358
14359
14370
14372
14375
14376
14377
14381
14383
14383
14390
14392
14393
14393
14396
14398
14400
14405
14408
14411
14413
14414
14414
14415
14416
14419
14420
14421
14424
14425
14425
14430
14447
14448
14449
14452
14453
14461
14468
14474
14476
14478
14478
14479
14481
14482
14488
14490
14491
14495
14496
14500
14502
14503
14504
14505
14506
14517
14517
14519
14522
14522
14528
14535
14543
14545
14545
14553
14553
14559
14561
14564
14574
14574
14575
14578
14579
14580
14584
14587
14602
14603
14604
14607
14608
14609
14612
14621
14628
14630
14631
14631
14634
14642
14643
14643
14645
14646
14652
14652
14653
14654
14655
14655
14658
14667
14669
14675
14685
14687
14688
14689
14695
14697
14700
14701
14702
14707
14707
14729
14731
14733
14733
14733
14733
14734
14735
14736
14740
14742
14743
14747
14753
14754
14757
14761
14764
14768
14769
14775
14778
14778
14780
14784
14785
14791
14798
14814
14818
14826
14829
14836
14837
14839
14839
14845
14848
14853
14854
14857
14864
14867
14869
14872
14876
14877
14879
14880
14880
14882
14885
14886
14891
14896
14896
14897
14901
14905
14906
14907
14912
14913
14916
14917
14922
14922
14924
14933
14935
14936
14938
14941
14942
14948
14949
14960
14960
14964
14967
14971
14980
14989
14990
14994
14995
14997
14998
14998
14998
14998
15000
15001
15009
15009
15014
15020
15022
15025
15025
15025
15036
15038
15039
15040
15042
15046
15046
15048
15049
15058
15069
15069
15074
15075
15089
15090
15091
15093
15093
15096
15103
15103
15110
15115
15120
15123
15123
15125
15126
15127
15128
15128
15132
15132
15135
15136
15139
15142
15144
15147
15149
15151
15151
15156
15160
15166
15169
15172
15176
15180
15191
15192
15194
15196
15197
15202
15205
15209
15211
15213
15214
15216
15217
15229
15229
15231
15234
15237
15238
15242
15245
15245
15245
15246
15247
15249
15250
15251
15254
15259
15260
15262
15266
15270
15272
15272
15280
15281
15285
15285
15289
15292
15298
15302
15306
15312
15313
15316
15323
15325
15331
15335
15339
15345
15347
15349
15350
15357
15360
15362
15363
15371
15373
15376
15377
15380
15381
15384
15389
15391
15398
15399
15400
15407
15407
15409
15412
15413
15413
15416
15417
15419
15420
15422
15424
15428
15429
15431
15432
15442
15450
15453
15455
15457
15459
15459
15462
15465
15466
15470
15472
15478
15482
15485
15488
15489
15494
15502
15504
15505
15507
15508
15508
15509
15511
15513
15518
15534
15537
15539
15540
15544
15547
15548
15549
15552
15552
15571
15572
15575
15578
15579
15581
15588
15589
15589
15590
15590
15593
15596
15602
15602
15608
15610
15612
15613
15614
15619
15621
15621
15626
15630
15634
15635
15638
15645
15650
15650
15651
15653
15654
15656
15658
15662
15670
15670
15676
15676
15678
15679
15679
15680
15685
15689
15691
15692
15696
15696
15699
15702
15702
15707
15709
15718
15721
15722
15723
15724
15724
15725
15727
15734
15736
15739
15740
15742
15744
15745
15747
15749
15750
15757
15770
15774
15775
15775
15782
15784
15787
15790
15793
15794
15795
15801
15803
15809
15823
15823
15826
15830
15830
15832
15845
15846
15847
15853
15854
15856
15856
15859
15864
15865
15866
15868
15871
15875
15875
15879
15880
15880
15882
15887
15889
15892
15892
15893
15894
15897
15910
15912
15915
15916
15916
15919
15920
15926
15930
15930
15933
15937
15937
15951
15953
15954
15955
15959
15960
15971
15974
15976
15976
15981
15982
15987
15995
15995
15999
16001
16001
16004
16006
16006
16011
16012
16017
16019
16021
16022
16031
16031
16031
16034
16035
16040
16047
16047
16049
16049
16049
16051
16051
16051
16054
16057
16057
16058
16058
16062
16062
16065
16066
16066
16075
16077
16078
16081
16082
16082
16088
16089
16105
16118
16120
16126
16130
16130
16132
16136
16140
16145
16147
16148
16153
16153
16154
16163
16169
16171
16179
16181
16183
16187
16187
16189
16197
16200
16201
16203
16209
16211
16219
16226
16228
16230
16236
16237
16237
16247
16272
16273
16274
16275
16276
16289
16290
16294
16295
16295
16295
16303
16303
16306
16308
16310
16313
16320
16323
16329
16330
16337
16338
16344
16351
16356
16358
16360
16365
16368
16381
16382
16388
16390
16392
16392
16399
16414
16414
16420
16422
16428
16430
16431
16432
16434
16434
16441
16442
16443
16445
16448
16456
16461
16461
16474
16476
16479
16481
16482
16483
16487
16488
16491
16491
16492
16496
16499
16499
16503
16503
16505
16505
16505
16505
16507
16509
16511
16512
16514
16516
16517
16519
16520
16521
16521
16521
16522
16524
16525
16530
16534
16535
16539
16541
16549
16553
16556
16568
16577
16581
16587
16589
16590
16592
16594
16595
16596
16597
16597
16602
16604
16605
16606
16616
16622
16627
16632
16634
16636
16642
16650
16650
16650
16658
16664
16667
16667
16668
16669
16670
16679
16684
16685
16685
16689
16694
16697
16699
16705
16706
16709
16713
16713
16714
16725
16726
16726
16727
16728
16729
16733
16735
16736
16738
16739
16742
16751
16756
16756
16759
16761
16771
16775
16781
16783
16789
16789
16790
16792
16799
16799
16804
16808
16811
16811
16814
16816
16817
16817
16826
16844
16845
16848
16849
16851
16851
16855
16868
16871
16873
16873
16875
16875
16882
16884
16887
16890
16891
16893
16894
16898
16899
16899
16899
16901
16904
16907
16907
16912
16915
16917
16922
16927
16928
16930
16932
16935
16936
16937
16946
16947
16950
16959
16963
16973
16974
16981
16981
16985
16986
16992
16994
17001
17002
17007
17010
17013
17014
17017
17019
17023
17025
17026
17030
17030
17042
17044
17046
17047
17047
17048
17048
17048
17050
17050
17054
17057
17060
17060
17063
17070
17071
17075
17081
17085
17089
17091
17091
17092
17095
17102
17104
17105
17109
17110
17113
17114
17117
17117
17121
17126
17127
17127
17130
17136
17142
17142
17150
17151
17159
17163
17166
17170
17180
17185
17186
17187
17188
17189
17191
17191
17193
17203
17209
17212
17213
17215
17232
17234
17235
17240
17241
17244
17246
17254
17256
17269
17269
17271
17277
17281
17285
17290
17298
17309
17309
17310
17311
17320
17328
17333
17334
17339
17340
17342
17349
17350
17350
17354
17356
17363
17367
17372
17384
17395
17398
17399
17406
17406
17407
17408
17408
17410
17411
17411
17414
17421
17423
17425
17426
17435
17437
17441
17443
17446
17449
17465
17465
17466
17466
17472
17474
17474
17477
17480
17483
17485
17486
17494
17494
17499
17502
17503
17507
17508
17515
17520
17523
17536
17542
17545
17546
17548
17553
17556
17558
17558
17558
17560
17564
17569
17573
17574
17575
17575
17582
17584
17593
17593
17594
17594
17596
17598
17602
17602
17605
17605
17611
17613
17618
17620
17622
17640
17644
17647
17647
17649
17652
17657
17659
17659
17661
17662
17662
17663
17667
17668
17677
17680
17690
17693
17694
17696
17696
17699
17699
17700
17702
17705
17706
17706
17710
17711
17714
17727
17730
17731
17732
17735
17735
17742
17758
17766
17774
17776
17783
17783
17783
17786
17786
17789
17791
17791
17802
17807
17810
17815
17817
17817
17820
17827
17828
17830
17842
17846
17848
17850
17856
17858
17865
17868
17868
17879
17882
17886
17892
17897
17903
17904
17912
17912
17916
17916
17916
17920
17921
17926
17937
17940
17944
17944
17949
17953
17955
17956
17957
17958
17966
17969
17971
17975
17982
17982
17983
17985
17988
17991
17995
17996
17999
18000
18000
18001
18010
18010
18011
18012
18019
18019
18019
18022
18030
18037
18041
18044
18046
18050
18053
18065
18075
18080
18084
18094
18099
18104
18105
18106
18109
18113
18114
18125
18134
18137
18140
18144
18147
18154
18154
18158
18160
18163
18164
18165
18169
18171
18171
18172
18172
18178
18182
18185
18186
18188
18189
18194
18196
18199
18199
18201
18203
18205
18205
18205
18207
18218
18219
18223
18224
18226
18226
18228
18230
18234
18235
18237
18239
18240
18258
18259
18262
18267
18268
18270
18275
18276
18276
18276
18279
18285
18286
18289
18289
18291
18293
18295
18295
18295
18299
18303
18304
18306
18307
18309
18316
18318
18322
18322
18325
18328
18332
18337
18338
18339
18344
18347
18348
18355
18358
18366
18369
18370
18370
18377
18379
18387
18391
18392
18393
18402
18404
18406
18412
18412
18415
18423
18427
18431
18431
18436
18439
18440
18446
18449
18455
18458
18458
18459
18459
18462
18465
18468
18471
18474
18480
18480
18480
18482
18497
18505
18508
18511
18516
18516
18518
18519
18520
18521
18525
18529
18535
18540
18544
18544
18545
18547
18548
18552
18552
18557
18557
18557
18559
18561
18562
18566
18571
18572
18574
18579
18579
18580
18584
18584
18588
18596
18598
18605
18606
18606
18609
18609
18612
18618
18621
18623
18624
18626
18629
18633
18641
18649
18657
18658
18661
18661
18666
18668
18673
18678
18679
18680
18683
18683
18693
18693
18694
18698
18699
18700
18702
18708
18720
18726
18727
18729
18740
18751
18753
18754
18754
18762
18763
18765
18767
18768
18772
18780
18783
18784
18787
18788
18792
18797
18800
18805
18808
18809
18809
18811
18811
18814
18816
18836
18838
18841
18843
18846
18848
18851
18853
18857
18858
18860
18861
18861
18867
18869
18876
18880
18883
18884
18885
18893
18893
18898
18899
18903
18903
18905
18906
18911
18911
18913
18913
18917
18920
18922
18925
18925
18925
18926
18930
18940
18944
18947
18952
18952
18953
18954
18954
18957
18962
18962
18963
18964
18964
18964
18965
18968
18977
18978
18978
18987
18992
18993
18997
19002
19006
19007
19010
19015
19016
19017
19019
19022
19041
19041
19043
19048
19049
19052
19056
19058
19061
19063
19066
19074
19080
19082
19084
19085
19090
19090
19093
19097
19104
19104
19107
19114
19115
19115
19116
19117
19119
19121
19123
19126
19127
19131
19138
19143
19144
19146
19148
19154
19159
19171
19172
19174
19174
19176
19178
19180
19183
19188
19188
19190
19191
19195
19212
19215
19227
19230
19231
19236
19237
19241
19243
19244
19246
19247
19249
19251
19261
19265
19272
19273
19276
19281
19290
19299
19306
19310
19317
19325
19326
19334
19337
19340
19340
19340
19341
19343
19343
19347
19351
19356
19365
19366
19369
19369
19372
19374
19375
19376
19378
19381
19382
19384
19385
19387
19388
19390
19390
19391
19397
19397
19400
19408
19409
19410
19417
19420
19420
19421
19425
19428
19433
19435
19439
19441
19449
19450
19463
19469
19474
19480
19481
19483
19485
19485
19485
19486
19490
19496
19496
19503
19512
19513
19515
19515
19517
19518
19519
19524
19529
19535
19536
19539
19541
19544
19548
19549
19550
19551
19554
19554
19558
19568
19571
19573
19573
19579
19581
19582
19583
19587
19590
19590
19591
19594
19603
19604
19605
19607
19614
19624
19625
19628
19629
19629
19630
19631
19632
19632
19634
19636
19638
19642
19643
19643
19654
19656
19661
19662
19668
19671
19673
19673
19681
19684
19687
19692
19702
19704
19709
19710
19731
19732
19737
19738
19741
19742
19743
19748
19750
19759
19763
19765
19766
19770
19771
19772
19773
19773
19793
19794
19797
19799
19801
19802
19812
19814
19815
19821
19828
19828
19828
19832
19837
19839
19848
19853
19863
19866
19870
19870
19876
19878
19883
19883
19883
19884
19884
19890
19893
19895
19898
19898
19899
19899
19912
19913
19920
19923
19924
19933
19936
19945
19948
19951
19951
19954
19954
19955
19957
19960
19971
19978
19984
19988
19988
20001
20001
20002
20003
20006
20008
20010
20010
20017
20017
20020
20023
20023
20029
20029
20033
20034
20043
20047
20051
20052
20053
20055
20057
20061
20072
20075
20077
20079
20079
20080
20083
20085
20090
20096
20109
20110
20110
20119
20122
20129
20138
20139
20144
20144
20144
20148
20151
20151
20154
20163
20163
20164
20167
20172
20174
20174
20176
20184
20184
20186
20189
20190
20192
20193
20195
20196
20197
20207
20209
20210
20220
20235
20239
20249
20254
20256
20259
20260
20263
20265
20279
20287
20287
20297
20298
20299
20301
20305
20308
20312
20318
20332
20335
20335
20345
20354
20354
20359
20359
20361
20362
20366
20366
20367
20372
20378
20381
20382
20383
20383
20403
20406
20407
20408
20410
20412
20414
20416
20419
20420
20420
20421
20424
20427
20428
20433
20433
20443
20446
20449
20455
20458
20461
20461
20462
20467
20469
20472
20473
20475
20484
20489
20492
20492
20494
20495
20499
20505
20505
20506
20512
20515
20515
20518
20518
20520
20522
20523
20524
20533
20536
20554
20557
20558
20564
20564
20571
20572
20573
20576
20580
20591
20592
20593
20595
20595
20597
20600
20602
20607
20608
20610
20610
20620
20624
20624
20627
20628
20629
20633
20648
20656
20663
20675
20677
20685
20690
20691
20691
20701
20706
20706
20709
20715
20715
20716
20720
20725
20744
20747
20751
20755
20756
20757
20764
20770
20780
20781
20782
20784
20796
20797
20799
20805
20807
20807
20810
20816
20822
20822
20824
20827
20834
20843
20844
20845
20845
20847
20856
20858
20860
20861
20861
20866
20867
20868
20875
20876
20879
20882
20886
20886
20904
20904
20904
20905
20910
20914
20916
20917
20921
20927
20927
20930
20931
20934
20941
20943
20946
20951
20953
20955
20958
20959
20970
20970
20975
20976
20982
20989
20990
20992
20992
20993
20993
20997
21000
21002
21007
21012
21014
21019
21026
21028
21033
21037
21038
21040
21046
21048
21048
21054
21055
21056
21057
21059
21066
21067
21077
21082
21082
21083
21089
21091
21108
21108
21110
21110
21111
21117
21124
21125
21126
21128
21129
21131
21133
21138
21138
21139
21141
21149
21151
21152
21152
21155
21157
21157
21161
21165
21166
21169
21169
21184
21188
21189
21197
21199
21205
21208
21211
21218
21226
21229
21231
21231
21252
21255
21258
21260
21273
21278
21283
21283
21284
21284
21285
21287
21293
21293
21300
21302
21304
21307
21307
21313
21314
21318
21320
21326
21331
21335
21337
21340
21349
21351
21357
21357
21358
21362
21381
21384
21385
21387
21403
21407
21408
21409
21409
21409
21411
21411
21413
21414
21417
21421
21424
21432
21435
21435
21438
21439
21441
21443
21444
21445
21446
21452
21455
21458
21465
21467
21468
21469
21473
21474
21477
21481
21484
21484
21491
21493
21495
21498
21510
21514
21515
21516
21516
21518
21519
21520
21523
21525
21527
21530
21537
21538
21540
21541
21560
21565
21565
21567
21569
21570
21572
21579
21581
21584
21584
21584
21587
21592
21593
21595
21600
21601
21603
21614
21616
21626
21628
21629
21629
21631
21632
21632
21634
21635
21638
21640
21640
21641
21643
21644
21645
21647
21648
21651
21653
21658
21659
21661
21662
21674
21692
21695
21695
21696
21703
21703
21704
21713
21714
21728
21729
21733
21734
21736
21740
21745
21746
21747
21754
21756
21757
21758
21768
21769
21776
21778
21782
21784
21785
21788
21793
21795
21799
21804
21812
21820
21821
21821
21823
21824
21824
21824
21828
21834
21835
21836
21841
21841
21849
21850
21852
21853
21853
21854
21857
21858
21859
21859
21860
21870
21870
21871
21876
21879
21879
21883
21892
21899
21900
21907
21912
21913
21914
21924
21926
21934
21934
21937
21938
21938
21941
21942
21953
21959
21969
21979
21980
21981
21986
21999
22002
22004
22007
22014
22017
22017
22021
22026
22028
22042
22044
22051
22052
22054
22054
22057
22063
22068
22076
22079
22085
22093
22093
22097
22099
22109
22109
22111
22115
22117
22117
22120
22121
22122
22124
22125
22128
22129
22132
22133
22134
22136
22136
22140
22141
22143
22146
22148
22152
22152
22153
22157
22158
22160
22168
22170
22173
22174
22180
22189
22196
22196
22199
22200
22201
22203
22205
22207
22208
22208
22213
22215
22224
22234
22235
22239
22242
22244
22247
22247
22249
22257
22258
22259
22259
22265
22271
22274
22275
22277
22280
22287
22294
22295
22297
22305
22305
22318
22329
22331
22333
22334
22338
22345
22348
22349
22355
22356
22356
22356
22358
22359
22362
22366
22371
22372
22374
22378
22378
22380
22386
22386
22389
22390
22394
22394
22394
22395
22396
22396
22400
22401
22402
22403
22406
22414
22416
22416
22426
22441
22450
22451
22453
22453
22455
22459
22460
22467
22471
22472
22473
22475
22478
22482
22482
22483
22493
22499
22508
22508
22512
22516
22516
22517
22518
22522
22532
22540
22543
22546
22550
22556
22562
22563
22565
22566
22567
22570
22572
22586
22590
22592
22592
22595
22597
22597
22598
22600
22600
22605
22606
22608
22608
22610
22618
22624
22626
22631
22643
22643
22646
22655
22658
22665
22666
22667
22670
22671
22678
22680
22682
22683
22691
22697
22697
22701
22708
22711
22713
22714
22719
22721
22723
22729
22730
22730
22730
22730
22737
22741
22742
22762
22771
22772
22774
22775
22782
22783
22787
22791
22795
22796
22801
22801
22809
22810
22816
22817
22819
22820
22823
22826
22831
22832
22834
22843
22852
22859
22864
22868
22869
22869
22874
22879
22880
22882
22882
22888
22889
22893
22896
22903
22909
22909
22909
22911
22918
22919
22920
22922
22922
22925
22927
22927
22928
22934
22936
22941
22944
22946
22955
22965
22976
22990
22996
23005
23008
23019
23019
23021
23024
23025
23025
23026
23027
23035
23041
23043
23047
23053
23055
23057
23058
23060
23060
23064
23071
23073
23073
23073
23074
23083
23084
23087
23091
23092
23092
23093
23093
23097
23097
23098
23102
23106
23108
23111
23112
23122
23133
23136
23138
23139
23140
23142
23144
23156
23163
23172
23174
23174
23182
23183
23184
23184
23199
23200
23201
23204
23204
23206
23207
23211
23211
23225
23228
23229
23239
23251
23263
23268
23278
23279
23279
23280
23280
23282
23292
23294
23296
23302
23302
23306
23306
23316
23317
23324
23325
23332
23336
23336
23337
23342
23350
23351
23352
23353
23356
23358
23365
23367
23373
23377
23378
23378
23383
23388
23397
23408
23410
23410
23414
23415
23416
23417
23420
23420
23425
23425
23432
23434
23436
23439
23448
23448
23449
23449
23452
23453
23454
23455
23464
23469
23469
23469
23473
23475
23477
23478
23479
23480
23482
23487
23488
23490
23490
23491
23492
23494
23504
23509
23510
23512
23521
23541
23544
23549
23552
23556
23557
23557
23560
23563
23567
23570
23571
23577
23579
23585
23586
23589
23596
23596
23598
23602
23611
23613
23614
23616
23618
23620
23627
23631
23631
23635
23644
23648
23648
23653
23654
23666
23667
23668
23668
23670
23671
23678
23679
23680
23683
23684
23686
23686
23688
23690
23691
23698
23700
23701
23705
23716
23722
23724
23731
23731
23737
23737
23738
23740
23744
23750
23750
23750
23765
23766
23768
23768
23778
23778
23786
23789
23794
23796
23797
23800
23801
23802
23803
23805
23806
23808
23810
23811
23814
23814
23818
23820
23821
23823
23823
23834
23834
23839
23842
23847
23851
23852
23863
23865
23869
23876
23877
23878
23879
23881
23882
23883
23884
23892
23909
23913
23913
23914
23918
23926
23933
23938
23939
23943
23948
23953
23964
23966
23969
23969
23970
23970
23972
23975
23976
23977
23982
23984
23989
23990
23993
23997
23998
24004
24007
24007
24010
24013
24015
24018
24024
24025
24026
24027
24030
24044
24045
24045
24045
24048
24076
24080
24083
24083
24084
24084
24086
24087
24087
24096
24110
24110
24115
24118
24121
24121
24122
24122
24123
24124
24128
24129
24130
24134
24134
24134
24138
24144
24151
24152
24162
24164
24164
24164
24185
24186
24194
24195
24196
24198
24207
24207
24217
24219
24224
24224
24239
24241
24242
24247
24263
24263
24264
24267
24267
24268
24275
24278
24281
24288
24291
24292
24292
24306
24307
24311
24312
24312
24327
24327
24331
24334
24340
24341
24345
24347
24348
24349
24349
24350
24351
24354
24366
24373
24389
24390
24391
24395
24397
24400
24402
24410
24412
24414
24419
24433
24433
24435
24436
24448
24450
24454
24460
24461
24463
24464
24467
24472
24475
24477
24479
24483
24490
24494
24497
24501
24507
24510
24514
24528
24534
24539
24543
24544
24545
24552
24558
24569
24570
24571
24574
24578
24581
24586
24586
24586
24588
24595
24595
24597
24600
24601
24610
24612
24612
24613
24613
24613
24613
24615
24615
24617
24619
24621
24625
24628
24632
24632
24634
24641
24644
24645
24649
24650
24651
24656
24656
24657
24659
24668
24668
24675
24681
24683
24688
24689
24692
24693
24694
24695
24696
24698
24699
24703
24707
24710
24712
24718
24721
24726
24727
24728
24729
24732
24733
24734
24735
24737
24740
24741
24759
24759
24760
24762
24765
24769
24771
24771
24774
24775
24778
24779
24779
24782
24786
24789
24793
24801
24803
24804
24804
24807
24809
24816
24821
24822
24825
24830
24832
24835
24840
24840
24843
24844
24855
24864
24864
24866
24870
24871
24873
24876
24891
24891
24891
24897
24897
24898
24901
24902
24910
24914
24916
24922
24922
24926
24929
24931
24938
24938
24941
24943
24944
24945
24947
24951
24953
24953
24954
24956
24968
24969
24969
24970
24971
24976
24988
24992
24998
25006
25017
25024
25025
25029
25032
25033
25033
25040
25042
25046
25047
25052
25052
25053
25053
25055
25057
25061
25061
25064
25076
25076
25083
25083
25084
25085
25086
25089
25101
25101
25102
25107
25109
25116
25117
25120
25120
25126
25137
25140
25141
25141
25143
25145
25153
25154
25155
25156
25164
25165
25173
25178
25178
25179
25183
25183
25195
25198
25199
25201
25207
25208
25217
25222
25222
25227
25229
25232
25238
25239
25244
25246
25246
25247
25251
25252
25256
25256
25261
25269
25278
25279
25289
25291
25298
25304
25304
25305
25307
25308
25310
25312
25313
25326
25337
25342
25345
25355
25361
25362
25366
25366
25367
25367
25371
25373
25375
25377
25381
25385
25386
25388
25389
25391
25393
25396
25399
25402
25403
25405
25405
25409
25426
25426
25427
25430
25436
25437
25442
25447
25452
25454
25459
25461
25461
25479
25482
25482
25483
25484
25487
25493
25498
25505
25507
25508
25511
25512
25514
25516
25517
25519
25519
25522
25526
25532
25539
25546
25548
25559
25559
25559
25568
25569
25569
25575
25579
25580
25588
25590
25592
25594
25599
25599
25602
25606
25606
25608
25612
25620
25625
25626
25632
25632
25635
25636
25636
25636
25636
25637
25643
25648
25648
25648
25648
25649
25653
25655
25664
25668
25670
25675
25678
25682
25685
25691
25711
25711
25716
25718
25720
25727
25734
25739
25749
25755
25755
25762
25764
25769
25769
25799
25804
25810
25811
25812
25824
25825
25828
25831
25836
25840
25844
25845
25848
25852
25854
25859
25864
25870
25870
25874
25875
25878
25879
25881
25882
25885
25887
25891
25894
25894
25899
25902
25903
25904
25905
25907
25907
25908
25915
25919
25920
25920
25923
25925
25933
25934
25938
25939
25943
25943
25947
25949
25951
25959
25964
25967
25968
25971
25973
25977
25978
25995
25996
25997
26003
26003
26007
26012
26017
26019
26022
26024
26032
26038
26040
26041
26041
26042
26046
26047
26049
26050
26050
26051
26054
26056
26058
26062
26062
26064
26070
26071
26071
26082
26085
26088
26098
26101
26102
26104
26108
26109
26119
26120
26121
26122
26126
26131
26135
26144
26145
26150
26152
26154
26159
26161
26165
26167
26178
26182
26184
26188
26192
26196
26196
26200
26203
26209
26212
26216
26217
26220
26220
26222
26223
26225
26225
26227
26229
26233
26241
26243
26245
26250
26267
26275
26278
26286
26288
26297
26310
26311
26317
26318
26319
26321
26322
26326
26327
26329
26333
26344
26347
26355
26356
26359
26359
26362
26364
26367
26368
26379
26390
26392
26400
26409
26411
26413
26415
26417
26419
26420
26421
26423
26428
26430
26433
26439
26440
26446
26449
26449
26460
26460
26461
26463
26464
26467
26467
26468
26482
26485
26486
26501
26504
26507
26516
26519
26519
26521
26524
26525
26531
26538
26538
26538
26542
26545
26548
26553
26555
26564
26567
26567
26573
26579
26603
26614
26615
26618
26623
26625
26635
26640
26643
26646
26650
26653
26656
26656
26657
26657
26658
26660
26661
26661
26663
26665
26666
26673
26675
26678
26686
26688
26689
26693
26696
26712
26716
26718
26719
26732
26737
26742
26749
26750
26751
26755
26762
26763
26782
26785
26796
26797
26798
26800
26803
26807
26808
26815
26818
26818
26823
26829
26833
26843
26844
26847
26853
26855
26857
26858
26861
26862
26863
26867
26869
26870
26871
26874
26875
26878
26878
26881
26888
26889
26896
26897
26898
26902
26905
26910
26912
26915
26916
26916
26922
26923
26927
26929
26930
26932
26934
26934
26939
26939
26941
26942
26954
26958
26966
26967
26968
26971
26975
26978
26980
26986
26988
26989
26991
26992
26993
26996
26998
27000
27005
27011
27013
27013
27016
27017
27017
27020
27024
27038
27038
27039
27044
27047
27050
27051
27059
27064
27066
27068
27070
27075
27079
27081
27083
27093
27102
27103
27107
27108
27109
27114
27118
27119
27119
27125
27125
27126
27128
27129
27133
27134
27138
27140
27147
27158
27161
27161
27165
27167
27169
27177
27188
27189
27190
27208
27209
27212
27215
27221
27222
27222
27225
27227
27228
27233
27235
27236
27236
27240
27241
27243
27245
27254
27254
27255
27255
27256
27258
27266
27271
27275
27276
27277
27279
27293
27294
27295
27300
27303
27304
27305
27309
27310
27313
27314
27314
27317
27318
27322
27323
27327
27329
27331
27332
27333
27336
27339
27341
27344
27346
27347
27354
27354
27358
27363
27363
27365
27365
27367
27369
27371
27373
27375
27376
27379
27382
27383
27389
27389
27391
27394
27399
27401
27403
27404
27410
27412
27421
27431
27432
27434
27436
27442
27445
27450
27450
27452
27457
27459
27466
27471
27472
27475
27477
27480
27483
27484
27487
27493
27497
27497
27498
27498
27500
27501
27512
27515
27518
27526
27529
27530
27531
27531
27532
27536
27536
27537
27541
27546
27548
27548
27551
27560
27567
27568
27572
27580
27584
27591
27597
27598
27598
27602
27616
27619
27621
27624
27626
27626
27640
27640
27657
27657
27658
27667
27668
27672
27673
27677
27679
27684
27688
27695
27702
27703
27709
27710
27710
27713
27716
27719
27720
27720
27722
27722
27723
27729
27729
27729
27729
27743
27751
27752
27755
27756
27758
27759
27767
27767
27767
27769
27771
27777
27780
27780
27784
27791
27792
27805
27807
27810
27811
27812
27817
27817
27827
27827
27832
27833
27834
27836
27842
27843
27844
27850
27850
27857
27858
27861
27862
27862
27863
27866
27869
27873
27878
27879
27881
27883
27887
27893
27893
27894
27904
27908
27915
27920
27924
27927
27933
27935
27935
27939
27939
27940
27941
27944
27949
27954
27956
27958
27960
27967
27969
27975
27976
27982
27987
27994
28003
28003
28006
28008
28011
28016
28017
28017
28021
28026
28034
28045
28051
28057
28060
28064
28069
28075
28077
28081
28082
28084
28089
28093
28096
28098
28099
28101
28102
28104
28104
28109
28112
28114
28115
28117
28124
28127
28130
28131
28141
28147
28147
28147
28152
28152
28158
28162
28163
28163
28168
28179
28179
28180
28183
28184
28187
28188
28188
28196
28197
28197
28198
28206
28206
28207
28209
28213
28216
28224
28224
28231
28231
28233
28239
28240
28241
28242
28243
28248
28250
28252
28254
28264
28265
28267
28274
28282
28283
28288
28289
28291
28292
28296
28297
28300
28312
28313
28313
28315
28318
28319
28320
28328
28331
28341
28342
28343
28344
28347
28351
28359
28361
28363
28367
28369
28369
28370
28371
28389
28393
28397
28397
28403
28408
28417
28425
28425
28427
28428
28445
28446
28449
28454
28457
28459
28462
28463
28469
28470
28472
28473
28479
28481
28482
28484
28484
28488
28496
28497
28506
28507
28508
28512
28512
28514
28515
28517
28518
28520
28523
28525
28526
28528
28533
28535
28538
28540
28541
28545
28545
28550
28559
28561
28563
28566
28570
28570
28574
28576
28577
28578
28584
28585
28587
28587
28590
28591
28593
28594
28603
28608
28616
28620
28620
28621
28623
28636
28656
28657
28659
28661
28664
28679
28681
28682
28682
28684
28685
28687
28688
28690
28691
28692
28700
28701
28702
28705
28706
28707
28711
28717
28719
28721
28721
28727
28732
28734
28735
28738
28738
28741
28743
28744
28744
28745
28746
28752
28754
28756
28760
28764
28766
28777
28778
28779
28781
28782
28787
28787
28788
28791
28805
28805
28810
28815
28822
28826
28833
28834
28838
28839
28842
28853
28855
28856
28856
28858
28860
28863
28868
28868
28870
28878
28878
28878
28879
28880
28885
28886
28899
28899
28900
28902
28909
28909
28912
28915
28916
28919
28919
28920
28921
28924
28931
28936
28936
28936
28940
28940
28940
28946
28946
28947
28948
28957
28964
28971
28971
28971
28973
28974
28976
28979
28987
28988
28988
28990
28993
28996
28998
29003
29007
29011
29013
29017
29019
29026
29040
29050
29051
29054
29055
29060
29065
29073
29074
29076
29079
29080
29080
29080
29089
29090
29094
29095
29099
29099
29099
29100
29101
29106
29114
29116
29118
29131
29132
29133
29135
29143
29149
29150
29150
29152
29153
29155
29156
29157
29165
29167
29169
29171
29174
29180
29185
29197
29210
29210
29211
29221
29226
29228
29228
29230
29231
29239
29239
29242
29252
29258
29263
29263
29264
29266
29273
29274
29275
29278
29282
29287
29292
29296
29297
29299
29299
29300
29301
29306
29306
29307
29310
29313
29314
29319
29320
29322
29322
29322
29325
29325
29326
29332
29333
29333
29336
29337
29341
29346
29347
29352
29365
29365
29365
29366
29368
29371
29372
29382
29383
29387
29392
29396
29397
29399
29400
29405
29405
29406
29407
29407
29410
29414
29415
29417
29418
29418
29420
29425
29427
29434
29444
29446
29447
29451
29451
29459
29462
29465
29466
29468
29474
29475
29476
29479
29481
29483
29486
29493
29494
29498
29507
29509
29519
29524
29529
29530
29533
29534
29534
29534
29536
29542
29543
29544
29548
29550
29551
29552
29558
29562
29563
29564
29566
29567
29572
29573
29575
29581
29583
29586
29589
29590
29593
29596
29598
29600
29605
29606
29611
29614
29615
29616
29617
29622
29625
29635
29636
29637
29639
29648
29660
29663
29667
29668
29673
29676
29676
29678
29680
29686
29687
29693
29694
29694
29696
29700
29702
29705
29707
29715
29717
29727
29730
29733
29743
29746
29747
29755
29755
29759
29759
29761
29764
29764
29765
29769
29774
29782
29791
29792
29792
29799
29801
29807
29807
29814
29814
29815
29819
29823
29828
29830
29833
29834
29834
29835
29836
29838
29851
29854
29855
29859
29859
29866
29867
29868
29876
29878
29889
29890
29894
29896
29896
29897
29899
29901
29903
29904
29906
29907
29912
29915
29915
29922
29930
29932
29937
29943
29954
29955
29958
29963
29964
29964
29964
29965
29968
29971
29972
29979
29981
29984
29984
29987
29993
29995
29997
30000
30012
30013
30014
30016
30018
30019
30027
30028
30031
30033
30041
30049
30060
30061
30067
30075
30075
30075
30083
30089
30092
30098
30098
30100
30102
30102
30102
30102
30105
30106
30110
30114
30119
30130
30133
30135
30138
30139
30153
30159
30167
30167
30168
30176
30177
30180
30182
30187
30189
30209
30213
30213
30214
30216
30224
30227
30230
30232
30233
30237
30237
30237
30238
30243
30243
30247
30253
30253
30277
30278
30279
30279
30283
30284
30290
30293
30295
30301
30302
30311
30316
30321
30321
30323
30325
30332
30336
30336
30337
30349
30352
30353
30354
30354
30358
30365
30370
30370
30370
30371
30371
30379
30380
30381
30383
30384
30400
30402
30406
30413
30416
30417
30417
30419
30419
30421
30423
30430
30436
30438
30439
30439
30440
30445
30450
30455
30459
30467
30467
30471
30475
30475
30482
30486
30488
30500
30504
30505
30515
30516
30522
30523
30531
30533
30544
30544
30544
30545
30551
30552
30558
30558
30561
30563
30565
30566
30568
30569
30574
30574
30579
30586
30601
30607
30611
30618
30624
30625
30626
30629
30632
30638
30640
30643
30648
30650
30653
30655
30662
30668
30669
30675
30678
30681
30683
30685
30688
30690
30695
30707
30709
30713
30717
30726
30730
30733
30737
30747
30749
30750
30750
30758
30759
30760
30765
30769
30771
30771
30776
30783
30788
30793
30801
30804
30805
30807
30814
30815
30816
30817
30818
30823
30828
30832
30832
30839
30840
30840
30846
30846
30850
30851
30853
30867
30870
30871
30872
30872
30875
30876
30880
30882
30884
30884
30888
30888
30893
30903
30904
30908
30908
30909
30915
30918
30923
30925
30928
30935
30939
30940
30947
30957
30957
30958
30960
30964
30965
30966
30970
30971
30972
30973
30973
30975
30975
30976
30978
30981
30990
30993
30995
30998
31002
31004
31005
31011
31013
31017
31018
31020
31022
31022
31034
31042
31059
31059
31063
31067
31078
31085
31102
31107
31114
31115
31117
31118
31122
31123
31127
31129
31131
31132
31137
31139
31146
31147
31150
31163
31172
31175
31175
31178
31180
31185
31186
31189
31191
31194
31198
31200
31201
31204
31207
31211
31214
31215
31217
31221
31225
31232
31237
31237
31240
31245
31246
31247
31248
31250
31252
31264
31273
31278
31279
31286
31286
31290
31291
31297
31297
31299
31311
31316
31321
31328
31328
31329
31329
31343
31343
31346
31346
31348
31350
31360
31361
31363
31363
31365
31371
31374
31378
31384
31384
31385
31385
31399
31401
31403
31408
31411
31411
31412
31417
31419
31423
31425
31425
31425
31431
31437
31437
31439
31442
31448
31453
31458
31459
31462
31463
31465
31466
31478
31479
31484
31489
31490
31494
31499
31499
31503
31505
31505
31512
31525
31527
31528
31528
31529
31531
31532
31534
31538
31539
31541
31542
31543
31561
31561
31562
31562
31562
31565
31568
31570
31573
31575
31583
31584
31587
31591
31594
31598
31599
31600
31604
31605
31606
31608
31610
31610
31610
31614
31616
31617
31620
31621
31634
31641
31644
31647
31654
31656
31657
31666
31666
31666
31669
31670
31673
31676
31677
31680
31681
31684
31685
31685
31687
31688
31688
31688
31692
31695
31696
31696
31698
31706
31706
31708
31710
31711
31715
31715
31716
31718
31728
31733
31734
31735
31743
31743
31747
31751
31757
31760
31760
31761
31761
31765
31769
31774
31774
31776
31779
31782
31782
31783
31791
31798
31799
31802
31808
31810
31811
31812
31813
31819
31821
31827
31827
31829
31834
31837
31838
31843
31847
31848
31848
31852
31855
31855
31860
31864
31870
31871
31874
31874
31879
31884
31887
31887
31888
31889
31892
31897
31905
31911
31912
31913
31913
31916
31916
31918
31920
31924
31925
31930
31931
31933
31935
31936
31943
31947
31953
31955
31957
31961
31966
31970
31971
31973
31974
31978
31978
31984
31984
31989
31990
31990
31990
31992
31994
31998
32004
32006
32008
32024
32029
32029
32032
32034
32039
32040
32043
32051
32051
32060
32063
32065
32066
32068
32072
32073
32079
32080
32083
32091
32092
32094
32096
32097
32103
32106
32125
32135
32140
32144
32146
32146
32149
32153
32161
32162
32162
32164
32164
32164
32173
32176
32177
32179
32180
32183
32184
32189
32190
32193
32195
32196
32198
32208
32210
32210
32215
32217
32217
32226
32226
32230
32235
32238
32249
32251
32251
32255
32256
32256
32262
32264
32266
32267
32267
32270
32270
32274
32277
32277
32278
32279
32281
32284
32288
32288
32313
32313
32316
32316
32320
32323
32324
32324
32326
32331
32331
32333
32334
32336
32343
32350
32352
32353
32369
32376
32381
32384
32384
32385
32386
32387
32388
32404
32404
32405
32409
32412
32414
32418
32425
32429
32432
32441
32442
32460
32463
32463
32468
32471
32474
32477
32481
32483
32489
32493
32496
32504
32512
32521
32523
32523
32531
32533
32537
32538
32548
32549
32552
32554
32555
32574
32574
32578
32582
32585
32588
32593
32594
32598
32601
32605
32610
32612
32621
32621
32623
32630
32632
32633
32634
32635
32637
32643
32644
32646
32648
32657
32658
32658
32659
32659
32667
32673
32679
32679
32680
32680
32685
32699
32701
32708
32715
32726
32729
32730
32730
32734
32734
32735
32741
32745
32748
32750
32758
32760
32765
32765
32765

