10000

3
7
9
12
19
26
27
29
34
37
38
40
41
42
55
56
66
80
85
90
98
100
105
107
108
109
110
113
116
117
119
119
124
124
129
130
130
137
140
141
145
149
156
170
170
180
183
186
189
192
207
211
213
215
215
217
221
221
224
228
232
234
241
242
245
248
252
252
252
253
253
258
263
264
265
268
270
273
278
280
280
282
284
284
285
287
288
290
290
290
291
296
301
309
309
314
315
323
326
328
329
335
347
350
350
352
353
366
368
372
372
379
379
382
400
403
408
408
408
409
411
412
420
422
424
428
428
432
438
440
442
445
445
446
449
454
459
460
463
464
466
471
471
476
483
484
484
490
490
493
511
514
516
523
524
524
525
527
528
534
535
545
547
548
552
554
555
561
569
573
575
588
590
595
597
600
600
602
605
605
606
607
610
610
610
611
612
617
623
629
630
636
636
637
639
642
643
644
645
647
647
652
653
656
657
658
664
667
667
680
682
697
698
700
700
706
709
711
712
723
725
725
726
727
729
730
730
733
738
740
741
745
753
761
770
778
779
782
786
787
788
791
798
799
800
800
807
815
821
823
830
832
833
833
833
836
838
841
841
841
843
843
844
846
852
856
874
875
880
883
887
887
909
917
921
924
927
927
930
932
935
936
937
944
958
958
964
964
971
972
974
978
978
981
984
985
989
993
998
1006
1007
1008
1008
1009
1016
1017
1017
1020
1021
1022
1024
1025
1027
1041
1049
1051
1052
1055
1055
1063
1067
1068
1074
1079
1083
1083
1083
1094
1104
1104
1107
1107
1108
1109
1110
1115
1119
1119
1121
1121
1124
1127
1128
1129
1139
1146
1146
1149
1154
1154
1155
1158
1158
1159
1159
1160
1162
1163
1163
1165
1172
1176
1183
1185
1187
1189
1189
1197
1202
1205
1205
1207
1210
1216
1217
1219
1221
1226
1227
1228
1228
1229
1235
1236
1239
1244
1247
1251
1252
1256
1257
1258
1260
1260
1262
1263
1273
1279
1279
1289
1290
1292
1292
1296
1297
1302
1309
1309
1310
1312
1314
1325
1326
1329
1330
1337
1342
1346
1347
1351
1355
1357
1357
1361
1366
1366
1367
1369
1377
1384
1390
1391
1393
1394
1397
1399
1399
1402
1406
1416
1429
1433
1443
1449
1450
1454
1457
1457
1459
1460
1465
1466
1468
1469
1474
1474
1479
1482
1490
1490
1495
1501
1504
1505
1506
1507
1509
1512
1513
1524
1529
1539
1541
1543
1544
1547
1550
1556
1560
1563
1568
1569
1570
1570
1576
1579
1587
1588
1595
1605
1611
1620
1622
1624
1625
1626
1628
1631
1635
1638
1640
1642
1651
1655
1664
1664
1671
1677
1679
1681
1686
1687
1698
1700
1704
1705
1707
1710
1710
1713
1716
1718
1719
1719
1721
1728
1732
1739
1740
1744
1755
1756
1756
1759
1759
1762
1763
1765
1769
1770
1774
1775
1775
1775
1776
1783
1783
1785
1785
1786
1788
1793
1794
1800
1800
1800
1807
1815
1815
1816
1817
1817
1818
1823
1825
1830
1833
1833
1835
1838
1841
1846
1848
1859
1861
1861
1865
1865
1868
1868
1870
1871
1873
1873
1879
1884
1884
1897
1900
1904
1914
1921
1927
1930
1931
1940
1941
1943
1945
1948
1960
1965
1967
1976
1983
1987
1993
1997
1998
1998
2003
2004
2005
2011
2015
2016
2018
2021
2022
2022
2023
2025
2025
2031
2032
2034
2036
2042
2043
2044
2045
2047
2056
2065
2066
2069
2071
2078
2080
2080
2081
2082
2095
2102
2107
2110
2117
2121
2126
2129
2131
2133
2138
2140
2142
2148
2154
2156
2162
2174
2176
2178
2182
2191
2200
2210
2217
2220
2223
2224
2224
2225
2228
2230
2232
2233
2235
2238
2240
2242
2259
2267
2267
2267
2277
2290
2296
2298
2299
2302
2309
2310
2312
2314
2315
2319
2319
2328
2337
2338
2341
2348
2349
2352
2352
2358
2362
2366
2368
2372
2379
2379
2380
2383
2384
2386
2389
2396
2404
2406
2406
2408
2414
2415
2417
2418
2423
2429
2430
2432
2432
2436
2443
2450
2451
2453
2460
2461
2461
2461
2463
2464
2471
2473
2478
2480
2486
2487
2491
2497
2499
2500
2501
2501
2502
2505
2507
2508
2517
2518
2521
2521
2532
2535
2537
2545
2546
2550
2550
2551
2552
2553
2557
2558
2558
2560
2561
2562
2562
2564
2567
2575
2576
2576
2577
2579
2588
2594
2602
2603
2609
2612
2614
2619
2623
2629
2629
2632
2638
2640
2641
2645
2646
2648
2651
2657
2658
2659
2660
2660
2661
2668
2669
2672
2679
2683
2686
2686
2691
2691
2695
2702
2704
2707
2713
2714
2717
2717
2720
2725
2728
2731
2737
2741
2745
2745
2746
2749
2749
2751
2752
2753
2756
2759
2761
2766
2767
2773
2773
2774
2774
2777
2782
2784
2794
2797
2797
2798
2806
2811
2812
2817
2818
2822
2831
2834
2835
2836
2838
2840
2841
2843
2847
2854
2854
2855
2859
2860
2861
2864
2864
2867
2875
2875
2877
2877
2879
2880
2889
2890
2893
2896
2897
2898
2900
2900
2905
2907
2907
2912
2921
2923
2923
2924
2928
2931
2934
2935
2950
2957
2958
2958
2960
2960
2962
2964
2970
2978
2979
2983
2984
2984
2986
2996
3000
3000
3000
3006
3014
3019
3022
3022
3023
3025
3034
3034
3035
3038
3044
3045
3058
3061
3063
3087
3092
3094
3100
3102
3107
3111
3115
3116
3117
3119
3124
3125
3125
3132
3133
3133
3136
3141
3149
3151
3156
3156
3163
3167
3168
3181
3185
3189
3191
3194
3194
3200
3204
3204
3206
3226
3227
3228
3228
3233
3233
3237
3243
3248
3250
3262
3270
3271
3272
3282
3288
3291
3294
3295
3296
3300
3301
3301
3303
3303
3304
3304
3308
3318
3319
3321
3326
3329
3332
3345
3355
3358
3361
3366
3370
3371
3375
3377
3379
3391
3392
3394
3395
3396
3398
3400
3401
3403
3404
3407
3409
3427
3427
3437
3438
3439
3439
3446
3448
3450
3452
3455
3458
3460
3465
3466
3474
3474
3474
3484
3487
3489
3491
3498
3501
3503
3509
3515
3516
3517
3521
3525
3531
3537
3547
3555
3556
3559
3562
3565
3570
3570
3580
3588
3591
3598
3599
3613
3619
3621
3629
3633
3637
3640
3642
3644
3647
3649
3650
3651
3652
3654
3656
3656
3657
3657
3660
3662
3671
3678
3678
3680
3680
3682
3685
3685
3686
3699
3702
3704
3711
3713
3714
3733
3734
3735
3736
3739
3741
3748
3752
3762
3767
3777
3790
3790
3795
3799
3803
3806
3807
3808
3811
3811
3814
3818
3820
3826
3828
3828
3829
3830
3832
3837
3842
3844
3848
3853
3854
3856
3856
3860
3863
3864
3866
3866
3869
3871
3873
3877
3880
3887
3887
3891
3893
3895
3897
3905
3906
3907
3916
3918
3922
3924
3927
3929
3930
3936
3941
3943
3944
3951
3962
3966
3967
3967
3972
3982
3982
3985
3994
3998
4004
4026
4037
4039
4042
4043
4044
4052
4052
4064
4069
4070
4071
4075
4085
4087
4089
4090
4102
4105
4107
4113
4123
4129
4136
4138
4144
4147
4159
4163
4169
4178
4182
4182
4183
4192
4194
4195
4197
4200
4201
4202
4208
4208
4209
4209
4211
4216
4224
4232
4239
4240
4245
4245
4245
4248
4250
4251
4251
4255
4261
4263
4268
4271
4272
4275
4278
4287
4290
4292
4294
4296
4297
4298
4302
4302
4306
4315
4318
4318
4319
4321
4322
4324
4331
4334
4335
4335
4336
4338
4340
4341
4342
4353
4358
4358
4361
4363
4365
4369
4370
4372
4375
4377
4378
4378
4381
4382
4383
4384
4387
4387
4392
4401
4402
4403
4404
4410
4413
4415
4415
4421
4424
4424
4424
4429
4430
4432
4434
4434
4438
4438
4439
4441
4442
4449
4454
4458
4458
4460
4468
4473
4478
4479
4480
4480
4486
4487
4492
4493
4493
4496
4501
4502
4503
4511
4512
4520
4530
4530
4530
4536
4537
4541
4545
4546
4551
4552
4555
4559
4572
4574
4581
4583
4585
4586
4587
4596
4597
4598
4599
4600
4601
4602
4606
4606
4606
4607
4616
4623
4624
4626
4631
4636
4641
4648
4654
4660
4660
4661
4671
4672
4678
4678
4679
4681
4682
4682
4684
4686
4689
4690
4695
4703
4721
4722
4723
4723
4725
4725
4729
4730
4730
4733
4739
4739
4739
4743
4744
4751
4752
4752
4766
4772
4774
4780
4788
4790
4791
4796
4798
4799
4809
4809
4821
4825
4826
4827
4837
4841
4844
4845
4853
4857
4869
4871
4881
4884
4885
4886
4892
4901
4901
4902
4910
4915
4915
4918
4919
4925
4936
4939
4940
4940
4943
4943
4944
4945
4946
4948
4950
4957
4957
4960
4965
4971
4974
4980
4988
4990
4991
4997
5000
5003
5008
5010
5012
5017
5032
5036
5037
5041
5041
5043
5047
5047
5051
5052
5061
5063
5067
5073
5078
5082
5087
5088
5091
5094
5097
5098
5101
5108
5112
5115
5120
5122
5126
5128
5131
5132
5132
5135
5138
5140
5156
5170
5171
5174
5177
5178
5184
5185
5186
5198
5207
5209
5211
5213
5218
5222
5222
5236
5237
5242
5243
5243
5245
5247
5248
5248
5252
5261
5261
5262
5266
5267
5268
5269
5272
5276
5278
5285
5285
5288
5290
5291
5291
5302
5303
5305
5309
5309
5311
5312
5314
5315
5318
5320
5323
5326
5333
5333
5345
5350
5351
5355
5357
5358
5359
5361
5362
5364
5365
5371
5372
5374
5375
5378
5379
5383
5383
5386
5391
5394
5394
5400
5405
5416
5419
5422
5425
5426
5427
5428
5439
5450
5452
5463
5463
5464
5466
5466
5470
5471
5474
5476
5486
5487
5493
5495
5501
5506
5511
5514
5517
5517
5521
5523
5524
5525
5529
5532
5535
5537
5543
5544
5547
5548
5548
5551
5552
5552
5557
5561
5565
5566
5570
5572
5579
5581
5590
5591
5591
5596
5597
5601
5605
5605
5620
5621
5625
5629
5631
5633
5645
5650
5651
5653
5661
5661
5663
5663
5664
5664
5667
5668
5671
5671
5673
5674
5677
5678
5679
5683
5689
5690
5690
5692
5697
5701
5704
5704
5710
5711
5718
5719
5720
5722
5723
5724
5724
5728
5729
5731
5735
5740
5745
5753
5757
5757
5759
5760
5760
5761
5766
5774
5779
5780
5780
5791
5793
5794
5797
5797
5798
5798
5812
5812
5816
5820
5828
5828
5836
5842
5844
5847
5849
5854
5854
5860
5861
5873
5874
5879
5882
5882
5883
5885
5889
5890
5892
5900
5901
5905
5913
5916
5917
5920
5920
5922
5923
5926
5927
5931
5932
5934
5939
5944
5957
5968
5969
5970
5971
5973
5974
5976
5978
5982
5983
5985
5986
5988
5988
5992
5994
5998
6001
6002
6013
6020
6021
6026
6028
6030
6034
6034
6043
6048
6053
6062
6064
6072
6075
6076
6076
6078
6079
6081
6081
6084
6086
6095
6098
6101
6104
6104
6106
6106
6115
6118
6124
6128
6133
6135
6135
6136
6138
6143
6152
6159
6161
6163
6165
6170
6178
6180
6180
6182
6184
6185
6188
6191
6195
6204
6206
6210
6212
6217
6221
6227
6230
6233
6238
6238
6240
6241
6245
6245
6246
6246
6248
6249
6252
6260
6261
6261
6270
6275
6277
6279
6281
6284
6285
6291
6292
6298
6298
6299
6300
6301
6306
6309
6309
6311
6311
6313
6321
6325
6329
6330
6332
6333
6335
6336
6340
6344
6351
6357
6360
6361
6362
6364
6368
6368
6372
6375
6378
6379
6379
6380
6384
6388
6390
6391
6395
6400
6404
6406
6418
6431
6433
6435
6436
6436
6438
6439
6446
6449
6457
6459
6463
6466
6469
6471
6477
6479
6485
6485
6492
6493
6493
6495
6500
6502
6504
6509
6514
6516
6520
6522
6531
6537
6537
6538
6541
6546
6553
6553
6555
6560
6563
6564
6565
6576
6580
6581
6582
6584
6606
6609
6611
6612
6612
6613
6613
6616
6619
6619
6620
6621
6623
6636
6637
6637
6637
6642
6642
6651
6651
6653
6656
6661
6664
6666
6671
6675
6677
6681
6682
6688
6688
6688
6689
6690
6691
6692
6692
6694
6694
6703
6705
6705
6722
6723
6726
6733
6733
6735
6737
6743
6748
6749
6754
6755
6757
6759
6759
6760
6766
6779
6780
6796
6798
6799
6805
6810
6813
6814
6821
6828
6832
6835
6838
6841
6846
6848
6848
6848
6848
6853
6853
6854
6854
6855
6862
6866
6868
6873
6874
6878
6878
6879
6882
6883
6887
6893
6906
6912
6917
6917
6920
6920
6921
6924
6925
6927
6929
6930
6934
6936
6941
6942
6943
6950
6954
6954
6959
6960
6961
6961
6962
6964
6966
6975
6981
6981
6985
6990
6994
6996
6999
7006
7007
7012
7016
7016
7020
7029
7030
7043
7043
7049
7057
7061
7063
7068
7068
7073
7079
7086
7087
7087
7088
7094
7095
7106
7108
7110
7113
7117
7118
7120
7120
7124
7124
7125
7126
7127
7130
7132
7134
7140
7142
7148
7149
7150
7153
7155
7155
7158
7158
7158
7169
7170
7170
7172
7173
7174
7175
7177
7185
7191
7191
7196
7198
7200
7201
7202
7202
7209
7211
7213
7217
7220
7225
7232
7238
7243
7249
7261
7263
7264
7265
7266
7267
7269
7271
7273
7274
7274
7280
7281
7291
7291
7292
7292
7299
7304
7305
7311
7313
7315
7315
7316
7320
7324
7325
7328
7328
7341
7343
7344
7346
7353
7354
7355
7356
7361
7363
7367
7367
7370
7370
7371
7374
7375
7378
7379
7385
7386
7390
7391
7393
7393
7394
7402
7407
7407
7408
7410
7411
7412
7413
7416
7417
7424
7425
7434
7439
7442
7442
7454
7454
7455
7455
7456
7456
7466
7466
7468
7469
7473
7474
7475
7477
7483
7483
7488
7491
7493
7494
7498
7500
7506
7506
7520
7522
7525
7525
7529
7530
7531
7534
7536
7538
7542
7544
7555
7555
7556
7557
7566
7568
7573
7580
7582
7582
7582
7587
7602
7605
7610
7611
7614
7615
7615
7621
7621
7623
7623
7624
7624
7628
7628
7629
7632
7633
7634
7641
7651
7651
7654
7657
7660
7662
7671
7671
7672
7676
7681
7681
7693
7693
7695
7695
7697
7697
7705
7708
7710
7711
7712
7712
7716
7717
7719
7720
7725
7729
7729
7729
7730
7731
7735
7738
7743
7744
7744
7747
7752
7759
7767
7774
7777
7779
7779
7783
7786
7787
7792
7797
7798
7799
7801
7803
7806
7813
7813
7817
7826
7828
7832
7838
7843
7846
7851
7852
7856
7862
7868
7870
7871
7871
7871
7876
7879
7879
7885
7886
7895
7896
7899
7899
7903
7906
7908
7910
7920
7921
7927
7928
7929
7930
7931
7934
7934
7937
7938
7945
7948
7950
7951
7956
7956
7959
7960
7961
7961
7963
7964
7965
7967
7969
7972
7976
7986
7986
7989
7990
7999
8005
8013
8020
8029
8036
8036
8037
8039
8042
8046
8046
8047
8050
8051
8052
8058
8059
8059
8060
8063
8065
8067
8070
8077
8079
8079
8084
8091
8091
8096
8098
8099
8100
8100
8105
8106
8107
8109
8110
8118
8130
8133
8144
8148
8151
8153
8154
8162
8162
8163
8167
8172
8173
8177
8188
8198
8201
8201
8216
8222
8224
8232
8241
8245
8245
8245
8246
8249
8252
8254
8256
8257
8266
8274
8276
8276
8277
8290
8290
8294
8295
8297
8309
8310
8311
8314
8314
8315
8315
8325
8329
8331
8339
8341
8341
8343
8348
8349
8352
8353
8360
8361
8364
8365
8366
8375
8379
8379
8382
8383
8384
8385
8387
8391
8399
8401
8403
8406
8421
8422
8423
8423
8429
8434
8439
8441
8442
8444
8447
8448
8449
8453
8454
8454
8455
8457
8458
8461
8464
8465
8472
8476
8478
8478
8480
8481
8484
8487
8489
8490
8491
8495
8500
8506
8507
8515
8517
8522
8523
8525
8535
8536
8541
8542
8544
8544
8546
8547
8549
8550
8550
8555
8557
8558
8564
8569
8574
8574
8574
8575
8583
8587
8591
8593
8605
8607
8613
8615
8616
8619
8620
8622
8625
8626
8627
8627
8631
8644
8644
8648
8649
8650
8650
8653
8654
8655
8655
8661
8665
8668
8668
8671
8687
8689
8690
8690
8691
8695
8695
8697
8702
8704
8705
8710
8712
8730
8731
8733
8744
8752
8754
8759
8762
8776
8778
8778
8781
8785
8791
8796
8800
8801
8807
8809
8810
8816
8817
8820
8821
8827
8833
8833
8837
8837
8849
8852
8855
8857
8858
8872
8878
8879
8885
8887
8892
8897
8898
8899
8903
8911
8915
8916
8918
8918
8921
8924
8926
8926
8929
8931
8938
8947
8959
8961
8961
8962
8965
8975
8976
8976
8977
8978
8979
8985
8986
8988
8989
8991
8996
9003
9004
9004
9005
9009
9014
9014
9018
9018
9026
9032
9041
9045
9046
9053
9054
9062
9064
9076
9077
9081
9081
9081
9083
9085
9085
9086
9088
9089
9090
9095
9095
9096
9098
9109
9112
9115
9116
9125
9131
9134
9134
9136
9144
9154
9155
9159
9162
9162
9163
9164
9165
9166
9172
9184
9184
9190
9192
9193
9198
9201
9205
9211
9211
9212
9213
9218
9220
9221
9231
9231
9239
9240
9240
9241
9241
9243
9244
9245
9255
9259
9265
9268
9271
9276
9278
9278
9279
9281
9281
9290
9291
9293
9300
9303
9303
9309
9310
9315
9316
9322
9322
9322
9323
9324
9326
9335
9336
9336
9336
9340
9341
9347
9355
9359
9365
9366
9371
9372
9381
9382
9384
9385
9385
9387
9392
9394
9397
9410
9411
9415
9419
9420
9425
9426
9427
9429
9435
9435
9437
9441
9443
9444
9447
9450
9450
9453
9454
9456
9458
9459
9461
9465
9468
9468
9469
9475
9479
9481
9484
9485
9488
9489
9489
9502
9504
9504
9508
9509
9512
9514
9522
9524
9526
9527
9532
9537
9538
9541
9544
9547
9548
9549
9550
9551
9558
9564
9570
9573
9574
9575
9577
9581
9581
9581
9582
9586
9591
9593
9596
9601
9604
9608
9612
9613
9613
9617
9617
9618
9631
9637
9638
9649
9653
9655
9659
9668
9674
9677
9678
9680
9681
9684
9688
9688
9690
9692
9694
9709
9710
9716
9727
9727
9735
9743
9745
9746
9748
9749
9755
9757
9762
9763
9765
9770
9773
9774
9778
9781
9782
9783
9786
9790
9790
9794
9798
9799
9801
9804
9816
9820
9824
9825
9830
9830
9830
9834
9835
9838
9839
9843
9850
9855
9856
9859
9862
9862
9863
9865
9865
9865
9869
9870
9873
9880
9880
9880
9882
9885
9890
9892
9895
9899
9903
9906
9909
9911
9912
9915
9915
9920
9927
9931
9934
9935
9937
9940
9953
9955
9955
9958
9962
9962
9964
9967
9970
9970
9978
9979
9980
9981
9981
9983
9985
9988
9988
9989
9996
9998
10003
10003
10009
10010
10020
10022
10026
10037
10038
10041
10044
10052
10052
10053
10056
10060
10062
10073
10073
10074
10074
10076
10077
10078
10082
10087
10087
10090
10091
10091
10096
10097
10099
10099
10100
10106
10110
10112
10115
10116
10118
10118
10120
10123
10124
10125
10128
10137
10147
10153
10156
10156
10156
10164
10190
10191
10193
10195
10195
10201
10204
10207
10209
10215
10222
10223
10225
10236
10236
10236
10241
10241
10248
10250
10253
10256
10267
10283
10285
10287
10292
10295
10296
10299
10305
10318
10320
10322
10333
10335
10347
10350
10352
10357
10358
10364
10366
10367
10370
10375
10379
10385
10386
10389
10390
10395
10402
10402
10403
10407
10409
10426
10432
10433
10435
10437
10444
10448
10453
10453
10454
10455
10461
10463
10466
10474
10478
10483
10483
10484
10485
10489
10491
10491
10492
10496
10496
10496
10498
10505
10509
10517
10519
10521
10526
10528
10528
10528
10532
10535
10540
10541
10548
10550
10552
10557
10560
10572
10576
10578
10581
10581
10585
10586
10586
10591
10596
10599
10600
10607
10617
10621
10622
10625
10625
10630
10632
10634
10642
10644
10647
10651
10653
10655
10664
10668
10670
10672
10673
10674
10676
10689
10695
10697
10697
10703
10705
10706
10711
10715
10716
10718
10722
10724
10727
10733
10735
10736
10739
10745
10745
10753
10755
10757
10762
10764
10766
10767
10767
10768
10768
10776
10786
10789
10789
10793
10794
10796
10797
10799
10800
10803
10805
10806
10812
10814
10815
10816
10820
10827
10827
10831
10834
10835
10835
10837
10838
10850
10851
10865
10866
10869
10870
10873
10877
10881
10884
10885
10892
10893
10895
10897
10902
10903
10904
10908
10912
10914
10916
10923
10935
10937
10940
10942
10948
10951
10961
10965
10968
10972
10972
10973
10975
10981
10986
10986
10995
11000
11006
11007
11014
11018
11018
11021
11023
11026
11027
11031
11032
11035
11036
11036
11040
11045
11051
11051
11053
11055
11064
11066
11075
11077
11077
11078
11078
11083
11095
11102
11103
11104
11109
11118
11120
11122
11124
11126
11127
11129
11130
11130
11136
11138
11141
11143
11146
11149
11153
11153
11155
11165
11166
11172
11189
11191
11197
11207
11210
11210
11219
11221
11222
11224
11230
11233
11233
11233
11237
11238
11243
11254
11256
11256
11259
11266
11271
11272
11273
11276
11277
11279
11279
11283
11288
11291
11303
11306
11312
11314
11315
11318
11322
11331
11332
11334
11336
11338
11340
11351
11352
11354
11367
11368
11369
11370
11377
11378
11382
11385
11385
11387
11388
11393
11403
11405
11409
11410
11414
11416
11416
11416
11421
11424
11428
11431
11435
11438
11445
11449
11456
11460
11462
11464
11467
11469
11472
11474
11492
11494
11495
11500
11506
11512
11512
11514
11518
11518
11521
11527
11528
11530
11531
11535
11536
11540
11541
11542
11542
11543
11543
11544
11553
11555
11557
11560
11565
11566
11569
11574
11578
11580
11582
11583
11589
11591
11591
11597
11600
11602
11607
11609
11612
11613
11616
11619
11620
11620
11632
11634
11638
11641
11642
11645
11646
11651
11654
11655
11655
11677
11684
11689
11696
11697
11702
11706
11708
11714
11715
11718
11719
11721
11721
11721
11722
11727
11727
11733
11734
11734
11744
11750
11754
11755
11755
11766
11771
11772
11781
11785
11786
11788
11791
11796
11801
11805
11807
11812
11823
11833
11836
11844
11846
11847
11848
11850
11855
11857
11859
11859
11862
11864
11865
11865
11866
11866
11868
11870
11874
11874
11878
11882
11884
11885
11886
11893
11896
11898
11910
11912
11912
11923
11926
11927
11928
11931
11934
11935
11943
11946
11954
11955
11956
11957
11959
11965
11968
11968
11969
11973
11981
11983
11985
11990
11991
11996
12006
12006
12010
12011
12013
12014
12018
12020
12022
12024
12027
12028
12031
12034
12034
12035
12037
12039
12043
12045
12046
12048
12051
12053
12053
12057
12060
12065
12068
12069
12073
12073
12077
12085
12086
12093
12094
12094
12094
12098
12100
12103
12108
12108
12108
12111
12116
12118
12119
12121
12122
12123
12131
12132
12141
12141
12151
12153
12162
12166
12167
12169
12173
12173
12175
12178
12179
12181
12182
12182
12183
12187
12188
12189
12193
12196
12198
12213
12216
12225
12226
12235
12236
12240
12240
12245
12248
12248
12250
12256
12261
12265
12267
12276
12278
12286
12294
12294
12295
12296
12303
12305
12307
12308
12311
12313
12314
12315
12315
12316
12317
12318
12319
12326
12329
12329
12330
12337
12337
12343
12345
12347
12349
12355
12365
12366
12371
12375
12382
12397
12398
12405
12405
12408
12412
12422
12423
12425
12431
12433
12433
12435
12439
12440
12444
12445
12446
12447
12450
12452
12452
12453
12456
12457
12463
12463
12464
12464
12469
12469
12470
12471
12471
12473
12482
12483
12483
12495
12497
12499
12501
12501
12503
12506
12513
12513
12519
12520
12521
12523
12524
12528
12537
12541
12551
12551
12551
12552
12553
12553
12557
12559
12562
12563
12566
12568
12590
12592
12604
12605
12607
12607
12608
12609
12612
12616
12618
12625
12630
12633
12634
12635
12636
12636
12639
12645
12645
12654
12660
12665
12666
12667
12669
12672
12678
12678
12678
12686
12687
12690
12691
12692
12694
12694
12695
12698
12703
12708
12719
12729
12729
12737
12738
12739
12741
12746
12754
12761
12765
12767
12774
12774
12775
12781
12781
12797
12799
12801
12810
12814
12817
12823
12824
12825
12826
12831
12842
12844
12847
12849
12852
12856
12864
12865
12868
12873
12880
12881
12887
12889
12890
12890
12893
12904
12918
12923
12926
12927
12928
12935
12937
12946
12948
12958
12959
12962
12972
12974
12976
12978
12986
12994
12996
13000
13006
13010
13011
13014
13016
13023
13024
13027
13039
13039
13041
13043
13046
13049
13065
13069
13072
13073
13074
13074
13077
13079
13085
13088
13092
13093
13094
13103
13103
13110
13111
13112
13116
13116
13117
13125
13125
13140
13142
13145
13147
13147
13149
13151
13151
13153
13157
13159
13161
13171
13179
13180
13182
13183
13184
13185
13194
13209
13212
13213
13213
13217
13220
13221
13222
13223
13224
13238
13239
13243
13245
13246
13251
13253
13256
13260
13260
13264
13274
13287
13289
13296
13298
13300
13300
13311
13317
13330
13338
13348
13350
13351
13352
13355
13366
13369
13370
13374
13375
13376
13377
13379
13384
13395
13396
13399
13400
13401
13404
13405
13407
13416
13416
13418
13429
13433
13433
13437
13439
13443
13445
13447
13451
13454
13458
13460
13463
13466
13469
13469
13479
13482
13483
13485
13490
13500
13500
13504
13504
13512
13513
13516
13524
13524
13527
13529
13533
13543
13544
13548
13556
13559
13562
13563
13568
13576
13580
13598
13601
13608
13609
13610
13613
13615
13616
13616
13616
13624
13625
13631
13641
13643
13645
13650
13653
13661
13662
13662
13663
13667
13668
13671
13676
13677
13679
13682
13682
13694
13694
13695
13698
13700
13702
13704
13708
13712
13717
13718
13727
13738
13742
13743
13751
13758
13762
13768
13773
13775
13776
13783
13786
13793
13795
13797
13802
13803
13806
13810
13813
13815
13817
13818
13826
13827
13844
13847
13848
13853
13861
13863
13865
13869
13869
13870
13872
13877
13887
13889
13891
13892
13894
13894
13894
13895
13897
13899
13905
13907
13907
13909
13910
13914
13914
13915
13919
13922
13927
13928
13930
13931
13935
13943
13946
13949
13950
13953
13963
13968
13970
13970
13976
13981
13983
13991
14003
14003
14008
14019
14019
14027
14028
14030
14031
14033
14035
14035
14036
14039
14046
14054
14055
14057
14067
14074
14081
14082
14083
14093
14094
14095
14096
14099
14103
14105
14105
14106
14109
14112
14112
14113
14113
14130
14133
14133
14135
14135
14151
14151
14156
14160
14161
14161
14164
14165
14168
14171
14173
14181
14183
14194
14201
14202
14204
14219
14219
14221
14229
14230
14231
14234
14236
14237
14255
14258
14265
14271
14272
14274
14274
14277
14278
14283
14284
14287
14288
14290
14295
14299
14303
14304
14307
14308
14316
14317
14325
14325
14325
14328
14330
14330
14331
14332
14332
14334
14335
14339
14350
14353
14356
14363
14363
14364
14367
14368
14369
14382
14392
14395
14398
14417
14419
14420
14426
14430
14432
14437
14442
14450
14462
14462
14463
14465
14468
14469
14473
14475
14479
14481
14483
14483
14485
14486
14488
14493
14495
14499
14505
14506
14508
14516
14516
14519
14523
14523
14525
14528
14531
14533
14535
14536
14538
14540
14542
14546
14548
14557
14559
14565
14566
14567
14573
14574
14574
14576
14576
14577
14586
14588
14589
14593
14594
14595
14595
14603
14609
14610
14610
14612
14613
14617
14621
14622
14626
14627
14629
14632
14639
14643
14648
14651
14651
14654
14654
14656
14660
14663
14664
14667
14669
14670
14674
14675
14679
14680
14681
14687
14688
14695
14695
14695
14698
14699
14701
14701
14712
14726
14736
14738
14746
14746
14749
14749
14751
14752
14756
14763
14764
14769
14770
14770
14776
14780
14793
14795
14796
14798
14801
14801
14802
14806
14816
14817
14817
14825
14841
14846
14848
14850
14858
14859
14859
14860
14862
14863
14867
14867
14869
14876
14876
14882
14884
14884
14887
14888
14888
14890
14899
14899
14900
14906
14906
14909
14910
14911
14916
14917
14918
14920
14920
14920
14930
14930
14933
14940
14942
14942
14943
14947
14949
14950
14954
14955
14957
14958
14959
14959
14960
14965
14966
14966
14967
14971
14976
14976
14983
14986
14986
14994
14995
15002
15005
15006
15008
15012
15013
15016
15017
15022
15023
15024
15025
15027
15028
15029
15039
15039
15041
15045
15045
15045
15048
15053
15057
15060
15068
15069
15073
15073
15075
15075
15081
15086
15089
15095
15097
15102
15107
15109
15118
15121
15126
15131
15131
15134
15134
15137
15145
15149
15163
15170
15174
15177
15183
15184
15185
15186
15190
15191
15193
15195
15197
15200
15200
15205
15205
15212
15216
15216
15218
15219
15221
15223
15232
15232
15236
15244
15245
15246
15247
15254
15254
15259
15260
15263
15266
15271
15274
15282
15283
15284
15297
15301
15302
15304
15305
15306
15314
15317
15319
15321
15325
15331
15332
15335
15338
15344
15345
15349
15351
15354
15367
15367
15370
15380
15382
15386
15390
15390
15392
15392
15399
15399
15403
15404
15418
15423
15425
15425
15426
15432
15435
15437
15437
15439
15444
15446
15447
15450
15453
15459
15461
15461
15462
15463
15464
15465
15472
15484
15492
15498
15498
15502
15503
15504
15509
15512
15520
15542
15543
15546
15546
15547
15552
15554
15558
15559
15560
15564
15574
15575
15575
15577
15584
15587
15589
15594
15599
15605
15606
15608
15613
15614
15622
15625
15632
15634
15638
15643
15644
15648
15652
15660
15663
15664
15669
15670
15672
15674
15677
15678
15679
15681
15684
15686
15688
15693
15698
15702
15704
15705
15706
15707
15710
15711
15713
15716
15719
15725
15726
15733
15735
15737
15739
15740
15742
15747
15754
15756
15760
15761
15764
15764
15765
15765
15767
15769
15772
15777
15779
15781
15784
15785
15791
15792
15797
15797
15805
15811
15815
15820
15824
15826
15828
15828
15829
15831
15839
15840
15844
15848
15857
15861
15865
15866
15872
15873
15874
15877
15877
15880
15882
15885
15887
15898
15901
15902
15905
15907
15908
15909
15912
15915
15916
15916
15918
15921
15931
15937
15948
15951
15952
15954
15955
15956
15959
15962
15964
15967
15969
15971
15974
15979
15979
15980
15980
15981
15984
15986
15987
15988
15989
15993
15995
15996
16004
16005
16007
16011
16011
16014
16023
16026
16028
16028
16029
16029
16029
16031
16031
16032
16034
16035
16037
16054
16056
16064
16068
16068
16074
16077
16079
16080
16080
16082
16086
16092
16107
16112
16117
16119
16122
16124
16128
16129
16131
16137
16138
16139
16143
16145
16146
16148
16154
16156
16164
16175
16180
16183
16185
16193
16195
16195
16196
16197
16200
16202
16206
16215
16217
16217
16217
16225
16229
16239
16243
16247
16249
16251
16257
16257
16259
16263
16265
16265
16268
16271
16271
16274
16276
16283
16288
16288
16289
16295
16307
16308
16314
16316
16316
16317
16317
16319
16323
16323
16324
16325
16331
16337
16338
16343
16344
16345
16345
16348
16355
16358
16362
16369
16375
16379
16382
16396
16408
16409
16411
16413
16413
16414
16415
16417
16417
16417
16418
16424
16427
16431
16438
16440
16447
16449
16452
16468
16473
16477
16479
16480
16482
16484
16484
16487
16490
16493
16493
16499
16499
16501
16505
16507
16508
16508
16515
16516
16522
16524
16524
16525
16526
16528
16530
16530
16532
16535
16541
16548
16548
16549
16549
16550
16552
16553
16554
16555
16557
16559
16559
16570
16574
16576
16577
16578
16584
16588
16589
16595
16606
16609
16616
16617
16626
16627
16644
16645
16651
16654
16657
16659
16662
16664
16665
16675
16686
16687
16688
16688
16692
16696
16699
16699
16702
16705
16705
16705
16706
16712
16714
16719
16719
16734
16737
16737
16741
16742
16754
16754
16755
16761
16762
16767
16776
16779
16782
16782
16782
16788
16792
16799
16801
16801
16803
16804
16811
16814
16816
16817
16829
16829
16830
16831
16835
16840
16840
16846
16847
16857
16857
16862
16866
16866
16866
16867
16870
16870
16876
16877
16877
16879
16880
16888
16890
16891
16897
16898
16902
16908
16909
16918
16921
16922
16926
16928
16929
16933
16939
16939
16940
16941
16944
16950
16950
16951
16951
16954
16958
16959
16963
16967
16968
16973
16977
16979
16981
16984
16989
16990
16990
17004
17006
17012
17014
17016
17017
17020
17021
17024
17025
17033
17034
17038
17040
17044
17050
17051
17051
17053
17057
17060
17061
17062
17064
17064
17066
17068
17077
17078
17085
17089
17092
17098
17098
17101
17102
17106
17107
17114
17119
17121
17125
17127
17129
17139
17145
17145
17147
17150
17151
17151
17153
17154
17155
17158
17169
17170
17176
17178
17178
17179
17181
17185
17187
17187
17189
17196
17196
17201
17218
17222
17224
17224
17228
17228
17228
17243
17243
17244
17245
17253
17255
17256
17260
17270
17272
17275
17276
17284
17285
17287
17287
17292
17297
17299
17302
17302
17304
17309
17309
17312
17325
17326
17331
17335
17338
17339
17344
17351
17358
17363
17364
17365
17366
17370
17374
17377
17380
17385
17385
17397
17398
17405
17409
17412
17415
17416
17417
17418
17424
17425
17430
17434
17435
17435
17444
17446
17456
17459
17464
17472
17474
17477
17491
17492
17499
17499
17511
17516
17525
17526
17533
17533
17544
17546
17551
17551
17554
17556
17558
17568
17568
17569
17572
17577
17577
17581
17587
17590
17590
17596
17596
17603
17607
17609
17611
17613
17615
17618
17619
17624
17626
17628
17629
17631
17634
17634
17642
17642
17643
17645
17649
17653
17654
17656
17660
17661
17662
17664
17666
17668
17676
17678
17686
17701
17703
17708
17712
17713
17713
17714
17717
17724
17736
17737
17739
17747
17747
17748
17753
17753
17754
17754
17755
17756
17760
17764
17770
17770
17772
17779
17779
17780
17783
17783
17784
17784
17786
17787
17798
17798
17805
17806
17807
17816
17817
17822
17828
17829
17831
17831
17843
17844
17845
17846
17850
17852
17858
17864
17864
17870
17870
17881
17886
17887
17892
17893
17901
17901
17902
17903
17905
17911
17911
17913
17917
17921
17928
17933
17933
17942
17947
17948
17952
17957
17960
17963
17966
17969
17970
17971
17974
17980
17982
17982
17986
17992
17993
18000
18001
18006
18010
18017
18023
18024
18024
18036
18039
18040
18051
18056
18058
18061
18062
18064
18069
18069
18076
18077
18078
18078
18080
18081
18082
18082
18084
18085
18087
18088
18096
18098
18106
18109
18120
18122
18128
18139
18141
18144
18153
18155
18170
18173
18173
18173
18176
18180
18182
18186
18186
18189
18194
18194
18195
18195
18195
18199
18199
18199
18203
18212
18213
18214
18217
18221
18223
18230
18237
18244
18245
18250
18251
18255
18255
18259
18261
18262
18262
18263
18265
18267
18268
18269
18272
18278
18279
18286
18288
18293
18303
18310
18312
18318
18319
18322
18324
18324
18326
18330
18335
18338
18339
18342
18347
18352
18353
18353
18355
18364
18364
18365
18366
18368
18375
18384
18384
18407
18409
18409
18410
18413
18413
18414
18415
18416
18421
18429
18429
18431
18433
18442
18446
18454
18454
18455
18455
18455
18456
18459
18460
18460
18463
18463
18463
18467
18469
18469
18473
18473
18476
18481
18485
18485
18489
18489
18492
18497
18499
18505
18509
18509
18509
18510
18513
18518
18520
18522
18527
18530
18532
18533
18536
18537
18543
18548
18549
18550
18552
18557
18558
18561
18568
18569
18570
18570
18572
18578
18584
18586
18588
18595
18595
18599
18603
18603
18605
18609
18609
18620
18623
18624
18625
18628
18633
18635
18635
18637
18637
18641
18646
18648
18649
18654
18655
18656
18662
18667
18669
18671
18673
18675
18680
18685
18688
18688
18690
18690
18693
18693
18693
18694
18697
18698
18699
18701
18704
18706
18718
18726
18726
18727
18731
18736
18736
18737
18739
18740
18745
18746
18746
18747
18749
18749
18750
18753
18756
18760
18766
18771
18772
18773
18774
18774
18775
18775
18777
18780
18782
18782
18783
18783
18784
18784
18785
18800
18810
18822
18823
18831
18833
18836
18837
18838
18841
18847
18849
18852
18852
18854
18860
18860
18861
18863
18866
18871
18878
18880
18887
18896
18898
18901
18901
18911
18914
18928
18929
18930
18934
18936
18944
18945
18952
18952
18958
18967
18967
18971
18974
18975
18976
18977
18992
19003
19010
19013
19017
19021
19023
19027
19029
19030
19030
19032
19033
19045
19045
19047
19050
19050
19054
19057
19060
19067
19073
19074
19083
19084
19099
19105
19118
19121
19129
19140
19140
19143
19151
19155
19162
19162
19168
19168
19170
19172
19185
19189
19190
19202
19205
19207
19207
19209
19209
19213
19213
19220
19224
19225
19225
19231
19234
19235
19240
19242
19243
19261
19263
19275
19278
19291
19295
19295
19301
19311
19316
19323
19327
19333
19334
19337
19343
19346
19351
19351
19359
19359
19362
19363
19363
19364
19364
19367
19370
19371
19373
19374
19378
19383
19385
19388
19389
19396
19396
19397
19400
19403
19405
19406
19412
19414
19415
19417
19418
19427
19428
19429
19439
19441
19444
19447
19447
19453
19459
19459
19475
19477
19479
19479
19483
19487
19492
19498
19499
19501
19503
19506
19514
19515
19518
19525
19527
19529
19530
19531
19536
19542
19543
19549
19550
19557
19582
19584
19584
19589
19591
19592
19594
19597
19599
19614
19618
19620
19625
19632
19633
19634
19636
19643
19643
19648
19650
19653
19655
19658
19660
19663
19667
19668
19669
19671
19675
19675
19677
19679
19679
19688
19690
19700
19708
19709
19712
19720
19720
19723
19728
19731
19734
19735
19737
19740
19744
19754
19756
19761
19764
19769
19775
19778
19800
19801
19806
19806
19807
19812
19815
19821
19821
19823
19825
19832
19832
19840
19840
19844
19848
19854
19857
19861
19865
19866
19869
19876
19876
19879
19880
19881
19883
19889
19890
19895
19899
19912
19914
19923
19924
19925
19928
19930
19932
19945
19949
19952
19964
19968
19970
19973
19980
19983
19984
19987
19990
19993
19994
19996
19998
19998
20000
20000
20000
20002
20004
20008
20011
20020
20023
20025
20027
20028
20030
20033
20033
20037
20040
20043
20045
20048
20055
20056
20057
20069
20069
20070
20073
20074
20076
20076
20076
20078
20079
20083
20087
20087
20088
20089
20091
20097
20100
20109
20110
20111
20111
20115
20117
20117
20134
20135
20135
20148
20157
20160
20161
20170
20177
20179
20180
20182
20183
20187
20193
20213
20213
20213
20217
20219
20222
20223
20224
20225
20230
20232
20235
20243
20245
20251
20252
20260
20260
20264
20269
20269
20272
20281
20288
20294
20295
20296
20297
20301
20303
20307
20309
20310
20314
20317
20317
20325
20330
20337
20341
20342
20343
20345
20347
20347
20350
20352
20354
20356
20357
20361
20363
20366
20368
20371
20372
20373
20381
20385
20387
20391
20394
20396
20422
20427
20431
20434
20435
20437
20442
20443
20443
20454
20458
20459
20460
20462
20463
20463
20465
20466
20470
20471
20474
20476
20477
20479
20481
20488
20490
20491
20493
20495
20497
20498
20501
20505
20508
20508
20512
20516
20520
20528
20528
20530
20531
20534
20542
20546
20549
20551
20553
20560
20565
20566
20566
20566
20573
20574
20576
20577
20578
20579
20583
20585
20588
20595
20602
20605
20609
20610
20629
20640
20645
20648
20648
20649
20650
20651
20654
20655
20656
20658
20663
20673
20681
20682
20684
20690
20693
20697
20703
20709
20719
20721
20727
20728
20735
20761
20764
20764
20766
20767
20775
20778
20780
20783
20787
20793
20794
20795
20798
20800
20803
20805
20806
20809
20811
20821
20821
20821
20824
20828
20828
20829
20835
20836
20848
20850
20851
20854
20855
20857
20862
20862
20863
20865
20873
20878
20880
20885
20886
20886
20888
20890
20893
20893
20902
20902
20905
20910
20914
20921
20923
20934
20934
20935
20937
20939
20941
20945
20946
20947
20949
20963
20964
20965
20967
20967
20968
20969
20969
20972
20973
20975
20985
20985
20986
20988
20994
20995
20998
21003
21006
21007
21007
21010
21010
21010
21013
21013
21014
21015
21021
21025
21029
21037
21042
21044
21045
21048
21048
21055
21055
21056
21057
21057
21061
21066
21073
21076
21076
21078
21079
21080
21082
21087
21092
21093
21094
21095
21095
21100
21109
21110
21116
21119
21120
21120
21129
21130
21135
21139
21145
21146
21152
21155
21162
21163
21165
21165
21170
21172
21172
21180
21182
21185
21187
21198
21198
21199
21202
21202
21205
21206
21207
21209
21219
21225
21226
21242
21243
21245
21249
21252
21252
21257
21259
21270
21272
21273
21277
21280
21286
21287
21287
21289
21297
21297
21299
21299
21300
21301
21306
21306
21316
21316
21319
21320
21321
21327
21329
21336
21339
21343
21354
21355
21356
21359
21361
21363
21363
21364
21366
21368
21370
21372
21382
21387
21390
21393
21395
21398
21400
21403
21404
21406
21415
21416
21426
21429
21431
21437
21440
21446
21447
21448
21453
21455
21456
21459
21461
21462
21463
21463
21464
21464
21468
21470
21479
21482
21486
21489
21489
21490
21490
21492
21496
21500
21501
21505
21507
21532
21535
21535
21543
21547
21548
21551
21556
21556
21557
21557
21562
21564
21565
21570
21570
21571
21585
21587
21588
21597
21599
21603
21603
21607
21610
21611
21613
21623
21624
21625
21627
21628
21640
21650
21658
21661
21661
21664
21665
21672
21673
21674
21674
21681
21681
21683
21694
21694
21701
21710
21713
21716
21718
21722
21729
21731
21732
21732
21732
21737
21745
21747
21747
21753
21754
21754
21754
21758
21764
21765
21770
21778
21778
21779
21781
21782
21784
21793
21795
21798
21800
21800
21811
21815
21818
21818
21821
21831
21835
21835
21843
21844
21844
21847
21847
21860
21863
21872
21874
21878
21881
21883
21883
21888
21889
21890
21891
21892
21895
21897
21898
21898
21906
21914
21916
21918
21919
21921
21922
21923
21923
21929
21932
21935
21936
21944
21944
21946
21949
21953
21954
21955
21956
21959
21962
21965
21968
21972
21972
21979
21983
21986
21987
21991
21992
22002
22002
22005
22008
22013
22018
22021
22023
22026
22027
22028
22037
22039
22043
22044
22044
22044
22048
22057
22069
22074
22075
22075
22077
22078
22083
22086
22089
22090
22094
22095
22097
22098
22104
22105
22117
22120
22131
22139
22139
22141
22142
22159
22159
22159
22160
22160
22161
22161
22163
22177
22180
22181
22184
22189
22193
22193
22197
22201
22202
22207
22209
22215
22218
22221
22223
22227
22231
22232
22240
22242
22249
22249
22250
22254
22259
22262
22264
22264
22264
22265
22266
22268
22269
22270
22271
22272
22277
22286
22286
22287
22289
22292
22295
22304
22308
22312
22313
22317
22320
22322
22325
22334
22334
22335
22337
22353
22363
22366
22369
22375
22379
22379
22384
22392
22401
22401
22403
22404
22404
22408
22408
22410
22411
22412
22418
22432
22432
22432
22441
22442
22444
22448
22462
22466
22469
22478
22486
22488
22493
22497
22503
22506
22508
22508
22510
22512
22514
22525
22526
22530
22531
22533
22533
22544
22546
22546
22552
22553
22553
22554
22561
22561
22563
22566
22568
22569
22570
22572
22574
22574
22576
22577
22579
22587
22588
22590
22591
22592
22595
22596
22600
22603
22604
22613
22623
22625
22640
22643
22645
22647
22647
22651
22656
22659
22664
22666
22669
22673
22674
22679
22679
22682
22685
22694
22696
22699
22700
22723
22724
22729
22729
22730
22732
22738
22744
22754
22758
22758
22764
22765
22769
22771
22783
22788
22788
22797
22799
22805
22817
22819
22822
22824
22825
22827
22827
22828
22830
22830
22831
22832
22838
22841
22844
22845
22853
22854
22855
22858
22861
22869
22873
22877
22883
22884
22890
22899
22909
22912
22913
22931
22933
22933
22937
22938
22940
22940
22942
22943
22945
22948
22948
22951
22954
22958
22958
22959
22960
22965
22972
22976
22980
22983
22989
22992
22992
22993
22998
23004
23005
23006
23006
23009
23010
23013
23015
23015
23016
23031
23032
23033
23038
23045
23057
23059
23059
23068
23076
23077
23084
23084
23087
23088
23091
23093
23094
23100
23102
23122
23124
23126
23136
23136
23141
23141
23148
23149
23152
23153
23156
23158
23160
23162
23163
23168
23172
23180
23181
23183
23190
23190
23193
23195
23199
23201
23203
23212
23214
23215
23217
23219
23220
23223
23226
23236
23237
23244
23247
23248
23253
23255
23256
23256
23258
23262
23267
23267
23276
23277
23278
23281
23284
23287
23287
23287
23294
23298
23301
23301
23302
23305
23308
23312
23313
23318
23319
23322
23324
23327
23327
23329
23333
23338
23339
23345
23346
23352
23353
23354
23356
23357
23358
23363
23364
23364
23364
23365
23367
23371
23372
23375
23383
23384
23385
23386
23387
23391
23392
23399
23399
23404
23406
23408
23413
23415
23426
23431
23433
23434
23436
23446
23448
23449
23453
23453
23465
23468
23469
23469
23469
23470
23471
23474
23475
23476
23476
23478
23479
23480
23481
23481
23482
23483
23485
23486
23487
23489
23490
23494
23495
23495
23499
23500
23501
23503
23509
23517
23522
23522
23523
23526
23527
23528
23535
23537
23542
23545
23551
23552
23560
23563
23566
23569
23569
23570
23572
23574
23575
23576
23584
23596
23596
23597
23598
23600
23602
23605
23608
23609
23615
23616
23622
23627
23643
23648
23652
23657
23657
23665
23665
23669
23670
23671
23673
23679
23690
23693
23694
23701
23702
23705
23705
23708
23715
23716
23721
23728
23732
23736
23739
23741
23743
23744
23747
23748
23748
23752
23754
23755
23758
23758
23759
23762
23763
23763
23766
23766
23767
23767
23771
23773
23773
23779
23782
23784
23784
23785
23789
23794
23801
23816
23817
23817
23818
23824
23827
23834
23835
23841
23847
23850
23856
23858
23864
23864
23867
23871
23875
23883
23884
23884
23889
23895
23900
23900
23901
23908
23909
23909
23910
23914
23918
23920
23927
23933
23935
23942
23942
23947
23949
23949
23953
23954
23955
23958
23960
23965
23969
23977
23979
23980
23984
23985
23987
23991
23999
24006
24008
24012
24012
24013
24015
24018
24030
24032
24035
24036
24038
24042
24047
24054
24055
24056
24061
24064
24064
24070
24071
24074
24074
24079
24090
24093
24093
24095
24103
24104
24104
24107
24114
24114
24120
24130
24135
24137
24137
24147
24156
24159
24162
24163
24164
24165
24170
24171
24175
24175
24179
24183
24188
24191
24192
24193
24201
24203
24206
24207
24207
24208
24210
24212
24212
24215
24222
24226
24232
24232
24242
24242
24244
24244
24245
24254
24257
24259
24262
24265
24270
24270
24271
24271
24277
24295
24295
24300
24300
24300
24303
24303
24305
24306
24307
24313
24323
24330
24331
24331
24334
24337
24342
24349
24350
24356
24358
24363
24366
24367
24375
24377
24378
24387
24393
24394
24399
24401
24404
24419
24431
24431
24432
24436
24439
24444
24445
24448
24457
24458
24463
24466
24466
24484
24492
24492
24500
24501
24505
24509
24512
24513
24514
24517
24518
24519
24521
24522
24523
24530
24530
24531
24535
24535
24536
24537
24543
24544
24549
24552
24556
24557
24558
24559
24565
24568
24574
24582
24583
24587
24592
24594
24596
24599
24602
24604
24604
24605
24610
24615
24616
24616
24617
24618
24619
24622
24623
24630
24637
24641
24646
24647
24647
24655
24658
24658
24660
24660
24664
24664
24667
24667
24669
24670
24670
24672
24673
24678
24681
24686
24686
24686
24691
24691
24691
24695
24699
24700
24704
24707
24711
24716
24726
24730
24731
24737
24738
24738
24740
24741
24744
24747
24751
24753
24760
24763
24771
24778
24781
24782
24783
24783
24785
24786
24787
24787
24788
24791
24794
24796
24798
24799
24802
24805
24808
24809
24809
24815
24817
24820
24822
24826
24831
24833
24839
24846
24853
24854
24855
24856
24861
24879
24880
24887
24890
24891
24892
24896
24897
24900
24905
24907
24912
24913
24918
24919
24924
24926
24932
24939
24941
24945
24947
24958
24959
24959
24965
24967
24969
24972
24979
24979
24980
24980
24980
24982
24988
24990
24998
25000
25014
25019
25021
25025
25028
25030
25031
25031
25036
25041
25042
25043
25049
25052
25054
25054
25055
25058
25062
25063
25065
25066
25066
25071
25078
25078
25079
25085
25089
25095
25098
25099
25121
25123
25127
25128
25130
25134
25138
25138
25145
25146
25147
25147
25151
25164
25167
25175
25184
25196
25197
25203
25205
25209
25212
25212
25218
25220
25221
25222
25225
25227
25228
25231
25233
25233
25236
25237
25240
25251
25251
25255
25261
25263
25270
25277
25287
25287
25288
25290
25290
25292
25296
25297
25299
25300
25302
25304
25306
25308
25318
25320
25323
25328
25339
25342
25346
25346
25349
25355
25357
25359
25361
25363
25367
25374
25382
25383
25387
25391
25395
25396
25398
25399
25401
25403
25407
25407
25413
25413
25414
25418
25418
25420
25424
25425
25427
25431
25440
25443
25443
25456
25460
25470
25472
25479
25483
25485
25492
25493
25502
25505
25508
25512
25514
25519
25520
25521
25530
25533
25536
25545
25546
25547
25555
25562
25564
25566
25566
25569
25570
25580
25582
25586
25587
25588
25605
25608
25617
25617
25621
25630
25630
25630
25633
25641
25641
25655
25655
25660
25661
25663
25668
25669
25669
25676
25685
25686
25688
25690
25694
25697
25700
25702
25704
25704
25707
25711
25711
25715
25721
25723
25731
25732
25742
25743
25743
25745
25746
25755
25756
25758
25760
25764
25769
25771
25772
25776
25782
25785
25785
25798
25799
25801
25802
25806
25810
25814
25817
25824
25825
25827
25831
25834
25834
25840
25842
25843
25849
25856
25857
25858
25858
25858
25864
25866
25867
25869
25871
25874
25876
25885
25887
25888
25888
25891
25898
25902
25903
25908
25913
25913
25913
25914
25918
25924
25930
25933
25939
25940
25943
25949
25952
25953
25959
25960
25967
25978
25982
25983
25992
26000
26007
26011
26011
26013
26013
26020
26026
26030
26031
26034
26034
26038
26045
26050
26057
26059
26063
26065
26065
26068
26068
26071
26072
26075
26075
26077
26085
26091
26091
26097
26099
26103
26103
26105
26110
26112
26114
26114
26115
26123
26127
26129
26133
26135
26136
26143
26144
26144
26145
26146
26148
26149
26149
26154
26156
26158
26158
26159
26162
26162
26168
26173
26174
26175
26177
26180
26180
26183
26189
26191
26192
26200
26201
26205
26206
26206
26210
26213
26214
26215
26226
26232
26234
26237
26238
26240
26241
26242
26243
26248
26253
26254
26258
26259
26259
26267
26274
26274
26276
26280
26281
26281
26281
26288
26298
26298
26300
26301
26301
26303
26305
26311
26320
26320
26321
26328
26329
26332
26339
26342
26344
26351
26353
26362
26367
26368
26373
26376
26380
26382
26390
26390
26397
26398
26398
26399
26403
26403
26407
26409
26411
26418
26420
26421
26423
26434
26442
26447
26447
26448
26454
26457
26459
26459
26460
26461
26462
26465
26466
26471
26471
26471
26472
26473
26476
26479
26481
26483
26485
26487
26487
26497
26501
26507
26507
26514
26517
26520
26520
26520
26523
26526
26540
26540
26540
26546
26558
26559
26561
26561
26569
26573
26574
26574
26575
26577
26578
26579
26581
26581
26581
26583
26584
26587
26591
26592
26594
26601
26604
26606
26608
26615
26615
26615
26625
26626
26626
26628
26629
26633
26635
26636
26637
26638
26639
26646
26647
26654
26655
26667
26670
26671
26671
26672
26674
26683
26685
26688
26688
26691
26693
26697
26700
26700
26701
26704
26706
26712
26715
26715
26722
26723
26727
26731
26732
26736
26738
26742
26742
26746
26750
26759
26761
26764
26766
26767
26768
26768
26770
26770
26771
26774
26775
26776
26778
26778
26782
26786
26786
26790
26792
26794
26794
26794
26796
26800
26801
26806
26807
26812
26818
26819
26828
26828
26829
26830
26837
26837
26839
26842
26845
26847
26853
26855
26857
26868
26877
26886
26888
26889
26891
26894
26895
26896
26905
26908
26910
26912
26917
26923
26927
26930
26932
26936
26940
26940
26941
26946
26948
26948
26949
26949
26951
26951
26955
26959
26961
26962
26963
26963
26964
26966
26974
26974
26980
26980
26981
26987
26990
26992
26993
26995
26997
27001
27006
27007
27008
27010
27016
27020
27027
27029
27030
27034
27035
27037
27044
27047
27049
27054
27054
27055
27066
27069
27075
27086
27086
27086
27088
27089
27094
27095
27095
27097
27099
27100
27102
27111
27112
27112
27114
27115
27116
27118
27119
27121
27124
27134
27137
27137
27137
27145
27147
27148
27149
27151
27151
27151
27154
27154
27155
27163
27165
27165
27168
27174
27175
27176
27177
27179
27184
27185
27194
27199
27202
27202
27203
27204
27206
27218
27219
27220
27225
27226
27228
27232
27233
27246
27250
27251
27257
27259
27262
27263
27264
27267
27267
27268
27270
27271
27274
27275
27275
27281
27285
27285
27297
27300
27301
27303
27308
27315
27316
27318
27318
27327
27330
27331
27334
27337
27345
27352
27352
27359
27362
27383
27395
27397
27399
27399
27402
27404
27410
27412
27412
27415
27416
27430
27433
27433
27443
27445
27446
27447
27449
27459
27460
27461
27465
27467
27467
27468
27469
27471
27476
27477
27482
27484
27486
27488
27491
27491
27491
27512
27514
27518
27519
27520
27534
27542
27543
27546
27548
27549
27558
27558
27559
27566
27569
27573
27580
27584
27588
27592
27593
27602
27611
27611
27618
27620
27620
27623
27634
27635
27636
27637
27642
27648
27654
27654
27659
27659
27661
27663
27671
27672
27675
27679
27679
27680
27687
27688
27691
27695
27696
27708
27715
27715
27717
27717
27719
27720
27723
27727
27729
27729
27730
27731
27735
27735
27739
27740
27740
27743
27744
27747
27747
27748
27748
27761
27771
27771
27776
27779
27784
27795
27797
27800
27800
27805
27810
27810
27810
27820
27820
27821
27823
27825
27828
27829
27831
27832
27840
27848
27850
27852
27856
27859
27860
27862
27863
27865
27866
27867
27869
27872
27875
27878
27879
27903
27911
27911
27913
27919
27921
27922
27924
27931
27937
27938
27939
27946
27948
27948
27951
27957
27958
27960
27963
27965
27970
27971
27975
27975
27979
27985
27985
27990
27995
27996
27997
27997
28003
28005
28010
28012
28012
28015
28015
28018
28021
28022
28027
28029
28033
28034
28038
28041
28042
28044
28044
28047
28047
28049
28054
28054
28057
28058
28063
28063
28066
28071
28072
28073
28074
28076
28079
28082
28086
28086
28090
28090
28091
28091
28094
28095
28096
28097
28100
28102
28105
28109
28109
28110
28111
28113
28117
28117
28122
28123
28124
28132
28133
28141
28142
28143
28144
28147
28148
28155
28162
28174
28177
28179
28185
28187
28188
28191
28192
28193
28194
28199
28201
28201
28203
28207
28208
28208
28210
28210
28210
28210
28212
28212
28221
28229
28232
28234
28234
28242
28255
28260
28261
28266
28272
28280
28281
28287
28294
28302
28305
28306
28306
28307
28307
28314
28318
28318
28319
28322
28324
28325
28326
28329
28329
28331
28331
28331
28334
28336
28341
28342
28342
28345
28350
28355
28359
28360
28363
28366
28369
28375
28379
28380
28381
28391
28400
28402
28410
28410
28411
28420
28424
28430
28432
28433
28435
28436
28437
28439
28455
28456
28456
28459
28461
28461
28463
28466
28466
28469
28473
28476
28476
28479
28480
28484
28487
28495
28496
28499
28501
28501
28512
28513
28520
28524
28528
28532
28534
28535
28537
28538
28538
28543
28544
28548
28553
28559
28574
28576
28578
28585
28588
28589
28593
28596
28601
28605
28611
28616
28616
28619
28620
28621
28631
28634
28641
28645
28646
28647
28647
28649
28651
28653
28656
28656
28657
28658
28658
28660
28662
28664
28665
28665
28672
28674
28674
28684
28697
28699
28701
28709
28710
28711
28714
28717
28725
28725
28730
28733
28734
28736
28738
28739
28746
28748
28753
28765
28769
28773
28786
28786
28789
28790
28792
28793
28796
28796
28800
28807
28807
28811
28818
28819
28820
28822
28823
28826
28826
28828
28835
28835
28837
28842
28842
28842
28844
28846
28846
28852
28855
28859
28859
28864
28870
28870
28873
28887
28890
28892
28892
28893
28895
28902
28903
28905
28905
28906
28907
28908
28924
28929
28929
28932
28934
28936
28940
28941
28947
28948
28949
28958
28959
28964
28973
28976
28977
28982
28985
28987
28992
28993
28993
28996
29003
29003
29005
29009
29013
29014
29025
29029
29032
29035
29038
29042
29051
29055
29056
29060
29062
29062
29066
29067
29070
29079
29082
29084
29088
29089
29093
29094
29095
29101
29109
29116
29127
29135
29136
29138
29140
29144
29149
29151
29153
29154
29170
29170
29185
29196
29200
29203
29216
29224
29227
29228
29229
29232
29239
29240
29241
29241
29242
29245
29247
29255
29258
29264
29267
29271
29274
29287
29288
29297
29301
29304
29310
29313
29319
29319
29326
29335
29338
29349
29352
29356
29364
29366
29368
29369
29371
29378
29380
29384
29384
29385
29389
29395
29397
29398
29403
29406
29410
29411
29413
29418
29420
29422
29426
29444
29455
29456
29457
29457
29459
29462
29463
29463
29466
29466
29467
29467
29468
29474
29474
29480
29481
29482
29491
29491
29494
29498
29499
29502
29516
29518
29524
29527
29530
29532
29534
29537
29538
29541
29542
29546
29549
29550
29553
29556
29556
29559
29562
29574
29583
29584
29588
29590
29591
29592
29594
29600
29603
29603
29606
29611
29618
29618
29626
29627
29635
29636
29636
29639
29640
29645
29649
29660
29665
29667
29673
29697
29698
29698
29700
29700
29711
29712
29721
29727
29729
29734
29743
29746
29750
29751
29751
29752
29754
29755
29757
29763
29765
29766
29771
29780
29783
29788
29793
29806
29806
29810
29810
29811
29814
29817
29833
29837
29838
29849
29850
29852
29852
29856
29857
29867
29868
29868
29869
29877
29882
29892
29896
29896
29898
29900
29904
29905
29906
29909
29914
29915
29916
29918
29919
29920
29922
29925
29929
29933
29936
29937
29937
29938
29946
29947
29947
29948
29949
29950
29955
29955
29957
29968
29969
29969
29971
29972
29974
29975
29975
29976
29980
29986
29987
29989
29989
29993
29994
30006
30008
30014
30016
30023
30024
30030
30035
30038
30039
30041
30045
30051
30052
30053
30059
30061
30062
30064
30065
30071
30072
30072
30075
30075
30080
30083
30087
30091
30091
30093
30102
30106
30106
30106
30107
30109
30112
30113
30114
30121
30127
30131
30131
30131
30138
30147
30161
30166
30166
30167
30171
30172
30175
30175
30176
30176
30194
30195
30196
30205
30206
30208
30210
30215
30217
30218
30220
30221
30226
30229
30234
30241
30242
30246
30247
30248
30250
30255
30256
30259
30264
30277
30282
30283
30283
30287
30289
30292
30292
30298
30299
30299
30301
30307
30308
30310
30319
30319
30322
30324
30325
30325
30326
30330
30333
30334
30344
30349
30350
30351
30352
30358
30371
30376
30376
30378
30388
30391
30392
30392
30395
30396
30407
30417
30426
30430
30431
30431
30434
30435
30446
30448
30451
30452
30455
30459
30473
30474
30475
30482
30491
30493
30503
30503
30505
30506
30507
30507
30510
30523
30525
30529
30529
30531
30531
30535
30536
30537
30540
30541
30542
30542
30550
30552
30552
30554
30555
30561
30571
30571
30574
30580
30586
30586
30587
30589
30592
30595
30599
30605
30614
30617
30619
30622
30623
30626
30631
30631
30633
30635
30637
30639
30655
30659
30665
30668
30668
30676
30686
30686
30692
30696
30699
30700
30704
30705
30705
30707
30712
30728
30730
30734
30735
30737
30738
30742
30747
30748
30748
30754
30756
30762
30762
30764
30766
30775
30780
30785
30787
30787
30788
30789
30793
30794
30795
30797
30798
30798
30803
30804
30810
30812
30813
30813
30815
30818
30819
30821
30835
30844
30851
30856
30860
30866
30870
30871
30877
30884
30886
30902
30903
30906
30906
30907
30908
30909
30912
30914
30915
30918
30919
30920
30921
30924
30933
30938
30941
30944
30946
30946
30946
30947
30949
30949
30952
30954
30955
30957
30960
30961
30962
30962
30962
30967
30967
30971
30974
30975
30977
30979
30983
30989
30993
30993
30999
31002
31006
31007
31010
31014
31020
31021
31027
31028
31033
31033
31034
31042
31043
31050
31052
31058
31064
31064
31065
31071
31080
31083
31088
31091
31092
31094
31096
31099
31100
31103
31103
31105
31105
31111
31112
31121
31124
31132
31134
31135
31137
31140
31152
31152
31153
31156
31161
31165
31165
31166
31168
31175
31181
31191
31194
31197
31198
31198
31208
31211
31219
31220
31223
31225
31225
31227
31228
31229
31229
31229
31230
31238
31241
31248
31255
31263
31265
31266
31270
31272
31275
31276
31280
31281
31282
31282
31284
31293
31296
31300
31306
31313
31313
31315
31321
31326
31329
31338
31339
31341
31342
31343
31343
31343
31357
31358
31358
31363
31368
31370
31372
31379
31382
31382
31388
31398
31399
31402
31408
31419
31421
31428
31429
31435
31439
31453
31461
31473
31473
31473
31479
31480
31482
31486
31488
31494
31499
31502
31504
31507
31510
31516
31516
31517
31521
31523
31526
31532
31534
31536
31537
31538
31538
31539
31539
31542
31545
31547
31548
31550
31554
31554
31556
31562
31571
31574
31576
31580
31583
31588
31597
31606
31609
31612
31614
31621
31623
31627
31628
31645
31658
31662
31671
31681
31681
31681
31684
31688
31692
31695
31697
31706
31707
31709
31710
31711
31718
31721
31724
31728
31729
31733
31734
31735
31737
31738
31741
31743
31743
31747
31747
31750
31754
31755
31760
31763
31763
31766
31771
31772
31776
31776
31780
31781
31782
31785
31789
31790
31796
31800
31803
31808
31809
31813
31824
31824
31825
31825
31829
31842
31853
31853
31855
31855
31856
31862
31864
31867
31868
31869
31882
31884
31887
31889
31894
31896
31902
31902
31913
31921
31923
31927
31930
31934
31934
31935
31940
31942
31949
31951
31953
31953
31956
31962
31965
31968
31976
31979
31982
31984
31985
31988
31993
31998
31998
32002
32008
32010
32015
32033
32038
32039
32041
32043
32047
32051
32053
32057
32061
32063
32067
32067
32070
32073
32074
32087
32089
32092
32093
32098
32100
32102
32105
32106
32111
32120
32124
32124
32127
32128
32130
32133
32140
32144
32150
32152
32152
32157
32170
32179
32181
32187
32187
32189
32192
32205
32206
32208
32210
32214
32219
32222
32226
32230
32230
32236
32238
32240
32240
32245
32248
32250
32252
32258
32260
32267
32276
32280
32283
32285
32286
32293
32293
32301
32308
32313
32314
32314
32314
32317
32324
32334
32338
32348
32349
32352
32353
32354
32356
32362
32364
32365
32370
32375
32379
32391
32394
32398
32399
32399
32402
32404
32409
32410
32413
32420
32421
32422
32427
32428
32431
32440
32455
32455
32456
32462
32464
32465
32468
32470
32470
32472
32474
32474
32477
32479
32481
32485
32486
32495
32496
32508
32511
32513
32516
32519
32519
32520
32522
32523
32529
32530
32532
32533
32535
32537
32543
32544
32544
32546
32552
32552
32559
32561
32564
32565
32565
32568
32569
32572
32577
32584
32586
32587
32588
32598
32602
32607
32610
32610
32613
32616
32619
32620
32622
32624
32625
32627
32628
32632
32637
32645
32645
32645
32646
32647
32649
32651
32654
32654
32662
32665
32676
32676
32677
32683
32687
32690
32691
32691
32692
32693
32695
32696
32697
32705
32705
32706
32707
32707
32709
32711
32712
32714
32717
32722
32726
32729
32732
32739
32740
32749
32750
32751
32753
32755
32756
32757
32758
32759
32766
32766

