1000

13
41
42
42
44
85
89
99
137
144
147
152
166
170
173
173
176
177
179
186
186
196
211
213
221
237
238
247
253
257
287
293
311
318
322
331
332
341
346
364
395
400
403
428
446
456
458
460
469
479
481
486
495
496
518
521
529
529
532
552
564
576
590
594
602
610
610
612
623
646
661
669
669
673
675
705
714
718
719
722
725
738
758
770
783
791
797
811
813
824
825
830
831
833
837
838
839
844
861
867
869
891
894
904
907
926
928
932
952
962
966
969
970
971
972
973
976
977
979
982
1005
1017
1020
1024
1034
1041
1047
1049
1060
1064
1067
1080
1083
1091
1103
1105
1114
1131
1131
1133
1133
1137
1141
1150
1155
1157
1166
1170
1189
1196
1198
1221
1225
1230
1241
1273
1286
1287
1298
1307
1317
1322
1322
1325
1330
1336
1340
1344
1347
1354
1374
1375
1378
1379
1383
1387
1389
1397
1397
1409
1449
1459
1472
1482
1484
1489
1501
1511
1517
1526
1527
1537
1543
1546
1552
1561
1566
1595
1595
1606
1614
1622
1623
1631
1635
1645
1655
1656
1662
1669
1678
1686
1696
1696
1702
1706
1736
1795
1802
1812
1812
1814
1816
1849
1857
1881
1929
1933
1933
1934
1939
1942
1943
1949
1950
1951
1967
1983
1989
1998
2000
2000
2021
2022
2026
2028
2035
2036
2042
2051
2053
2054
2078
2083
2086
2090
2113
2117
2122
2134
2134
2141
2147
2170
2182
2202
2204
2212
2214
2238
2256
2273
2273
2275
2275
2275
2284
2291
2299
2317
2320
2326
2329
2353
2354
2377
2382
2382
2382
2389
2400
2403
2405
2441
2443
2447
2447
2472
2480
2483
2485
2491
2503
2518
2526
2528
2530
2531
2545
2553
2576
2611
2615
2658
2660
2690
2701
2704
2707
2708
2713
2718
2720
2740
2750
2766
2768
2768
2805
2812
2819
2843
2847
2866
2912
2917
2919
2922
2925
2936
2987
3004
3028
3039
3062
3064
3065
3077
3077
3095
3114
3115
3119
3140
3174
3180
3196
3221
3224
3238
3240
3243
3249
3255
3259
3265
3266
3267
3272
3273
3292
3308
3339
3342
3346
3350
3354
3362
3372
3391
3392
3417
3429
3440
3441
3454
3469
3538
3544
3550
3552
3561
3566
3630
3634
3643
3649
3657
3659
3660
3660
3667
3679
3699
3703
3706
3717
3720
3721
3724
3748
3750
3760
3764
3788
3801
3806
3809
3828
3858
3860
3877
3906
3910
3916
3927
3929
3930
3938
3952
3956
3957
3958
3968
3969
3983
3990
3996
4028
4032
4036
4039
4052
4057
4066
4078
4079
4081
4090
4096
4098
4099
4101
4109
4116
4147
4165
4183
4183
4197
4201
4204
4209
4217
4223
4228
4245
4269
4274
4298
4299
4303
4322
4339
4339
4389
4390
4404
4410
4413
4435
4440
4444
4455
4462
4488
4514
4521
4533
4550
4563
4568
4574
4588
4605
4614
4622
4636
4638
4668
4684
4687
4688
4709
4715
4721
4734
4738
4739
4756
4762
4762
4806
4814
4836
4837
4865
4867
4867
4876
4877
4896
4930
4932
4935
4946
4949
4963
4984
4986
4994
5011
5030
5031
5038
5052
5066
5069
5072
5075
5076
5084
5088
5107
5109
5116
5118
5124
5155
5189
5215
5217
5221
5230
5233
5244
5248
5254
5254
5261
5268
5289
5291
5338
5340
5345
5350
5355
5362
5371
5379
5389
5395
5396
5398
5405
5417
5430
5441
5450
5450
5484
5500
5507
5532
5532
5557
5574
5574
5581
5584
5589
5596
5606
5615
5624
5626
5635
5639
5644
5653
5656
5666
5674
5688
5691
5694
5704
5714
5733
5738
5765
5785
5806
5833
5847
5850
5855
5869
5871
5876
5876
5919
5927
5942
5950
5960
5968
5970
5978
5978
5984
6002
6010
6019
6031
6035
6074
6077
6082
6095
6103
6134
6139
6149
6161
6185
6208
6211
6212
6222
6227
6230
6232
6247
6268
6271
6287
6306
6315
6334
6349
6367
6371
6376
6381
6401
6418
6419
6428
6449
6466
6501
6501
6521
6523
6525
6527
6543
6543
6543
6554
6567
6577
6621
6629
6645
6656
6680
6685
6687
6688
6697
6711
6724
6730
6735
6740
6753
6756
6771
6776
6800
6805
6809
6820
6827
6847
6853
6856
6859
6862
6876
6893
6897
6951
6958
6973
6991
7021
7042
7057
7063
7068
7083
7093
7126
7130
7160
7183
7186
7218
7243
7256
7271
7276
7280
7284
7300
7310
7311
7311
7312
7328
7336
7339
7341
7370
7373
7378
7417
7421
7424
7427
7433
7460
7473
7474
7483
7491
7516
7525
7540
7541
7551
7552
7554
7597
7606
7617
7627
7636
7649
7652
7657
7673
7674
7723
7731
7731
7739
7751
7755
7763
7784
7784
7808
7808
7809
7817
7820
7846
7866
7873
7895
7904
7912
7914
7936
7937
7941
7965
7987
7992
8010
8043
8058
8061
8074
8082
8095
8103
8108
8111
8138
8178
8181
8182
8186
8208
8215
8222
8226
8243
8259
8265
8289
8290
8291
8294
8299
8307
8320
8321
8322
8325
8327
8345
8362
8371
8373
8374
8383
8391
8399
8421
8424
8429
8450
8451
8454
8466
8469
8475
8507
8522
8541
8554
8555
8564
8564
8564
8596
8613
8623
8626
8653
8668
8674
8702
8715
8716
8726
8745
8749
8752
8763
8782
8786
8812
8818
8820
8828
8831
8832
8835
8836
8842
8844
8851
8853
8867
8868
8888
8890
8899
8912
8927
8929
8930
8937
8951
8956
8960
8994
8998
9000
9007
9012
9023
9026
9037
9042
9045
9060
9064
9075
9078
9098
9099
9112
9134
9147
9156
9164
9186
9193
9195
9203
9216
9222
9268
9275
9278
9279
9287
9289
9292
9306
9309
9323
9325
9358
9368
9382
9387
9401
9405
9405
9415
9420
9423
9428
9441
9497
9506
9509
9529
9539
9544
9549
9556
9570
9579
9582
9592
9597
9608
9640
9645
9646
9658
9661
9663
9670
9672
9675
9722
9729
9733
9737
9802
9822
9831
9844
9844
9845
9846
9847
9893
9906
9924
9926
9946
9949
9956
9962
9979
9983
9995

