10000

26792
17109
13410
30892
21864
9499
7234
31804
25456
21020
11313
13018
2711
229
9049
29209
20723
19140
29469
28129
17053
21505
5373
18114
5812
27849
30650
21129
9637
15979
18363
21265
5289
22727
5808
3932
23183
13314
9845
738
443
31359
23353
5929
19311
12043
6367
7062
6217
856
4004
28547
14861
29357
15363
4754
4773
29915
7638
3904
9318
23923
27325
29629
30613
15158
16323
19707
31018
19405
5695
22532
14035
22459
32761
23954
7228
2703
28302
27609
5518
7006
2582
25256
15158
22896
23299
1456
27367
28986
19276
2339
29154
32140
17100
19586
11381
14604
25317
14256
16065
25571
9576
28234
19137
12726
25273
19771
18312
21464
814
26250
24010
29630
24505
28535
28062
12723
5575
21703
8578
31692
21095
26972
12960
20767
22703
25352
16976
17712
18267
6563
27869
22444
25016
15451
31116
29786
24513
29004
19418
12110
2439
4945
31238
4448
8662
537
11471
2268
25621
14461
11391
21115
6510
7440
16168
28306
2351
16632
15406
30346
18544
253
30981
26256
11511
15584
29500
12173
26456
6382
23483
9561
2144
32212
26441
7468
30132
19125
2129
20565
4534
28026
30181
22318
6824
21866
9219
20559
1300
29690
4375
2050
21867
16358
3266
13303
15596
28288
23514
5945
32199
22344
23986
8801
23171
13758
5787
25610
5277
15732
17322
23940
15986
13415
23484
4045
25694
1935
8632
21692
20774
3509
11284
22656
29075
27781
1435
18249
7008
21476
19309
837
15191
900
27719
30414
11958
20149
27908
22242
19415
4734
22116
27091
24080
20972
12301
9791
6361
27818
11471
15939
17964
9170
27692
27372
13362
24835
29976
3054
9755
29620
19965
28569
19533
14535
22018
22280
1986
24673
17293
2716
31915
17914
27654
4777
14426
3760
14559
26734
28254
481
28113
13131
4336
20472
9320
26158
18574
15239
8385
20815
3813
22679
25491
31773
28916
22076
7532
23415
15471
1644
26429
14368
7265
6160
25625
22893
26902
14172
12346
18497
12088
2140
16709
15931
12856
12240
7118
5422
28143
24122
543
19154
23430
4405
53
27833
32147
32520
30988
132
30596
24699
6429
15446
13377
3306
21028
9097
24589
7319
17446
23456
14765
1348
14259
19837
32461
25858
3433
26325
30623
28484
18105
4064
26053
12343
3054
10581
23153
6742
21354
9877
14283
4665
3635
6182
24979
27821
32175
14948
24839
4874
5804
23667
7
16833
5539
13176
8055
5429
10302
28169
19685
22732
20503
7138
23403
19525
25283
15833
983
21324
19215
4628
20490
17227
28553
28793
21918
17284
25155
19302
972
29533
15827
10402
2188
19194
21406
9876
4349
27153
3927
25011
26888
18682
13250
20030
15936
6
21694
23085
2573
6418
12930
27495
26378
8028
23079
3637
21931
24981
12135
26615
13347
6711
17316
16918
28037
29208
7723
16697
9257
4416
22971
7356
23377
12791
15169
27230
25612
27171
9702
21049
4443
7889
4171
16120
30611
22034
24339
24132
15106
23304
18595
1407
12757
26688
9765
20149
23865
19522
21971
463
32193
15463
4722
7690
18184
18923
25628
6056
30359
11587
3651
7654
21001
23473
7923
32045
20589
6933
855
29068
29419
2054
17791
32102
4267
16929
22368
6248
6642
12961
3869
19134
5774
8497
14469
2183
25461
2814
24540
24966
29609
28687
14814
22810
6238
2777
19713
31344
5215
9742
16379
31991
32430
1207
29060
3348
14442
4226
15709
3352
31222
16989
4753
25199
15192
31043
16123
8985
31711
13142
5128
14175
11529
23855
18622
17342
17571
11122
15613
28456
14898
12965
517
22892
29586
12610
19513
22002
25821
16394
12835
16043
26511
23709
23735
29512
3303
584
3292
22698
28560
17694
6696
27802
18560
9034
20203
16827
19233
163
17776
30652
3246
129
10879
978
31456
12751
2342
23910
9675
16738
954
25355
24834
9865
7704
2994
2
32230
32048
14369
12750
1660
16325
14497
16342
29960
21614
23287
13341
4501
28897
5270
10907
21323
3696
7443
20961
28296
4052
3289
24315
2354
29738
21534
30874
2379
15163
7702
23923
12741
24320
29798
18914
408
1638
14043
24787
2323
21838
15196
7138
10607
32216
10781
1729
29354
30433
27158
18906
5011
31690
12724
18486
4129
14715
4046
21662
12808
19624
218
16896
26510
30035
25697
21268
1179
9107
26288
19774
6672
16787
13009
12983
22362
24285
185
26600
10823
8409
21443
18454
4376
7312
32093
27972
21207
32182
14337
12117
4587
7912
28264
7794
27881
30514
762
31915
8621
212
11144
31457
26282
32070
13629
15587
28286
14969
17618
26839
18889
15712
26370
17884
6976
30127
1342
11757
20989
24291
4769
22280
24089
12930
1318
14224
4989
4004
28441
2545
12021
15282
19659
13186
12679
24686
23178
4783
1538
27443
1744
30807
9433
29054
21691
20595
10802
16046
17085
15865
4667
28424
2453
11776
4029
15358
18302
9764
12531
23985
27558
21036
18076
9652
30177
5354
16719
14099
24223
8291
30991
32660
15132
22832
4895
22076
29142
2340
31255
25365
4932
9519
7224
13359
10949
10882
25597
9189
7127
22260
7922
29793
24457
16549
18121
17507
13875
4321
24747
16701
8548
26183
26316
14883
14876
8746
28738
30881
14139
9527
2839
621
14394
16216
31901
10335
10265
22233
23553
1726
19608
2762
15139
23229
21930
21668
20901
20805
295
27951
24131
13045
9921
30882
12898
4456
16441
15884
7147
22966
16851
28148
8537
28733
22279
15420
17425
14753
22393
20812
15602
13585
2091
22124
26414
3020
31985
8560
19800
14820
11814
17307
3262
13378
5790
32702
760
12267
28123
27552
31169
28290
21124
16546
17670
13325
30994
8099
1853
18940
13005
19490
4088
13159
24823
8866
2234
30359
10311
20051
25609
8136
30873
494
17092
24877
15587
14305
17335
29749
18283
15788
29037
8205
20023
3723
16965
2406
3013
16725
24264
12152
22525
3492
8762
14918
19812
11318
2415
32292
20114
5779
993
22647
32742
27120
23295
18877
2424
29012
9159
28877
13647
6905
28310
19295
15829
23797
10559
24526
24711
19737
26459
13341
2289
28698
1249
13881
10202
1006
22263
31101
2748
18809
24327
28027
18295
4457
13332
29178
4165
4191
5711
27707
1009
15951
24805
16769
20036
17705
19996
23247
11457
17081
16798
5620
11154
25036
3348
18373
11969
3732
25335
13226
7083
19021
27555
7260
14002
25121
12462
20972
2355
3401
21111
24840
25528
13942
15362
18298
20590
29807
18691
20977
2521
30203
4664
1796
18886
25857
21500
17268
1153
1262
8986
27569
25673
4183
25567
22176
6401
6624
14195
21916
20520
29788
21353
32187
26891
26165
30612
5714
14649
11278
30236
20667
30008
3752
466
11605
4470
4098
14017
12749
12162
29637
4357
21660
27516
9950
17889
16849
7627
19053
13067
23825
25869
26078
22602
9436
3156
1109
3907
23313
8591
16720
30096
5813
20550
2184
15635
8944
21643
3352
22154
20312
6701
15328
10851
5491
23598
11564
21457
14198
22647
22929
4639
15443
27595
5656
25669
27891
10746
7071
697
14016
18007
7547
11143
5991
24683
13154
29860
30172
2283
6793
6271
3230
4840
4617
28890
18748
1350
22151
5080
17688
16495
276
18263
15211
11336
19794
15999
8329
613
2776
21915
15975
2169
15832
16424
31322
20240
13055
23852
10273
18560
2717
9674
3622
19484
32518
27154
32513
22956
27192
20510
11326
12570
20158
18778
5728
4718
26580
29219
15909
14844
1227
3988
31500
27868
13231
8092
6933
10651
32552
12116
12232
20784
17310
27536
11384
23602
24480
8117
14793
28744
17287
5834
25200
27104
9302
4817
32058
11812
21989
20055
30800
22825
4159
15434
27065
7274
9288
31243
2336
24950
25507
10180
30424
1253
16338
6908
29725
15760
25759
8040
28829
1026
20923
14852
4407
3625
14246
8803
5122
13137
7118
26179
13713
19540
2043
27493
31605
25610
18666
17308
2052
19463
56
1827
23385
27014
3459
10547
9628
20128
4811
31445
3716
29634
6174
20470
5657
9565
4724
31417
29375
31199
20952
4369
4208
25571
6856
12430
5449
13476
28383
13431
3912
8888
18609
4634
12116
10491
20215
20320
13693
20937
17132
18340
29318
17008
11766
12997
672
6884
4745
8826
9593
32181
9288
27110
22389
21567
19310
9069
4155
8993
30573
18629
19060
752
1237
4432
14543
4396
14966
2729
19529
28018
8649
8061
28587
5876
16012
156
7252
15911
27053
9295
11320
24251
21353
20461
3369
13776
28853
24489
14678
26727
22493
16558
6417
28182
20587
20846
12757
5121
6730
7222
18055
11269
12331
8198
19708
15414
2344
7073
23740
17036
7591
3808
31493
24793
13186
26187
26643
1278
13669
1258
20895
24927
6519
8281
3750
18836
6972
8987
18539
18274
19642
2352
13503
31721
17114
27370
17792
8478
24850
10748
29024
16252
2113
29908
31207
27639
11482
5163
21180
8754
6213
14042
3616
3825
22914
12271
29371
24273
10512
23296
7835
25911
17421
6847
23418
12166
670
9679
2111
22677
11665
5590
15304
12384
22337
27860
1255
3069
15290
1203
27562
20946
27678
7455
6112
5638
18760
31639
16600
23349
4526
20932
19052
19304
1676
24074
13118
32068
27711
31326
14402
6529
27118
3415
20861
29854
3184
4487
27660
28883
28778
9995
1383
15432
22456
25441
3047
16260
11791
21370
10374
20520
16608
25616
21991
31709
11903
9274
26774
32651
20612
5694
27792
16076
9586
678
31750
20384
32150
406
29534
28258
28466
11868
9851
28154
21979
14665
31550
30805
24864
19391
3404
13074
30316
29324
16146
7294
27182
630
23559
13507
21558
11031
12337
18268
866
11244
14571
26828
21627
24488
21221
31888
28762
4558
2412
22354
13647
21118
27372
20831
20419
15503
1715
23899
17947
25055
30711
30516
31712
20967
8731
32596
28701
28307
558
22043
15113
848
14773
19340
3814
21094
13994
14150
16425
3208
7364
19638
6363
26281
21497
32652
31551
16914
24642
3179
6069
6834
26270
31205
14814
12213
857
9638
28929
6744
21902
12783
6062
18171
25579
26439
32417
1143
16052
24173
16104
7603
778
1680
30537
12658
9070
23490
30942
15471
6529
25003
9986
2476
25869
13946
3697
32007
31817
21025
30634
27662
4441
17858
30872
30996
20757
3940
18802
9349
32523
21995
24800
2166
4807
8519
7007
29312
14930
25323
29158
20431
26104
25217
970
8054
16718
25308
30687
24325
15732
4910
30944
9566
4248
8315
20752
24516
20155
31565
26914
25909
32696
9642
11862
21498
22146
7491
9190
28028
28077
13806
9120
25689
11568
30806
4564
20663
15721
22769
2160
16089
11105
23347
15722
3056
8786
29954
10334
1331
24166
18025
11129
32049
15554
31120
17301
19302
3267
24300
933
27149
1671
6579
24404
9782
2736
28819
2281
5656
3940
5795
26222
18856
24216
154
25105
26987
2447
6719
6602
14216
13725
28704
12862
10017
9777
8583
20708
32227
10259
11946
358
13276
16873
30498
2634
1421
19968
31902
29905
27713
24905
15833
19487
28829
9122
15817
22429
2935
32087
2842
21660
2284
15849
23514
29499
8620
8206
4470
6794
16025
20216
14565
14319
6801
20698
23331
7625
13959
31401
12769
13652
21465
20768
5243
1997
26845
31494
12586
25302
17341
10419
26235
7195
20358
5329
20735
14390
12155
608
24900
30928
9391
23548
3589
5641
29139
22627
30366
10010
12620
18482
2498
32313
20873
28911
1136
31678
11155
6476
23843
7299
26597
10922
28490
18320
9599
3037
31479
7928
5942
6447
19675
22526
2894
23975
8818
24188
4426
29067
7803
18310
12803
8739
25003
22346
28152
18112
7074
7738
30181
26365
10270
29038
20887
5701
3183
16963
26878
10389
26923
6473
9092
9347
13346
14428
4509
5760
20116
10256
21663
10586
19362
13395
14549
10245
31491
7245
13774
19610
3064
31115
18683
160
23682
8797
24186
29323
18642
2940
15404
9346
3841
27888
8973
22629
6913
11825
6853
32015
20180
23949
7034
216
6907
14025
2537
11614
31538
32011
14773
28806
11098
11256
27134
14013
10423
17433
28726
14980
21339
13955
1328
27947
17378
13239
26746
23772
10592
25031
19949
15324
17304
15802
18818
27918
19823
11314
11624
14777
27552
32076
3667
5258
29616
26568
25110
3549
7973
16234
27764
23864
32499
27295
28211
9240
17207
23396
19059
19953
11047
3940
5694
12656
12617
23392
18016
22275
18404
1492
28537
2203
14773
29912
19536
3761
738
29508
32362
16007
13876
20759
15580
15792
17024
25370
25949
7890
11366
9664
9119
15275
4158
1873
8928
28754
80
7495
32188
7103
4931
18681
24645
2446
14041
3958
4181
10496
6873
10420
20515
13635
18508
2538
20245
13043
14571
28474
7381
26336
729
10387
21159
10770
27790
11734
26362
16138
32019
15927
24380
3147
23669
3815
21491
24601
6260
19696
31498
8577
8571
30304
11368
4761
5077
20137
5320
2057
8477
29256
2756
14794
11766
19877
14898
4398
30717
31546
6580
6177
22524
19704
24203
28078
29793
1254
25260
25541
30702
268
12566
10811
8369
24207
11362
11026
15159
22557
924
31739
24061
25483
26961
2329
31015
21181
16617
23816
3700
31687
13879
10782
9586
11345
29519
30960
20462
27712
26776
8216
21167
21395
23330
26934
18020
30602
11577
1845
17626
13070
5434
16848
30322
20045
13989
31316
5075
18853
20852
28071
12252
20419
31659
22409
24028
4876
6449
23322
2054
6715
1502
21660
2591
16460
9685
30843
25722
27546
20500
25482
6950
16452
18249
144
5478
20948
13543
26371
4449
6179
23162
5907
27
11127
27960
14059
23972
3055
20440
13619
22928
30753
7847
29913
25510
5889
16856
26129
28893
30981
31259
12442
3204
13446
7026
21315
2496
8554
27200
23727
26939
30720
20131
8533
18203
22315
20996
4810
25905
30147
6893
7235
9587
824
23322
10326
2221
31608
25554
13312
1395
29203
21624
4844
19290
6301
5981
18674
18024
1109
8408
7391
30408
30467
9369
18548
28866
12071
13626
27057
6379
847
535
6483
28825
19657
10080
19099
1690
25978
17516
22609
24614
15630
19536
25353
28177
18770
17585
25765
25157
21981
26326
7451
31088
30454
22273
15480
3322
9138
26112
28197
314
15197
4351
10601
25577
31259
13216
27440
20183
8399
8270
15627
25308
21564
4814
11639
28434
30571
12566
7522
6209
1356
3683
1771
5275
11679
25734
8554
20394
14613
30590
1712
2694
30899
22348
15760
19531
17528
29699
19870
14026
19775
14367
16438
4991
17895
7447
12992
11460
10160
28214
24115
18243
5608
11686
14296
20401
9416
20430
3921
4282
1945
16606
19929
1335
27162
26791
15053
6823
31014
8369
26988
30685
24210
20615
13275
7158
13397
9302
26475
27022
13035
4534
1567
29236
7931
7880
16745
5658
14903
8065
4661
19473
15235
23877
4648
9653
4698
23736
31274
25573
31086
13777
27170
12151
7311
12848
24064
18985
21966
9649
29697
19418
17890
13633
26670
16378
19403
32752
26919
14143
8117
24136
10782
8601
5406
11229
22054
1129
18491
20262
18606
24814
15000
29579
12104
24319
8960
10687
30896
4096
29852
25168
13577
24079
24926
30333
19305
31614
23457
13127
10392
26246
23305
6859
19221
21817
26801
20430
20570
7609
13957
24474
26465
28328
17900
24073
19559
27615
25003
2015
12784
867
28422
24412
15115
3732
23079
30482
27351
5032
8644
24309
11590
15192
17917
26545
23841
20185
7811
12352
27469
21006
23551
12731
2892
3580
14514
15728
2310
8062
7256
8502
11210
24122
14163
26109
19088
12243
22789
23721
30081
7009
1406
27937
22713
12574
3671
23458
15435
6753
13021
30810
17797
26065
2931
27954
23926
25554
17457
7659
24750
10052
27345
20076
31813
32365
21452
858
23583
30771
23232
20714
3693
18831
533
3059
16503
10046
13792
4424
14490
26554
13831
5956
12684
360
27559
15782
31464
14611
11698
20383
742
5273
14557
27690
11625
26084
24249
2204
7232
540
12319
380
19621
31003
9938
11668
11786
24866
4704
10056
5654
2762
19529
16423
13802
12605
30563
21184
29864
31397
20093
26295
21302
23781
17987
23320
15679
14984
1634
2794
27515
19446
32236
8200
15153
10478
5885
2092
7930
1584
19871
16461
3271
31610
11755
27179
3365
26038
32113
24616
20416
14706
5082
15193
26918
22928
9932
32733
7630
17983
3342
25453
24153
14378
15597
25141
22807
31727
2526
5602
17613
8658
25956
765
18614
21939
10036
20599
9671
29501
8344
7557
1335
10849
32529
27054
4159
18434
16960
17185
13599
30450
18694
12109
15713
3358
14827
428
6497
14597
19132
5343
1293
9071
11128
6656
27114
22875
6254
29236
8792
4665
22431
18047
534
9817
9577
20957
18440
18852
21607
4494
23864
24202
9363
20401
1308
30011
5549
15380
25367
19226
14561
1867
31041
24174
17828
13311
1131
27227
30175
4745
22878
24338
27983
6847
10084
10820
12331
6158
17418
25564
27912
23498
25635
13037
7675
27073
26128
32489
17661
21270
4415
16661
18323
13133
28402
2617
11694
930
8258
4252
18383
14495
21859
23087
112
24045
18985
22281
23712
9323
27595
19
28653
5757
3048
19973
18310
26279
17607
7313
4257
3162
29411
19933
32283
8973
26535
16951
12638
16272
14710
30725
10888
12189
21742
26618
970
22449
13166
29072
31757
8985
23253
27570
5340
14928
2701
11704
18302
29576
14793
9369
5474
12679
19210
18524
30657
9396
6376
1488
29310
8818
16399
28797
20049
1708
19080
20698
15908
21425
8250
25281
29629
1091
24752
22559
26526
17386
2588
29680
22569
399
4508
20843
17416
4165
20669
11129
25548
19050
27710
14444
26324
27375
6166
28142
30577
4340
23735
16695
19015
8600
16789
14212
15607
31759
226
23236
18427
13301
10396
26260
18385
17889
19658
16749
24923
31294
12035
5660
1414
27222
32559
8563
22570
23472
6546
2111
32305
26012
26118
18810
5884
5388
15495
8385
25858
677
29429
27912
27066
3862
30742
28556
30908
14761
8155
30473
1571
17687
1252
19245
13365
7841
9029
27725
25670
15196
4235
31576
20185
24525
29946
24073
26377
1461
10777
29536
3367
21550
8817
27730
21669
24055
32401
7360
24882
6669
29525
22694
7975
19067
25960
12693
23330
17778
24072
10339
31984
21660
15625
10017
27057
7854
19485
22349
20790
20285
5970
10313
27310
28882
11996
6668
25730
11584
13845
8216
2941
26677
25538
12459
27952
26640
22424
21562
31125
242
26879
18715
26610
30232
21269
3970
25344
1384
25078
29102
16461
20809
1339
23652
18143
7352
27584
7069
18714
3481
3243
20348
5604
26954
16809
11650
1286
32638
22139
25093
8917
14153
12722
9694
16147
29303
31414
23651
25360
15138
24845
19861
29460
28548
26842
20634
32513
24585
24740
31341
1589
5032
25689
9428
12974
9844
4499
24978
20337
30318
20761
11742
32300
4766
22953
31253
28698
8290
20469
22956
9767
11013
10219
28520
31829
4499
11065
27089
1118
1772
18705
9188
29595
22552
4905
15880
10276
27866
3079
17219
2361
13960
10875
11950
18144
281
13933
25894
15568
23168
25304
30533
31886
1081
18711
16272
17110
8993
10592
12530
23612
8586
5262
26986
15635
30607
25379
23808
20622
19877
7565
11517
17189
11635
14760
32603
19514
13540
20869
27259
15101
32634
14186
18710
19085
14821
2841
2678
352
5076
13397
21222
8164
1035
26275
103
25190
4789
4686
26532
6708
7676
26285
23848
25086
19672
18856
24271
29058
9252
26745
29050
21609
29175
17840
1799
2155
817
26746
129
18106
22356
4386
8339
31902
18070
5848
579
14172
20020
21170
26589
1885
30472
15344
30252
7820
2654
6532
12272
11776
2308
27858
17805
18139
6304
31156
3329
17010
23366
4033
13848
30126
25930
30927
3811
13234
17747
12470
27750
25533
21169
19031
2961
11858
13809
9693
32370
1431
24494
23619
31144
3324
25002
1047
5659
9244
24093
13181
23274
6376
332
25462
9125
17666
14686
6242
14013
6759
8299
29636
8248
25425
19671
4934
9385
14684
31710
24829
24672
30695
19055
14573
26334
11709
28734
2000
30348
20981
12565
18195
5292
16406
30826
31266
9615
16255
21303
4325
21768
6662
15366
21386
25378
1504
27979
15238
10510
26305
11767
24022
27231
10819
19530
19083
18042
17292
15081
1413
24135
2603
1072
31871
557
68
1993
7756
31806
17389
13950
30559
19118
12247
16459
30609
24202
28465
26808
17695
12966
2249
30054
16626
20184
9589
27367
8228
2915
5553
3026
16063
10422
23177
19991
4040
3927
13754
14993
20092
19482
1300
27354
21721
7318
27938
6499
15200
8153
5901
30660
9754
32603
1470
16208
25305
9265
17987
12269
15552
19587
32628
28963
10501
5440
9430
2418
12534
19472
20671
24553
15674
7563
2491
31732
9818
29608
30511
30582
11904
6264
18748
22295
18558
28948
22502
15584
20497
25812
15734
10501
5991
17601
28700
15617
28128
18253
7897
13544
1042
27714
21916
2809
20751
23801
11436
31091
23786
7372
1861
20139
5239
7629
9606
18266
2643
3513
3467
25403
18724
28455
4054
26582
6946
21253
27379
1430
27351
17989
21083
21282
8482
18388
23706
4842
9346
23244
7341
30464
23953
2282
27310
22314
25807
26946
8115
3381
15777
32561
18675
27532
17050
1428
5674
521
9976
31287
1855
9482
12658
32145
7460
27336
5169
23214
4607
4836
1564
19308
23687
3139
344
19690
688
3356
19215
6206
32650
29007
10353
4966
16486
21241
25849
20097
32060
4421
3570
24896
28745
14725
1849
15511
12540
1665
23876
17592
13843
27150
30819
18241
17154
21731
5446
8628
17556
12457
9920
11305
24788
16465
1226
15423
15918
23210
3275
21592
17874
13107
5911
21254
25945
9518
26037
14016
5035
13557
28773
18906
7456
15249
12769
19124
31461
28809
23140
25649
14754
17912
2921
2666
13145
19170
181
4004
8338
1992
19095
1408
17589
2426
32111
15986
14775
3629
31341
884
7928
2253
13723
20988
12140
28309
7454
13867
762
732
1465
5447
32545
5426
16530
31851
15073
26027
15929
18301
23001
9083
25318
13409
8877
14787
28674
13932
21674
24235
9961
7708
173
6321
2287
26886
26944
11841
22689
19983
11783
13189
16461
23007
18011
10878
16836
12179
3892
26964
21342
16818
28748
15082
20031
5987
23681
28086
4569
29149
12667
17616
178
26142
14992
32584
14951
16096
23268
27069
14066
15049
8917
11819
10024
31458
21654
22021
16005
13642
7193
12932
18988
44
32307
7998
14634
18670
17147
21242
31227
19371
24435
12995
20815
7908
8810
23355
3598
10098
10400
21554
16025
2239
23596
8823
19283
25910
795
11246
6752
760
8538
8675
8364
10449
12758
26014
1071
18282
31457
6968
13168
17088
472
24237
5704
28628
25090
20273
15337
6821
2748
25800
10782
10331
10451
17425
12757
10693
16178
1122
27866
29189
12989
7194
18661
1418
19836
26419
17367
30015
31996
31767
15681
31234
20466
17077
294
25688
30498
467
28674
13407
19839
22182
26634
28164
11156
19104
21430
32117
2594
31625
381
16346
14347
2513
10463
1088
10094
16677
16553
6357
5652
12096
2677
14427
5387
7428
30576
27607
13200
7625
19040
13449
20787
10485
6885
4641
23349
29132
7678
14640
31029
29066
22480
3549
27915
22447
6819
14041
10741
21659
30510
23701
26353
29274
532
26802
12393
28609
4782
22969
15637
20922
24331
32524
2590
7900
6453
12572
639
31039
29110
23005
13745
2702
9051
24951
24967
30301
27704
21311
21335
18109
6124
20197
25690
1806
32551
6638
5461
277
8297
25957
3449
20559
13836
7118
136
16260
28036
19292
16442
9374
9190
100
31967
11964
19367
9232
31045
23171
24486
13144
13788
180
1901
25134
22296
13060
20660
32505
19223
23336
8743
10821
29316
20527
19306
14009
20667
22036
22105
17737
1838
15252
32148
29101
8199
2621
27707
8977
27663
31944
10998
21774
30670
12200
24121
27865
23540
16355
14790
28346
27895
19489
19827
10176
3582
3074
3885
8116
11006
29109
17981
26443
7714
2503
15306
5791
1137
3384
21663
4064
17835
22996
30767
23111
21363
17600
26838
10572
25523
31572
29026
25625
10813
26152
3026
16702
21934
17010
25950
19110
21400
25999
25527
24010
8160
24287
3983
31780
9060
27606
2140
32743
26081
29264
25945
2285
5909
29989
10190
13809
13088
14078
8850
32254
17968
32615
31438
15911
4957
13861
9731
20345
8914
18633
2383
14638
31534
3717
7660
21283
2602
7743
16121
27789
123
19172
1149
19175
9466
14847
20393
5423
25346
18570
27741
32593
6169
12803
27630
18916
25811
11715
7463
27156
1268
30348
17805
28127
29397
28769
32743
28805
23049
24730
25598
13113
7487
27703
23458
11805
29546
20597
18669
11629
24608
2463
25036
20218
2880
23591
25786
29659
15320
29685
2767
31327
31302
3583
23290
21574
7581
24602
17035
19760
18506
13071
5876
5461
6135
25330
25808
25719
3247
14767
12324
18709
27459
22502
2533
30690
7917
8185
7867
12149
24116
22371
8965
1090
5903
29259
16413
10441
26189
15704
26333
1549
7732
22984
11106
14408
8297
16316
3599
17373
3856
15062
21973
5774
6451
5382
24498
10479
26216
25505
1912
21530
26030
10932
3536
12197
921
19095
8062
3025
2991
27589
25063
23556
14609
23786
10448
9594
14942
5950
14696
17975
11476
23826
16009
10304
21176
9896
21051
13578
2296
20808
16506
7475
16400
17552
26425
18544
31786
524
22438
455
8329
21255
7344
13310
2599
2208
19142
19027
15773
544
15586
2413
11332
28042
8903
29843
21658
30324
17543
4892
16871
22294
8007
10790
12064
32673
16198
16011
20747
18386
31516
29457
2980
24262
29760
5857
5824
27920
205
30779
22000
7433
25222
20327
26536
32103
28439
21999
12192
29201
3486
24075
24699
10034
11625
32349
18599
14988
6657
9694
26244
3856
20584
11289
1992
32427
14752
12695
30754
24162
28268
25754
797
2209
26715
32270
19784
25040
17409
2748
18580
2856
30856
21697
18429
14277
10344
318
30316
22524
28530
13906
13532
3822
21011
23877
9148
9821
12759
21766
23445
29887
27436
10456
6381
27025
105
8008
24427
13294
30222
13666
22588
14176
17485
23076
28596
17142
458
32307
30265
16023
11168
19405
18525
17045
11940
6911
16970
19845
5613
30232
611
3151
660
16989
16168
26753
20664
24830
13402
20713
3525
23625
27488
28770
9206
29982
25322
18158
24345
9379
22996
22789
11923
26168
16717
26925
18595
23982
6712
28619
4843
11699
16850
17721
29740
4753
29078
12824
29521
5401
30302
23016
18351
27097
25290
13270
16011
20630
16613
1492
6620
2038
1798
5615
19539
10620
21493
1501
13977
441
13903
3286
18904
14529
812
934
13180
24285
32766
30463
30267
12671
25533
13331
5202
11387
29505
866
12050
15219
15599
1489
16284
8083
14231
26621
19689
23935
18589
24526
17165
18314
30039
10319
20412
30761
17335
28605
26637
20647
3626
27614
23422
20506
20159
2195
6200
22165
9612
25777
1173
10399
7758
4365
4576
18148
31055
17878
27740
28203
31629
552
27783
21384
2584
18909
11679
28883
5308
30119
28006
30040
5088
18780
6435
11984
7598
17552
11241
32401
22132
24937
16923
12033
16458
13743
1584
15696
11766
10787
23220
27495
23820
15378
25999
11803
31578
32041
24714
19367
7042
17803
21263
15961
23785
19489
6448
12171
19152
6449
23532
7893
14017
1843
24237
2433
4653
17888
17940
9791
2899
5003
15353
2330
29027
8372
5294
17323
9188
20955
22916
21901
4435
21394
23697
273
2317
13526
14768
22578
25711
31647
26824
5579
19259
26550
17746
5895
5949
22471
12053
2329
6959
1207
10292
7982
20699
1847
5227
25760
12927
23450
32150
32621
17269
22499
371
30439
3091
18467
19624
21165
3281
9474
18184
9689
27817
6299
21778
23163
26308
17805
21178
20807
15186
1102
11117
10634
10170
2755
13135
17763
10739
12814
9671
24111
4913
20136
27965
15685
11717
20143
6178
27876
31294
4737
7985
30057
18389
13193
24821
31429
11272
11609
30348
20015
7556
7417
17834
18454
13896
2687
29665
32346
24840
28896
7967
10939
30159
30726
32632
21906
2537
5411
22053
6335
30464
1348
19917
3810
23941
22057
12292
17102
9810
29012
5138
13114
18317
23904
27381
16058
20687
10644
3241
3054
645
14264
10918
16889
29847
22567
19371
9525
4168
27686
13498
27686
24926
628
25443
24748
642
8739
32070
8572
10473
14245
22740
6096
4916
22570
853
30046
24469
20266
26671
20103
3380
10813
32101
9426
11473
14131
6494
30104
1194
10337
21992
8449
11167
21305
9340
15663
24468
15646
30660
10680
6935
27254
9818
30554
11842
9216
27347
30698
24291
9831
9468
2702
21467
28696
16483
30764
20420
8529
25625
29730
32471
8827
20407
5432
23564
1210
2463
23250
29058
20674
17028
4715
30754
14316
4653
12606
6784
23433
29045
30278
24321
7798
5527
26729
32067
13553
4264
1265
8889
26282
23397
12859
27286
14109
11311
19123
3309
26656
16212
21504
2326
2744
29840
13947
20307
4657
26068
2278
11699
7534
23365
17499
1079
27261
16520
29826
1076
10350
32573
14343
32504
7014
25289
9547
1968
18159
26969
26458
27786
4754
9764
10014
19222
7336
6384
5330
17394
12141
7895
9656
4518
3158
24651
23055
1741
421
24664
8000
14198
32314
4393
8792
20937
6060
4558
9914
27118
13976
31036
13590
15658
23865
21141
13973
12363
15417
11946
20566
3399
2503
28351
4894
17440
20202
11406
21323
13066
7957
25486
15626
14800
28155
16244
30922
7284
30628
13306
29681
30998
28353
16864
8653
21782
25917
3377
18637
1405
8980
10440
12273
30361
24424
15122
16511
5864
4050
24598
28664
26936
16886
27826
1610
523
13146
30503
5191
29760
7032
18648
11862
28912
23569
7502
16232
7831
3013
21120
2094
27508
3809
28241
7818
24370
12920
7515
323
12231
32181
3819
5116
7581
11631
21068
5991
23279
3582
6473
29110
631
10061
1005
23378
24902
28465
22925
17360
6131
30201
21257
801
22263
16711
23118
11016
14936
18718
25375
3281
2181
19259
16662
18241
22657
26793
7909
28873
25412
16784
31458
12798
1119
846
19651
25678
11742
7368
14501
2283
21362
3330
29524
11276
4304
32750
15302
2133
3924
11650
3560
32403
28394
12045
29342
13741
13870
16075
4356
30424
3538
5559
25851
6665
19264
23456
16097
5808
3713
23935
28831
3235
30558
32264
19433
22872
13765
5247
21953
3416
31086
11725
21309
22000
1213
25555
5003
12074
26347
16126
6962
29180
8545
22044
5274
4798
15460
8302
10703
9185
3831
11774
11138
28895
15869
14898
10577
17774
13983
19618
24392
13561
10221
23591
7335
30288
16328
10292
2021
10143
12031
15466
25590
3741
14520
21094
15050
10501
20754
1502
4374
8522
3848
3820
1878
31623
30105
30377
3091
3764
22565
31230
865
7712
24091
3767
1965
10011
27089
16089
10165
14067
26291
20022
17880
23843
17056
24126
31888
3526
5777
1048
11325
2130
17020
1266
5668
5762
120
11413
10423
14228
13089
29244
24855
2997
29502
24486
26071
5050
8353
28266
16131
6416
31311
20363
20320
20982
481
20812
29430
5609
11818
22341
26316
13920
12570
6327
24051
20410
21730
6429
26565
9845
13401
3843
2927
25760
21151
11547
15533
19347
22016
398
3541
11741
27163
24464
17175
17790
3395
1847
11011
14935
19749
32653
24651
27870
13995
22244
22731
22806
32033
15721
26054
9663
7319
11772
2419
13257
31622
6463
17848
16911
20406
18157
18485
31042
19038
24942
6020
29731
20366
24488
9663
6134
15562
16663
27715
20787
759
20512
29876
2174
6012
24226
29506
25561
161
12495
22058
10265
314
2618
28287
20118
10122
4400
5674
8999
17250
31820
30512
32334
1929
15942
22579
28591
23136
9228
4668
27847
6598
6420
5047
22490
22074
1520
5311
29485
18751
32035
24732
5238
2821
10803
22666
11409
19269
14079
5052
30580
4461
6995
16545
26725
18429
2746
11110
9835
5937
29843
3516
11522
21216
19047
3035
25874
32676
122
711
18978
13115
31904
3026
28617
21549
26450
22882
31590
31919
4865
20724
26129
1224
28074
1633
6866
30642
12459
31840
17680
30851
17109
20045
25420
23053
194
10025
29199
28162
24425
10721
17184
20316
7407
11987
21755
11259
29633
31374
15999
20880
991
20953
743
443
26235
3832
25083
20848
8130
7210
30855
6047
25338
30582
17677
12052
23757
9127
25783
3996
30692
10902
7311
617
20408
5287
754
30135
17829
31126
23874
13232
27713
3700
1500
141
15595
21740
28234
25599
19367
20427
4537
8653
27945
24768
27565
9662
815
13151
18163
26297
25364
22892
30936
1323
2722
31831
23704
10409
5929
18435
8985
24791
13005
29387
19161
3464
27684
1735
21541
4646
11265
20555
1421
22613
15754
5553
21652
26067
7313
31833
18092
2466
32289
16109
24161
25706
18262
6378
26836
20505
26226
2908
16235
27340
16942
24297
20935
18674
13134
1808
3062
4782
15480
19123
27882
4222
29766
21971
24874
27419
21914
6300
13768
8864
27186
6049
14227
237
892
4456
21133
2894
30123
7465
17824
14168
2314
9939
16012
26388
5520
27728
29220
28768
31925
24586
1210
13201
30085
5294
22232
1373
24307
5680
2609
28665
3183
21519
21206
3966
16571
218
26797
3473
19194
2803
11552
67
31242
4755
22802
12342
23059
270
18199
2562
28768
9560
11748
16086
26990
31176
24324
22627
27971
30493
24013
17397
3585
6335
25235
6371
1211
30279
7707
7722
12423
5696
20818
21333
3029
24111
3391
160
3071
17362
12087
4700
7969
9126
27984
17301
15402
24747
1816
23539
14643
12651
28294
1246
23568
15929
32048
31205
22821
29879
2495
6241
13435
13467
29088
4693
14612
14770
27389
18585
31355
26405
13036
4152
5278
22523
27622
26390
7648
22751
16506
23510
32619
12067
7746
11514
10179
20742
7447
25420
19361
29490
26241
27517
10494
3977
12657
29453
110
18721
9779
3178
14511
20877
16030
24156
24706
13151
30350
25248
697
9706
24724
30676
146
20045
29419
19091
26179
4525
8366
23008
28118
23745
4937
6856
9271
1172
6190
32579
25740
9350
5833
25692
7620
7572
8885
11153
5747
6874
32304
893
8925
16214
8396
9140
336
24815
5736
32751
20664
29878
19039
13929
21869
4203
4863
15752
79
9539
4413
5312
27669
22504
14502
31925
17634
6594
5017
31391
19993
26485
6068
10995
31347
20651
7820
10048
19023
11539
22177
854
25673
8874
16529
9646
7181
24889
3211
32518
23406
14110
27655
25932
8626
25424
11188
5565
3376
18590
10674
8782
8990
26167
31746
20043
18852
14703
23355
7742
10292
27840
9598
7954
25118
30735
3499
10360
24415
5681
19157
7818
6074
13230
23540
30382
5131
15045
13274
958
6615
24752
24937
19814
13607
22569
2050
30413
5271
3372
15424
30839
27562
19967
6375
12650
20320
1392
8215
5007
16651
27230
15558
28508
23390
18554
30829
8880
21959
17999
14592
12030
20991
19584
6948
31406
10207
29265
15517
16832
9077
4969
2821
31155
26967
29399
27332
11429
30007
3922
19004
4027
26296
3269
30020
22723
4224
22283
15576
5912
32142
25078
18190
5062
24782
10903
6988
31983
8939
23993
16057
24686
613
18351
29937
14777
31203
29008
30973
5900
24778
3647
17026
6596
31246
8304
11064
22025
25929
29927
2206
21935
9738
24003
3565
16990
13679
19836
2634
31473
20982
14185
22335
6173
400
22917
2924
9299
31223
21362
17786
2791
25410
11966
9041
625
10423
15462
14731
30324
19424
27544
7976
13373
28129
32189
24963
24334
776
15287
29828
28540
25766
4199
29464
16918
13597
11379
17374
31047
19003
5958
30244
13950
4550
20824
27409
28299
9304
27567
7971
23885
31341
14502
10205
23690
30651
31213
14777
8734
16578
12241
19044
10584
3747
28093
9002
19361
30005
22529
30639
19550
20310
11987
21729
23576
17791
2707
31786
22234
8860
11604
32490
16859
27418
3479
11812
19549
27201
32345
12920
22485
10692
6225
24657
19276
1942
18547
7263
13829
24064
10168
25672
1376
29169
33
20378
20990
7061
8954
7429
2086
23848
29788
8135
28520
23565
20469
8551
21888
28698
11019
2982
24701
15671
6079
28339
19490
2855
3471
14238
5772
20389
6943
11023
24597
7859
25913
30776
633
29999
5906
30728
9015
4519
10191
27809
17722
20334
6471
21773
7609
14319
5131
10540
12380
15938
1188
4593
30368
22781
7707
29134
5756
28237
26047
20845
27717
17989
11298
1185
27599
30581
5989
7068
7381
447
8885
29794
13978
2918
14102
126
7889
29800
16735
4851
20410
13326
27014
19061
27023
13505
20254
27609
29470
8735
28446
16587
3511
23886
5860
20159
8264
2960
2170
31274
15815
29464
13335
27121
19152
6685
10985
16161
9872
23596
12049
29922
23265
27074
1264
31910
6070
26138
27041
27302
32186
5956
21190
18063
31796
23671
23432
21624
17966
24232
729
27160
8918
12123
7932
9270
7460
18874
10824
4192
22205
10724
19753
7904
536
28295
18791
28908
18399
14513
10923
22301
7064
15843
24639
5155
17284
16488
9237
14262
6087
25060
21259
9679
15562
1072
6765
7705
23774
11365
7867
22434
9506
7223
32685
1239
2470
5509
23925
21423
5328
31789
17220
15910
17919
18981
6927
16109
17263
2504
3731
15968
25437
19053
31127
19384
20587
17214
20849
30338
19781
6216
9675
23632
23429
30158
7847
16046
18900
30179
7073
13655
27986
1080
22644
20649
2617
13362
15040
16471
12221
15679
11531
21086
2870
4459
11013
24122
30336
16942
25360
28761
17826
10120
4351
18896
6063
32080
30238
2125
12010
27338
4723
2636
5165
10359
836
25486
2444
14385
10970
30151
4149
25463
1412
408
1434
29701
20446
17340
7123
23207
25170
29318
12605
14416
26080
12171
19304
32102
17947
16796
14640
4961
1140
10999
8233
17556
20667
28605
31041
22090
2787
8359
16544
2325
4614
32245
23763
29539
1192
18088
298
27218
22080
2033
3934
27846
24053
233
15479
17592
17061
28290
31981
21201
26667
21438
31758
14391
16866
4639
8863
21159
11877
26206
28870
16068
16537
7520
12072
21678
6638
5477
15182
21207
14817
24451
29517
11026
26310
5459
1190
9709
5060
14058
8811
20545
26657
9482
26275
26375
19391
2970
25328
13677
7399
20564
9327
6442
29510
22974
12000
8462
5173
16987
13063
31197
31806
19490
1105
7517
8667
10287
4539
30638
21888
26297
26096
30426
25308
9028
29361
14509
22365
16663
11130
19143
4594
19441
13155
12527
20
20728
8772
9642
11271
17394
9500
18700
93
17591
32180
12751
25789
22758
9599
5282
6114
28120
6085
30147
27366
14034
1792
6352
16833
15231
391
8923
32013
10909
18793
8892
12556
17654
25500
29611
19947
29842
8791
11790
7496
25643
11964
6799
14579
10977
21946
23410
24305
24623
7218
16421
18119
11294
24152
30489
23541
10168
32349
4561
448
8640
26187
3897
17460
7072
24880
24632
6762
4771
3966
6792
7687
26980
31410
19910
23557
1415
3124
11973
8886
30118
27518
3368
28933
13198
1921
18224
27392
22188
20292
12242
30611
19138
24015
6925
27542
24286
7495
1146
26123
16525
9562
1061
16800
14156
22750
1435
16252
13375
1716
30020
20279
2598
4595
22515
6186
24972
25922
188
10218
15681
13702
22790
27151
8971
22462
28384
19770
15513
11818
15769
14678
1208
28851
25738
15133
21706
21639
16439
2270
26227
22276
6551
17534
7573
12247
24495
7870
11903
11877
8038
16315
29793
1642
11668
6331
3075
20447
14172
806
1719
15906
11452
20691
18829
21073
14690
12677
27845
3318
16321
4534
12170
25322
2661
22163
21469
31091
10115
6983
30415
28080
8917
21372
14579
11063
4516
30495
19219
5628
9511
7012
13090
2933
14091
7435
23922
32507
1107
16353
20007
13684
2658
26505
1772
25647
14934
19836
29924
14095
30360
22607
31459
492
3761
30773
27615
8502
11616
11460
2465
19931
27881
6140
23488
26731
1455
17029
29392
32635
19205
30008
27607
5447
27202
19425
18432
26779
8211
25923
27796
17651
22550
21597
24357
7649
27300
14060
4621
31151
27886
5425
21783
28485
18251
28404
15995
15182
1488
6601
8208
12439
5922
21650
23741
1975
28040
13381
12848
20981
13892
19952
19155
4966
6948
16890
11260
18518
16980
3243
21605
23017
118
16366
7899
17922
28916
2646
15674
32356
26773
12128
24472
17176
30287
21752
23489
31758
26205
19006
26852
22023
31633
11145
17291
9905
21226
1964
19920
23572
9577
27257
32718
31534
23585
28804
15447
29146
10894
18474
24037
16375
8999
17361
4050
15301
31286
24944
18379
30098
27368
27475
29570
32407
29344
5656
11939
5917
22161
16382
5386
2020
10124
13663
1331
10948
14358
7802
26353
26261
14526
31350
19043
8781
28334
19364
29476
29544
14463
22789
9155
2957
21842
10508
15731
10606
8732
6564
2051
4336
16705
14709
13840
20108
24677
18019
31097
18932
4222
30040
15379
27642
25646
26436
20638
23470
18513
28514
12280
5831
19154
3772
5777
26949
17346
18673
5663
2132
5291
13878
28563
21618
29217
30363
18763
1748
27547
27280
5513
19974
9601
21671
15652
7635
31110
18587
25213
13924
28984
2962
20661
9900
20181
18847
27421
19971
6241
17547
12526
8464
22773
24533
10555
13805
3162
11767
19235
23430
26839
25323
13899
16450
31558
20462
20364
27622
18797
19588
5608
4278
28300
12476
17347
30685
26163
17589
4175
3342
31062
18785
9545
19820
419
32393
7395
7591
30483
18961
7169
19304
31680
25726
23719
15856
23030
11957
15538
6652
10380
5381
9415
23787
2421
9064
23434
13090
13970
12038
6416
3504
20682
14587
28310
15150
9565
28250
22131
2025
23925
26994
75
10564
19455
6224
11654
30807
19896
27781
12800
16348
28555
14377
27906
8524
20250
23583
20082
21829
27035
11163
15430
19247
19685
10466
27710
27679
24266
32593
1491
1275
11944
24225
8299
7136
1339
7017
29134
13504
9909
14564
16605
18768
31505
16373
28802
30753
4260
1896
14051
12044
11509
20859
21723
21716
24526
25245
25002
13831
19603
30069
32491
14629
7635
12326
2247
7684
22301
32466
5737
19571
30997
30557
24241
30238
11206
10867
21805
4018
25402
1484
4933
25921
12872
11182
25013
19943
16302
25524
30273
17070
4448
2255
14755
23727
8735
6282
10697
32378
30028
18322
11325
11448
7423
16245
25829
23055
26196
27050
25836
10822
8197
27602
17920
28842
12094
14653
1470
28080
26284
23984
13674
4059
21464
25957
20964
15328
30387
1620
22487
24585
6001
28337
26676
22231
11931
23734
4319
23787
4960
25506
3496
7718
25645
514
5500
7696
23933
27951
2012
32630
4849
13848
3727
28504
16035
11073
1940
14082
6840
7180
19291
14712
31028
24888
9013
24599
3602
20135
1032
14970
8085
29284
24903
21915
4313
17636
11297
3642
31405
11916
21241
25219
18085
1652
21783
1771
106
28267
16029
16987
20821
12347
8380
21904
23100
46
23079
29122
24460
18640
17352
643
31640
25591
5555
20203
19249
25857
6232
13810
18551
22621
30204
2589
18414
7245
16490
20573
19413
14057
32485
26164
8627
19816
22626
21273
32306
8347
11764
18718
2864
12986
14728
6352
7188
31331
1234
7262
31838
18144
19591
24062
3203
14761
9165
32141
8439
31017
27632
6517
22411
197
29782
16084
22265
12827
22197
9435
11453
2951
25475
14196
15655
10220
12974
13607
31151
27569
11406
25662
20872
777
7960
8999
4216
5496
13140
22555
8166
21139
22289
1021
24117
15367
28375
31877
80
20700
25629
4509
12678
32251
25532
8715
26009
30702
24740
25425
4369
25064
11981
24785
15318
26117
19057
30261
8702
8914
8057
18702
22244
4624
25909
1467
7802
19637
25167
25485
28896
20532
11522
13353
23605
10494
15239
557
14509
9801
22736
790
25315
31504
20857
24673
28785
28763
27900
7152
4799
3264
1828
5040
7192
21802
24004
26745
23299
2777
26280
19509
16336
2730
16844
31557
113
12697
7116
25888
11915
27268
5276
18493
29645
18738
32377
17716
26753
22163
2335
11552
14432
29257
11581
3911
2475
28008
27686
18941
23159
17018
14281
8901
18505
3783
5859
10682
30178
12499
22899
27693
860
12327
29039
14992
19574
21076
17333
1426
24877
310
1348
5772
27788
26230
30892
10012
32196
24658
8131
7183
26495
13217
13722
26501
10610
7953
1199
22095
6193
13236
28004
19612
14152
5819
12464
13781
31111
4225
21269
11205
23453
3275
11218
6397
3305
28750
29785
23159
6796
26481
27651
9337
20675
4693
25603
11964
18036
12818
18329
27598
18182
15172
29832
20405
3702
29127
30665
27093
2983
29118
641
22036
7418
18906
11057
18747
31519
2777
20268
15519
17963
28748
10319
32002
26858
1694
27372
8372
18038
29266
7
10493
26120
15500
12229
21184
4367
18643
20513
23128
6015
22549
19425
14022
11884
15595
5576
4110
7383
9503
23566
29918
10952
7276
4109
4977
1693
11396
5693
31155
5281
15960
12898
8358
23776
8339
1028
18180
2874
22375
10016
24358
13751
6541
19741
5156
23834
7815
25089
10814
23481
8745
4581
15994
13963
16727
17063
10639
1155
5136
21982
2562
24604
10412
18195
14735
5942
17505
31278
12746
3360
3340
20014
9222
758
46
18461
18550
14893
23349
27203
10386
9580
22782
2971
26812
7069
26775
17283
21796
16709
16713
15799
13801
7184
30678
2688
11905
1201
30975
16169
11354
27368
3401
31411
10433
8164
18945
8906
16900
6860
4990
27895
28627
27545
5286
2070
22252
20518
20404
31243
32760
8074
11320
1457
30127
32677
9822
11539
3651
6393
884
9183
25596
15547
12199
17943
16671
12586
10509
26378
789
6176
7145
3203
14537
9191
5162
27200
82
3661
26676
12709
26578
1531
16611
2482
21918
1538
25293
17203
15263
19383
7368
7478
6648
24257
32685
11714
5352
24432
17243
17094
8690
3921
31998
20304
4156
18431
2705
14591
28726
21563
22433
6587
7803
24383
24404
18851
30204
28240
4011
17735
27995
6291
29188
17432
9109
28961
15587
4893
8164
22365
13041
2023
18660
8582
29509
8134
22260
21896
7907
7997
17887
25624
30594
17844
2492
6655
23443
26989
2834
15286
17278
4025
11840
32564
9263
21868
27164
22532
23249
15246
12763
18842
1497
11347
13873
13287
28487
19533
16824
20011
27688
27617
13462
17419
21856
11512
25435
10467
32166
12534
23848
13661
18640
25328
23830
835
18513
12826
27349
15249
256
20606
28308
27343
15899
18932
15393
28573
5515
1870
22866
14224
361
4563
931
15932
12994
10991
14624
658
407
3112
18566
26221
7720
25428
11429
11367
26483
24329
14088
2033
2807
24406
19928
29603
20925
7856
16638
16848
16025
26415
31368
7006
25006
10235
3662
24788
1328
32513
27861
8629
5998
2794
15731
7693
30223
6477
9140
1609
32411
1315
29693
27979
2110
22908
7023
8382
10953
3185
16142
23463
30458
26202
22051
1853
1021
26945
17375
32251
30258
19606
13376
1267
25393
24867
16441
28517
14092
28995
7437
8336
32468
29007
23292
24520
15454
5210
30497
13001
10054
6430
17563
12875
32565
25397
28907
3287
21344
13453
10141
11224
25425
6934
6443
12021
31978
26301
26910
12702
31655
15262
18294
3813
19747
5237
14668
6032
7902
18774
21686
28268
6461
28319
29675
32484
19410
8234
9127
16849
11998
3271
20689
17556
24084
21993
31068
9827
28832
6047
25707
32736
4712
11462
9656
26864
17042
894
28726
4298
23366
5594
31733
7246
18101
23260
838
16025
1370
17312
6945
16342
27007
6359
27331
26198
11268
19575
1691
30180
15964
5041
29287
14674
32216
23844
3739
19032
11304
30544
29954
2975
20767
31565
2215
2328
27062
20412
15606
12946
2132
22527
22559
9356
19020
9125
13499
29511
18087
12840
18098
11296
23077
7899
26460
285
29822
18718
11494
21190
19181
19668
20728
3126
5103
24343
27284
1393
12361
25386
32578
24568
25928
19374
12138
4507
3148
7193
513
4495
23432
7781
4967
23488
11267
8453
11152
15976
24802
20765
32611
9697
21482
1266
8543
23224
27457
2720
25988
26114
15476
20235
15473
4083
24766
28951
18890
11436
24200
5404
14812
11093
19500
3220
6788
7020
4094
9751
15180
7260
24973
14730
22744
27474
28710
17555
6017
844
21146
11087
4415
883
9281
29000
31436
20394
29503
32417
9222
8039
25606
17812
22422
28353
11805
23583
24015
1483
22047
24057
9944
2593
18694
10955
24590
20160
15529
21661
30884
22043
31108
21134
22924
14955
29112
19401
21659
28742
18770
3764
3816
6003
13264
2155
27253
19965
19170
20588
13073
14726
17005
7316
4732
15070
7637
12618
4045
32724
19068
8698
7697
26444
17286
30149
32309
27538
8928
1142
30758
1774
17280
8120
12086
18041
22766
23687
5570
32558
8195
4325
17425
22852
3312
22990
13952
9660
6787
15725
14044
12854
7846
15760
29968
3848
18473
28250
4864
31633
10689
25911
10164
27851
30288
5141
32185
25120
21094
25810
4292
31871
24328
10480
3737
2990
25009
12688
24363
1506
11671
9118
30725
7565
12847
23625
32488
26999
21235
31158
32694
21264
27747
23541
14734
16133
10826
12852
18233
9233
4930
26674
9925
1046
28026
2039
25711
31596
24759
25539
27847
23160
31129
7236
18958
32129
29216
22283
20707
22208
25454
14657
31
24246
17615
31382
6141
24259
23542
9339
11390
18931
650
20881
14091
6171
25825
353
27484
22309
7691
21581
21402
26280
21778
17350
30656
4540
16256
10944
5191
31500
11554
12899
9218
3884
268
30468
16711
28973
15325
31059
8783
5487
31556
12246
13535
32439
4803
19606
7464
20865
8627
2840
7149
12696
19081
6798
8163
7651
28503
30799
1629
16002
6038
20101
20264
22810
25378
11045
18356
24428
11910
8997
29045
19501
19578
13801
10121
16913
30890
1278
18331
8490
26553
13322
25095
1648
6278
1283
13631
27041
19118
1184
30829
19787
15954
23309
14682
13606
8474
5347
20878
22184
19577
30807
14009
14292
14643
15026
10833
12371
19485
10753
3197
197
24612
7949
22066
29785
12689
19341
32411
16539
3724
14491
20415
6030
28894
2405
28254
8187
25851
22053
6427
18440
25151
13139
25313
9740
30840
14616
27775
23458
30373
7943
24981
12029
28413
16392
15540
20091
15411
6804
5825
29308
27641
8488
1434
20852
12995
28403
19964
6719
19661
13522
27813
26805
28767
29311
15029
26751
13648
20486
12634
6697
5577
11128
4268
28279
27723
12002
28118
11261
4851
640
27767
21226
2045
28463
10056
29477
15240
1313
3070
10395
27288
6868
11890
12759
11105
14405
22271
21715
3779
16993
20523
1549
31505
31420
14218
1502
9238
10117
21984
26631
17498
30650
17030
14733
31649
30616
22031
14536
30389
10582
12330
21430
17509
5650
21706
24725
31694
27404
9349
17584
6105
30482
13370
32121
11269
7227
18423
16344
22119
2520
29978
8643
4847
21160
12214
527
21484
13131
18232
8837
978
7417
5706
10297
21563
22644
27127
30231
32301
21819
25616
5567
22427
30977
23759
8851
25134
861
1979
27405
14149
22979
24523
15447
30010
20403
7886
3093
4583
16176
17418
29829
13928
1396
28196
14027
2083
14306
3136
14214
774
9532
10856
10663
18704
30486
23858
23427
2835
1931
4253
23079
28344
16174
15933
24299
5571
3907
20120
15178
10904
23600
10703
14064
5630
27694
15233
5141
16932
11844
28140
11786
3810
28022
24661
26129
23360
17466
23722
21106
18492
25643
20583
25547
6344
1537
19638
29864
21267
5569
20954
30547
1801
28465
27085
13806
24093
16015
22056
22718
22598
22914
21828
9930
23111
9297
17055
13477
28980
22355
5761
30088
28466
14503
2271
25251
17790
7716
23423
11445
16305
19347
3933
11227
1090
284
2382
421
32332
19967
27107
8559
5265
31621
7312
13039
20928
9269
25101
778
25075
19274
23037
30444
2428
2149
20430
13655
30945
7040
20192
31291
8741
32035
16873
18568
29513
16090
8600
28224
6675
20454
30328
3792
13582
31283
12824
10144
5586
11146
9065
17129
30853
24328
2663
19655
21666
15055
3835
16015
11001
13819
7968
5218
29944
23256
30790
16642
6440
31058
24563
5093
2298
23980
20400
17800
27588
24437
6179
7686
31495
23736
16249
27113
29683
30068
7943
12608
16941
6987
1072
25842
18383
18814
22665
30289
26289
31001
5435
3314
12007
9579
1449
20157
22154
29881
7507
28224
24252
22836
25850
29512
2534
15911
17158
29107
1860
5493
8996
8832
30628
22851
16691
4904
12138
22002
7009
24369
23000
20560
20369
10240
24972
23567
26625
16111
16970
30326
23337
13727
10236
14678
17126
18576
32503
14912
3799
22510
22912
27125
13831
25262
20111
2078
11213
14298
13779
32573
7153
21033
25845
15588
12816
4563
21025
23077
28738
18595
16323
10313
22777
19534
21902
30148
28717
771
19139
8041
22454
7747
1456
16859
2809
30707
21623
8004
32198
17840
8976
3401
8833
5730
21137
32573
7040
19988
5549
148
7093
5123
30331
13211
14989
26356
27001
10343
16151
19403
4561
8203
9833
19034
6875
4111
26944
11383
19170
31261
17638
13137
13099
27644
2905
14084
8499
15299
16041
25706
13625
21574
31650
3380
16892
9685
30635
15930
22982
3878
5614
4112
11433
21135
22457
26074
7177
27512
11300
3681
10075
22545
25333
31590
5675
11072
18112
822
868
31454
8787
24702
11724
32290
13649
25697
12750
28765
23580
3784
4220
3048
28408
249
10196
12635
7278
32364
66
3840
17135
28633
4967
23688
3514
7318
28697
32508
22784
3616
24491
10486
8517
20984
28782
19216
521
3504
2423
26781
1960
6469
27555
9367
22655
5039
17369
6873
31056
9655
12943
22926
12519
26377
27792
3818
20222
6538
22780
16152
23135
12011
20624
5747
27208
19583
25127
11256
12051
16713
16513
18427
28182
8794
15684
794
29897
346
30016
20848
18214
29028
4599
19979
3414
19991
17501
23199
1161
30953
23772
26491
30502
191
9371
30653
36
26555
23552
13762
7607
31573
628
11233
22320
29358
19302
30041
31262
18208
25746
31623
12986
31514
29059
4957
898
17195
24662
3855
24611
17756
31682
6159
28572
25283
24149
25916
14753
16213
11008
8535
17213
31740
11990
5558
24252
22250
20497
27964
13000
9772
28246
9096
15570
24706
6202
29805
21172
10350
14852
24482
26516
3467
10676
5307
6155
30752
13381
23384
16774
29429
4144
19357
10477
18277
22833
27362
29827
8117
31053
171
32014
9124
8980
14298
14903
17219
16676
24611
20019
9223
32494
25537
29859
25629
20157
17767
22713
10237
4340
14970
5789
9794
16534
13693
27663
9657
18700
29901
23629
8632
26915
27022
19255
2225
18261
2789
21425
18694
6985
26983
23881
8223
4253
5842
13594
24507
18146
13819
11759
7555
4840
18184
2988
229
25916
991
15850
8991
31216
24799
11746
13722
13722
1485
9100
25210
21407
21265
1544
7027
18866
18210
31548
19166
1175
22591
10943
6924
25133
5728
10229
18394
3243
10604
18300
11909
6954
32684
25543
4032
7012
16512
21769
14340
26811
22352
8277
552
29821
10950
8707
26673
25446
21562
14165
5739
9318
27502
11099
13497
25765
14972
27411
23081
1221
28172
17621
24267
29543
5578
14062
32708
4336
2328
4492
2462
141
1023
28634
31970
2676
4204
19563
24809
29549
3993
13532
14575
28049
30665
24757
20329
1618
6712
12177
19352
13756
1362
21119
17759
29435
22307
9383
19282
29212
5135
30513
3855
28440
21955
21602
11217
10766
26219
32264
15170
30928
7205
11033
11409
4513
2230
18583
4549
29501
20861
16822
22353
3610
17317
4929
6632
4846
30878
11834
3730
2673
7885
28097
12544
6756
14978
9270
11292
7122
29483
930
12517
26262
16584
25939
12154
30237
3487
13511
9844
19309
8241
460
31865
12390
24940
32228
6159
16456
21282
26862
10669
22902
19130
12547
23576
23674
17446
18847
24301
23624
24853
32257
32633
9159
26729
17108
17361
13453
23019
19214
15391
8938
27197
25625
32315
29481
31505
23857
32635
23570
25497
32269
16587
4788
7486
20673
256
865
10389
17123
26985
7161
16015
25068
26791
2924
8688
14050
12223
6778
9474
1332
1390
445
14218
28902
25533
24810
4347
20461
5076
15188
19178
10973
15379
7601
32706
12481
5215
20769
16825
8778
13498
16236
32258
30765
12823
27787
8260
18630
32108
10603
2636
12545
14600
25581
13311
17530
30759
14385
1938
18659
7364
10004
19965
16551
18350
5623
16300
2252
3806
31683
3448
3614
28168
24361
30167
23946
9584
2607
14927
5064
31487
5864
2353
28733
4502
14722
12163
3871
19106
27527
10046
3802
26097
23644
21946
9394
21444
19214
3686
25770
27941
11597
11708
16549
1658
18361
24692
716
4187
7005
27384
18223
15009
19577
1305
14511
19903
26245
7680
5403
11862
8562
7271
15513
16131
3123
28425
20552
5244
16508
342
9251
12251
970
26732
2089
13113
31139
23619
11451
17535
19231
20775
9797
4729
26535
17772
21536
12332
17149
5981
11959
14954
13436
30581
16617
31651
23458
19154
20655
510
11723
4582
31487
23464
4415
10096
18160
28012
10607
27562
29726
6021
14460
12228
2128
7344
14841
30098
24664
32645
6898
22402
18491
18950
13101
11472
24210
29561
25519
15869
18224
22643
32386
7549
28933
31030
23478
30896
29506
29244
16294
29971
17854
25364
30333
28088
22681
14189
18680
9459
20255
1649
11885
15959
25071
31828
24588
5344
11356
556
12645
16754
26899
6147
21034
25986
25086
5418
23862
3603
5993
17105
22735
17125
25188
1237
3112
5609
5736
1241
20010
18167
26173
5016
12660
20419
4122
13433
12705
27662
5391
1893
17865
29209
32672
1237
31818
3935
32179
16431
968
15747
20908
9298
17778
904
24278
24175
29831
22336
21765
27420
14105
13063
16249
31139
19474
13233
31494
6560
21108
21184
22386
26315
5605
4314
26655
10002
1130
9339
18409
3819
12659
232
21586
8168
2584
18788
9181
21899
7842
1189
15287
5213
9549
9353
18588
3898
6732
13830
24313
5871
8462
19807
1614
2055
2752
670
5079
19169
9747
4670
6251
6662
15423
30248
26020
698
24392
2785
28224
21457
28031
5377
1479
28356
28237
15079
17262
12036
11308
18091
3132
23438
12278
17492
2155
22208
354
20555
2065
107
20683
10768
6912
32297
28212
24364
24554
24049
12682
8807
20169
18152
14376
9018
637
11386
7073
31111
17847
14250
1465
31112
26391
23206
17844
1030
6289
17055
19156
9931
24085
7127
10269
8537
20335
23548
1371
8668
12652
1716
8550
20062
10814
8313
18853
28218
5409
17319
27345
18387
14655
3027
7931
1669
26577
19295
23761
15580
17800
16203
11293
22276
17195
13646
910
4481
2433
22566
13243
18464
23665
5676
869
12590
14696
22059
24828
22759
13563
28274
19813
28977
23502
4648
25595
18827
6836
10464
9172
832
29207
17517
24133
21984
30875
10488
28328
30704
28926
6992
8028
32737
30531
27008
24590
20799
2319
24999
12599
27179
27987
11012
26854
9483
16171
13649
13504
17024
8198
12882
32069
20377
21768
19885
3669
15430
21420
5884
10482
13839
430
21025
25159
6917
11304
8665
29673
6393
31227
16533
24926
19693
23920
15237
5852
30408
18719
25589
25938
5454
11280
27356
32685
32334
31009
23218
23892
18205
15783
25475
9716
4420
2904
11586
2691
3958
14697
9311
12159
22213
16627
29851
3191
20501
14491
9756
25805
24016
13170
4284
15802
2523
1818
6567
30098
20425
15659
28453
24650
22351
13268
14004
3383
13048
12742
24922
6680
30490
29005
6713
14167
15625
26304
868
16780
26250
17948
13553
5187
13707
3052
12880
31231
3089
3436
18907
23935
26737
21485
4781
8255
29123
18299
31928
14914
10388
27838
10002
1807
4059
14878
28816
25594
25134
18474
30358
932
10038
24891
30253
6853
15713
13396
17238
18985
11222
12109
19103
27129
20654
17457
20723
6716
16225
7652
26038
15517
25470
2057
15122
15215
15264
3618
22667
16878
16541
5625
23514
18888
19712
31040
15352
8668
6330
25204
17017
21057
7444
28935
12059
394
29928
26813
14751
16200
3345
28759
26071
22481
14624
9071
24065
5440
80
31651
18259
4541
14013
21749
17623
32511
14032
4466
7289
1806
20222
8210
12895
10830
14258
27360
20088
16057
9607
28762
24664
29804
19387
3099
13635
869
25313
12983
21639
26251
2005
9447
30223
18414
1781
24038
18230
593
26510
16666
29145
23526
19349
19191
6576
24152
30616
18721
17374
28686
5875
24016
23750
4783
4167
21113
20513
27361
32296
32171
26445
30039
8214
16439
25064
3338
22447
23955
31902
9926
1570
13184
23103
26089
24039
5355
789
28264
31918
19473
28276
6162
24981
2023
19090
26393
5021
14521
30361
28110
3167
8209
25339
31660
15099
6106
19462
15768
13138
21701
696
13159
23925
10220
14292
7841
14684
950
32053
20100
2780
18426
29027
27980
467
6503
18788
12978
12966
18467
11477
8115
29421
2482
6201
10130
28268
2586
14736
27168
2118
6212
31532
25403
23661
29094
12480
13205
30045
28959
6842
26295
2570
9506
13266
23109
22550
4375
31971
10883
28232
7678
15098
18456
31546
32342
23469
6930
29777
2365
29615
22315
10482
20696
2977
25930
5619
30709
12074
1613
3408
2799
29257
4870
1568
24530
24810
32131
10439
16832
3256
30611
27500
27540
11571
25221
21166
5572
1538
27699
10898
7052
1930
32064
19392
31561
23999
23709
16624
13859
24890
11346
24735
21230
7821
9083
12038
2130
26579
10640
7244
21034
9355
14058
29435
30251
21414
7811
2737
15302
29662
9470
4888
23375
17994
2279
2839
26718
7983
24635
14410
15222
14618
28459
12976
7908
15915
23581
22692
17130
31668
25844
16143
15645
29699
31121
29147
5900
17019
24473
6315
12322
1514
17273
21449
30414
17686
23208
25951
15584
409
31532
31467
11063
27887
19552
10989
6297
29646
29940
31458
18402
5045
27189
374
20833
11976
17551
30966
15231
20955
15696
22020
1697
8397
14766
13966
12368
23831
1804
15617
29080
15012
11385
11193
15533
30436
30074
21693
15829
26140
6665
12713
25473
27392
10205
14315
12733
3203
4332
15666
25803
7662
815
36
9995
11567
28069
10576
24095
11124
22170
22627
21323
1017
26409
4510
15138
5406
20480
8071
24671
16317
27491
15583
30225
186
16500
6869
21755
18652
19377
6009
10298
1755
12478
14451
19752
6074
14693
15861
27265
4438
17883
25070
708
6976
4676
6017
1500
18888
30074
24245
9728
12122
32010
110
29656
6158
2688
18076
1505
9082
21989
1202
12050
12491
31109
1114
2240
20756
27382
10854
21439
13285
1365
26634
29898
16928
2259
19529
4132
23304
13168
18862
2176
26523
22279
1084
25887
14370
4235
15271
25400
24582
1168
9669
13980
997
17677
19775
15770
19941
17504
18572
11296
31816
31122
23840
29220
15937
6621
25312
24898
21254
2923
31706
21927
7975
30049
29747
26157
11294
4380
24160
24519
17959
8378
16281
4128
11346
11997
24715
9087
1750
31659
5710
6638
6056
15130
6038
6043
22860
2154
12845
5246
32748
13043
29857
12092
4263
18464
8250
10060
811
32444
30510
16984
8582
26476
15128
8422
6713
1661
28583
17975
30862
15072
13715
22383
30508
5747
20950
22007
24809
2947
13592
22816
29663
5006
5995
2825
31426
13133
31800
27842
4209
32753
12921
9649
16842
2478
9513
25141
451
20342
4089
1418
9142
8199
27717
13037
20477
3111
10822
29184
9919
20014
2697
29295
1289
19142
11168
13012
8225
3823
8215
3800
27415
28486
8362
30875
31388
11398
11956
24919
23319
16719
15083
5440
3318
15654
9291
3758
6978
20670
9040
1149
119
28533
30056
14260
19858
10786
23720
17510
18283
9998
18366
31190
28229
23360
13863
32222
9124

