1000

6792
7109
3410
892
1864
9499
7234
1804
5456
1020
1313
3018
2711
229
9049
9209
723
9140
9469
8129
7053
1505
5373
8114
5812
7849
650
1129
9637
5979
8363
1265
5289
2727
5808
3932
3183
3314
9845
738
443
1359
3353
5929
9311
2043
6367
7062
6217
856
4004
8547
4861
9357
5363
4754
4773
9915
7638
3904
9318
3923
7325
9629
613
5158
6323
9707
1018
9405
5695
2532
4035
2459
2761
3954
7228
2703
8302
7609
5518
7006
2582
5256
5158
2896
3299
1456
7367
8986
9276
2339
9154
2140
7100
9586
1381
4604
5317
4256
6065
5571
9576
8234
9137
2726
5273
9771
8312
1464
814
6250
4010
9630
4505
8535
8062
2723
5575
1703
8578
1692
1095
6972
2960
767
2703
5352
6976
7712
8267
6563
7869
2444
5016
5451
1116
9786
4513
9004
9418
2110
2439
4945
1238
4448
8662
537
1471
2268
5621
4461
1391
1115
6510
7440
6168
8306
2351
6632
5406
346
8544
253
981
6256
1511
5584
9500
2173
6456
6382
3483
9561
2144
2212
6441
7468
132
9125
2129
565
4534
8026
181
2318
6824
1866
9219
559
1300
9690
4375
2050
1867
6358
3266
3303
5596
8288
3514
5945
2199
2344
3986
8801
3171
3758
5787
5610
5277
5732
7322
3940
5986
3415
3484
4045
5694
1935
8632
1692
774
3509
1284
2656
9075
7781
1435
8249
7008
1476
9309
837
5191
900
7719
414
1958
149
7908
2242
9415
4734
2116
7091
4080
972
2301
9791
6361
7818
1471
5939
7964
9170
7692
7372
3362
4835
9976
3054
9755
9620
9965
8569
9533
4535
2018
2280
1986
4673
7293
2716
1915
7914
7654
4777
4426
3760
4559
6734
8254
481
8113
3131
4336
472
9320
6158
8574
5239
8385
815
3813
2679
5491
1773
8916
2076
7532
3415
5471
1644
6429
4368
7265
6160
5625
2893
6902
4172
2346
8497
2088
2140
6709
5931
2856
2240
7118
5422
8143
4122
543
9154
3430
4405
53
7833
2147
2520
988
132
596
4699
6429
5446
3377
3306
1028
9097
4589
7319
7446
3456
4765
1348
4259
9837
2461
5858
3433
6325
623
8484
8105
4064
6053
2343
3054
581
3153
6742
1354
9877
4283
4665
3635
6182
4979
7821
2175
4948
4839
4874
5804
3667
7
6833
5539
3176
8055
5429
302
8169
9685
2732
503
7138
3403
9525
5283
5833
983
1324
9215
4628
490
7227
8553
8793
1918
7284
5155
9302
972
9533
5827
402
2188
9194
1406
9876
4349
7153
3927
5011
6888
8682
3250
30
5936
6
1694
3085
2573
6418
2930
7495
6378
8028
3079
3637
1931
4981
2135
6615
3347
6711
7316
6918
8037
9208
7723
6697
9257
4416
2971
7356
3377
2791
5169
7230
5612
7171
9702
1049
4443
7889
4171
6120
611
2034
4339
4132
5106
3304
8595
1407
2757
6688
9765
149
3865
9522
1971
463
2193
5463
4722
7690
8184
8923
5628
6056
359
1587
3651
7654
1001
3473
7923
2045
589
6933
855
9068
9419
2054
7791
2102
4267
6929
2368
6248
6642
2961
3869
9134
5774
8497
4469
2183
5461
2814
4540
4966
9609
8687
4814
2810
6238
2777
9713
1344
5215
9742
6379
1991
2430
1207
9060
3348
4442
4226
5709
3352
1222
6989
4753
5199
5192
1043
6123
8985
1711
3142
5128
4175
1529
3855
8622
7342
7571
1122
5613
8456
4898
2965
517
2892
9586
2610
9513
2002
5821
6394
2835
6043
6511
3709
3735
9512
3303
584
3292
2698
8560
7694
6696
7802
8560
9034
203
6827
9233
163
7776
652
3246
129
879
978
1456
2751
2342
3910
9675
6738
954
5355
4834
9865
7704
2994
2
2230
2048
4369
2750
1660
6325
4497
6342
9960
1614
3287
3341
4501
8897
5270
907
1323
3696
7443
961
8296
4052
3289
4315
2354
9738
1534
874
2379
5163
7702
3923
2741
4320
9798
8914
408
1638
4043
4787
2323
1838
5196
7138
607
2216
781
1729
9354
433
7158
8906
5011
1690
2724
8486
4129
4715
4046
1662
2808
9624
218
6896
6510
35
5697
1268
1179
9107
6288
9774
6672
6787
3009
2983
2362
4285
185
6600
823
8409
1443
8454
4376
7312
2093
7972
1207
2182
4337
2117
4587
7912
8264
7794
7881
514
762
1915
8621
212
1144
1457
6282
2070
3629
5587
8286
4969
7618
6839
8889
5712
6370
7884
6976
127
1342
1757
989
4291
4769
2280
4089
2930
1318
4224
4989
4004
8441
2545
2021
5282
9659
3186
2679
4686
3178
4783
1538
7443
1744
807
9433
9054
1691
595
802
6046
7085
5865
4667
8424
2453
1776
4029
5358
8302
9764
2531
3985
7558
1036
8076
9652
177
5354
6719
4099
4223
8291
991
2660
5132
2832
4895
2076
9142
2340
1255
5365
4932
9519
7224
3359
949
882
5597
9189
7127
2260
7922
9793
4457
6549
8121
7507
3875
4321
4747
6701
8548
6183
6316
4883
4876
8746
8738
881
4139
9527
2839
621
4394
6216
1901
335
265
2233
3553
1726
9608
2762
5139
3229
1930
1668
901
805
295
7951
4131
3045
9921
882
2898
4456
6441
5884
7147
2966
6851
8148
8537
8733
2279
5420
7425
4753
2393
812
5602
3585
2091
2124
6414
3020
1985
8560
9800
4820
1814
7307
3262
3378
5790
2702
760
2267
8123
7552
1169
8290
1124
6546
7670
3325
994
8099
1853
8940
3005
9490
4088
3159
4823
8866
2234
359
311
51
5609
8136
873
494
7092
4877
5587
4305
7335
9749
8283
5788
9037
8205
23
3723
6965
2406
3013
6725
4264
2152
2525
3492
8762
4918
9812
1318
2415
2292
114
5779
993
2647
2742
7120
3295
8877
2424
9012
9159
8877
3647
6905
8310
9295
5829
3797
559
4526
4711
9737
6459
3341
2289
8698
1249
3881
202
1006
2263
1101
2748
8809
4327
8027
8295
4457
3332
9178
4165
4191
5711
7707
1009
5951
4805
6769
36
7705
9996
3247
1457
7081
6798
5620
1154
5036
3348
8373
1969
3732
5335
3226
7083
9021
7555
7260
4002
5121
2462

